REGIAO:;CO
UF:;GO
ESTACAO:;PARAUNA
CODIGO (WMO):;A027
LATITUDE:;-16,962536
LONGITUDE:;-50,42545
ALTITUDE:;678,74
DATA DE FUNDACAO:;29/03/08
Data;Hora UTC;PRECIPITAÇÃO TOTAL, HORÁRIO (mm);PRESSAO ATMOSFERICA AO NIVEL DA ESTACAO, HORARIA (mB);PRESSÃO ATMOSFERICA MAX.NA HORA ANT. (AUT) (mB);PRESSÃO ATMOSFERICA MIN. NA HORA ANT. (AUT) (mB);RADIACAO GLOBAL (Kj/m²);TEMPERATURA DO AR - BULBO SECO, HORARIA (°C);TEMPERATURA DO PONTO DE ORVALHO (°C);TEMPERATURA MÁXIMA NA HORA ANT. (AUT) (°C);TEMPERATURA MÍNIMA NA HORA ANT. (AUT) (°C);TEMPERATURA ORVALHO MAX. NA HORA ANT. (AUT) (°C);TEMPERATURA ORVALHO MIN. NA HORA ANT. (AUT) (°C);UMIDADE REL. MAX. NA HORA ANT. (AUT) (%);UMIDADE REL. MIN. NA HORA ANT. (AUT) (%);UMIDADE RELATIVA DO AR, HORARIA (%);VENTO, DIREÇÃO HORARIA (gr) (° (gr));VENTO, RAJADA MAXIMA (m/s);VENTO, VELOCIDADE HORARIA (m/s);
2021/01/01;0000 UTC;0;938;938;937,5;;25,2;19,5;25,8;24,3;19,9;18,1;75;63;71;274;1,9;,6;
2021/01/01;0100 UTC;0;938,4;938,5;938;;24,5;17,1;25,8;24,5;19,3;16,7;71;59;64;231;3,1;,9;
2021/01/01;0200 UTC;0;938,3;938,4;938,2;;23,3;17,4;24,5;23,3;17,4;16,5;69;62;69;144;5,2;,7;
2021/01/01;0300 UTC;0;938,3;938,4;938,2;;22,2;16,9;23,3;22,2;17,6;16,9;72;69;72;226;4,7;1,1;
2021/01/01;0400 UTC;0;937,6;938,3;937,6;;21,7;17,2;22,2;21,6;17,2;16,9;76;72;75;142;3,8;,4;
2021/01/01;0500 UTC;0;937;937,6;937;;21,2;16,9;21,7;21,1;17,3;16,8;77;75;77;124;3,3;1,1;
2021/01/01;0600 UTC;0;936,7;937;936,7;;20;17,3;21,2;20;17,3;16,8;85;76;85;46;3,3;0;
2021/01/01;0700 UTC;0;937;937;936,7;;19,6;17,4;20;19,6;17,6;17,3;87;85;87;117;0;0;
2021/01/01;0800 UTC;0;937,7;937,7;937;;19,3;17,5;19,7;19,3;17,6;17,4;89;87;89;118;1,6;0;
2021/01/01;0900 UTC;0;938,7;938,7;937,7;76,1;20,2;17,7;20,2;19,2;17,8;17,4;90;86;86;280;0;0;
2021/01/01;1000 UTC;0;939,2;939,2;938,7;373,1;21,5;17,3;21,6;20,3;18,4;17,2;85;77;77;159;1,5;,2;
2021/01/01;1100 UTC;0;939,5;939,5;939,2;623,8;23,2;16,6;23,2;21,5;17,5;16,4;77;65;67;109;2,2;,5;
2021/01/01;1200 UTC;0;939,9;939,9;939,5;1220,4;24,4;17,2;24,4;23;17,9;16,4;69;64;64;141;3,6;1,2;
2021/01/01;1300 UTC;0;939,4;939,9;939,4;1785,7;25,6;17,3;25,8;24,2;18;16,7;68;59;60;138;3,6;1,4;
2021/01/01;1400 UTC;0;939,2;939,4;939,1;2881,6;27,5;18,2;27,5;25,4;18,7;16,8;62;55;57;106;4;1,8;
2021/01/01;1500 UTC;0;938,9;939,2;938,9;3483,7;29,2;19;29,2;27,3;19,8;17,8;59;54;54;149;4,5;1,1;
2021/01/01;1600 UTC;0;937,9;938,9;937,9;3382;29,7;19,2;29,8;28,4;19,7;18,3;57;51;53;128;5,2;2,4;
2021/01/01;1700 UTC;0;936,4;937,8;936,4;3216,1;31,1;19,1;31,2;29,6;19,9;18,1;54;48;49;86;5,6;1,9;
2021/01/01;1800 UTC;0;935,1;936,4;935,1;3041,6;32;16,6;32,1;30,4;19,6;15,9;51;38;40;233;4,6;1,5;
2021/01/01;1900 UTC;0;935,1;935,2;935;2276;31,9;16,7;32,2;31,3;18;15,7;45;38;40;210;4,2;1,2;
2021/01/01;2000 UTC;0;935;935,1;934,8;1434,7;31,2;17,4;32,2;30,9;18;16,5;45;40;44;171;5,1;,7;
2021/01/01;2100 UTC;0;935,8;935,9;935;540,6;28,9;19,8;31,2;28,9;19,8;17,6;58;44;58;128;4,2;1,5;
2021/01/01;2200 UTC;0;937;937,1;935,8;10,4;26,4;19,1;28,9;26,4;20,1;18,7;64;58;64;92;6,8;2,8;
2021/01/01;2300 UTC;0;937,8;937,9;937;;23,3;17,6;26,4;23,3;19,3;17,6;70;64;70;86;8,6;4;
2021/01/02;0000 UTC;0;938,4;938,5;937,8;;22,3;18,2;23,3;22,3;18,4;17,5;78;70;78;83;7,8;1,6;
2021/01/02;0100 UTC;1,2;939;939,1;938,4;;21,2;19,1;22,3;21,1;19,3;18,1;88;78;87;262;5,7;,3;
2021/01/02;0200 UTC;,4;938;939;938;;21,3;19,2;21,4;21;19,4;19;89;87;88;269;1,6;,1;
2021/01/02;0300 UTC;0;937,5;938;937,5;;21,4;19,4;21,5;21,3;19,9;19,2;90;88;88;283;3,5;1,4;
2021/01/02;0400 UTC;0;936,9;937,5;936,8;;21,4;19;21,5;21,3;19,5;18,8;89;86;87;300;3,5;,6;
2021/01/02;0500 UTC;0;936,4;937;936,4;;21,4;19;21,7;21,4;19,3;18,8;87;84;86;293;3,3;,6;
2021/01/02;0600 UTC;0;936,1;936,4;936;;21,5;19;21,6;21,2;19,5;19;89;85;86;256;1,8;,3;
2021/01/02;0700 UTC;0;935,8;936,1;935,8;;21,2;19;21,5;21,2;19,6;19;89;86;87;224;1,3;0;
2021/01/02;0800 UTC;0;936;936;935,7;;21,3;18,9;21,5;21,2;19;18,5;87;83;86;168;1,6;,2;
2021/01/02;0900 UTC;0;936,2;936,2;936;51,6;21,2;19,1;21,3;21,1;19,4;18,7;89;86;88;32;1,4;0;
2021/01/02;1000 UTC;0;936,4;936,4;936,2;221,5;21,9;19,4;21,9;21,1;19,4;18,9;88;85;86;39;1,4;,1;
2021/01/02;1100 UTC;0;936,9;936,9;936,4;547,3;23;19,6;23;21,7;19,6;18,7;86;80;81;107;2;1;
2021/01/02;1200 UTC;0;936,9;937;936,9;1514,9;25,2;19,3;25,2;22,8;19,7;18,7;82;68;70;92;2,3;,5;
2021/01/02;1300 UTC;0;936,9;937;936,9;2821,2;27,6;18,8;27,8;25,2;20,1;18;70;56;59;85;3,9;1;
2021/01/02;1400 UTC;0;936,6;936,9;936,6;3200;28,3;19;29,1;27,6;20,4;18,3;61;54;57;101;4,1;1,5;
2021/01/02;1500 UTC;0;936,2;936,6;936,2;3479,5;31;18,7;31;28,3;19,4;16,6;57;44;48;103;4,4;2,2;
2021/01/02;1600 UTC;0;935,3;936,2;935,3;3611,2;31,1;19,1;31,7;30,3;20,2;17,8;53;47;49;127;6,5;3,1;
2021/01/02;1700 UTC;0;934,1;935,3;934,1;3981,1;31,8;17,8;32,1;30,7;19,4;16,9;50;42;43;91;6,5;2,6;
2021/01/02;1800 UTC;0;933,3;934,5;933,2;1006,9;28,3;17,7;32;27,1;18,2;15,8;55;43;53;346;7,9;,3;
2021/01/02;1900 UTC;0;932,9;933,6;932,8;2221;30,1;18,7;30,9;28,3;19,9;16,1;53;44;50;225;4,7;,2;
2021/01/02;2000 UTC;0;932,7;933,2;932,7;1206,2;27,5;19,4;30,1;27,5;19,4;17,7;61;49;61;297;6,7;1,5;
2021/01/02;2100 UTC;0;932,9;932,9;932,2;135,3;26,4;18,9;27,5;26,4;19,3;18,3;63;60;63;239;3,4;,9;
2021/01/02;2200 UTC;0;933,4;933,4;932,9;6,7;24,7;17,8;26,4;24,7;19,4;17,6;66;63;66;222;4,4;0;
2021/01/02;2300 UTC;0;934,4;934,4;933,3;;23;18,1;24,7;23;18,4;17,7;74;65;74;123;5;1,3;
2021/01/03;0000 UTC;0;934,8;934,8;934,4;;22,8;18;23;22,7;18,4;18;77;74;75;120;4,3;,9;
2021/01/03;0100 UTC;0;934,8;935;934,6;;22,3;18,6;22,8;22,2;18,6;18;80;74;79;291;2,5;0;
2021/01/03;0200 UTC;0;934,3;934,8;934,3;;22,6;18,5;22,6;22,1;18,7;18,4;81;78;78;256;1,6;0;
2021/01/03;0300 UTC;0;933,7;934,3;933,7;;22;18,7;22,7;21,8;18,7;18,4;82;77;81;269;1,7;,2;
2021/01/03;0400 UTC;0;933;933,7;933;;21,6;18,4;22,1;21,6;18,7;18,3;82;80;82;318;1,7;0;
2021/01/03;0500 UTC;0;933;933,1;932,9;;21,7;18,1;22;21,6;18,4;18,1;82;79;80;193;1,6;0;
2021/01/03;0600 UTC;0;933,1;933,2;932,8;;21,5;18,3;21,7;21,2;18,6;18,2;84;80;82;255;1,9;0;
2021/01/03;0700 UTC;0;933,2;933,3;933,1;;21,2;17,9;21,6;21,2;18,6;17,8;84;80;81;337;2,1;0;
2021/01/03;0800 UTC;0;933,4;933,4;933,2;;20,6;18,1;21,2;20,5;18,3;17,9;86;81;86;278;2,2;1;
2021/01/03;0900 UTC;0;933,7;933,7;933,4;96,1;22;18;22;20,4;18,2;18;86;78;78;292;2,2;,4;
2021/01/03;1000 UTC;0;934,2;934,2;933,7;698,8;25,1;18,4;25,3;22;18,9;17,8;78;66;66;316;2,5;,2;
2021/01/03;1100 UTC;0;934,5;934,5;934,2;1574,3;27,6;17,4;27,6;25,1;18,9;17;67;53;54;271;2,7;1,3;
2021/01/03;1200 UTC;0;934,8;934,8;934,5;2405,6;29,1;17,8;29,1;27,4;18,9;16,7;58;48;51;295;2,7;,7;
2021/01/03;1300 UTC;0;934,8;934,8;934,7;3065,9;30,2;18,2;30,6;28,7;18,7;17,2;53;47;49;246;3,6;1,1;
2021/01/03;1400 UTC;0;934,4;934,8;934,4;2591,3;30,3;17,6;31,4;29,7;20;16,9;54;43;47;238;4,6;1,7;
2021/01/03;1500 UTC;0;933,9;934,4;933,9;1608,3;29,5;18,9;31,8;29,5;18,9;16,6;53;42;53;303;5,7;2,2;
2021/01/03;1600 UTC;18;934,7;935,9;933,4;389,1;18,5;16,8;29,5;18,5;21,4;15,9;90;53;90;213;16;5,8;
2021/01/03;1700 UTC;4;933,3;934,7;933,3;489,6;22,1;20,2;22,1;18,3;20,4;16,7;93;89;89;250;16;2;
2021/01/03;1800 UTC;0;932;933,3;932;444,1;24,3;20,9;24,3;22,1;21,3;20,1;89;81;81;284;3,9;,7;
2021/01/03;1900 UTC;0;931;932;930,9;2286,2;29,1;20,5;29,4;24,3;22,7;20;83;58;60;268;4,7;2,2;
2021/01/03;2000 UTC;0;930,9;931,2;930,8;1403,2;29,4;20,1;30;29,1;21,4;19,6;62;55;58;268;5;,5;
2021/01/03;2100 UTC;0;931,8;931,8;930,8;311,3;27,1;22,6;29,4;27,1;22,6;19,9;77;56;77;86;2,1;,6;
2021/01/03;2200 UTC;0;932,3;932,3;931,8;25;25,1;21,6;27;25,1;22,9;21,6;81;76;81;130;2,5;,4;
2021/01/03;2300 UTC;0;932,9;932,9;932,2;;24,8;21,4;25,5;24,7;21,8;21,3;83;79;81;3;2;0;
2021/01/04;0000 UTC;0;933,5;933,5;932,8;;24,4;20,6;25;24,4;21,7;20,6;83;79;79;282;1,7;,3;
2021/01/04;0100 UTC;0;934,1;934,1;933,5;;24;19,6;24,3;23,7;20,6;19,4;80;76;77;262;2,8;,4;
2021/01/04;0200 UTC;0;933,7;934,3;933,7;;23,9;19,3;24,3;23,7;19,9;18,8;78;72;75;302;5,2;1,6;
2021/01/04;0300 UTC;0;933,4;933,9;933,3;;23,7;19,4;23,9;23,6;19,4;19,1;77;75;77;302;5;1,2;
2021/01/04;0400 UTC;0;932,9;933,5;932,9;;22,5;19,5;23,7;22,5;19,6;19,2;83;76;83;276;4;0;
2021/01/04;0500 UTC;0;933,1;933,2;932,8;;21,7;19,7;22,5;21,5;19,8;19,5;89;83;89;351;1,7;0;
2021/01/04;0600 UTC;0;933,1;933,1;933;;22,1;19;22,6;21,7;19,8;19;89;82;82;343;8,6;4,8;
2021/01/04;0700 UTC;0;933,4;933,5;933,1;;21,1;18,9;22,1;21,1;19;18,7;87;82;87;344;13,9;6,5;
2021/01/04;0800 UTC;,6;934;934,1;933,4;;20,5;18,5;21,2;20,5;18,8;18,3;89;85;88;343;14,3;6,4;
2021/01/04;0900 UTC;0;935,3;935,3;933,8;32,9;20,4;17,6;20,6;20,3;18,5;17,5;88;83;84;343;13,8;6,3;
2021/01/04;1000 UTC;0;935,7;935,7;935,3;286,9;20,4;17,5;20,6;20,3;17,6;17,3;85;82;83;347;13,3;5,9;
2021/01/04;1100 UTC;0;937,4;937,4;935,7;398,3;20,7;17,5;21;20,4;17,8;17,4;84;80;82;133;12,9;2,5;
2021/01/04;1200 UTC;0;938,1;938,1;937,4;477,5;21,8;18,1;21,8;20,6;18,3;17,4;84;79;79;104;6,7;1,1;
2021/01/04;1300 UTC;0;938,2;938,4;938,1;1001;22,6;18;22,7;21,8;18,8;17,6;80;75;75;85;3,8;1,5;
2021/01/04;1400 UTC;0;938,1;938,3;938,1;1580,4;23,8;18,4;23,8;22,7;19,1;17,9;77;71;72;6;3,9;1,6;
2021/01/04;1500 UTC;0;937,9;938,2;937,9;1222,8;24;16,7;24,1;23,6;18,6;16,3;72;63;64;335;7,9;3,6;
2021/01/04;1600 UTC;0;937,3;937,9;937,3;1527,6;24;16,5;24,4;23,6;17,5;16,2;66;62;63;327;7,6;2,4;
2021/01/04;1700 UTC;0;936,3;937,3;936,3;1675,3;24,3;17,4;24,6;23,9;17,5;16,2;66;61;65;329;6,8;2,7;
2021/01/04;1800 UTC;0;935,4;936,3;935,3;1208,7;24,3;17,3;24,9;24,1;17,8;16,8;66;63;65;304;5,6;1,6;
2021/01/04;1900 UTC;0;935,5;935,5;935,2;879,4;24,4;17,7;24,7;24,2;17,8;17;67;64;66;305;5,2;1,5;
2021/01/04;2000 UTC;0;935,7;935,7;935,5;391,3;23,9;17,1;24,5;23,8;17,8;16,7;68;64;66;329;4,7;1,3;
2021/01/04;2100 UTC;0;936;936;935,7;277,6;22,5;17,9;24;22,5;18,3;17;75;65;75;349;4,3;1,9;
2021/01/04;2200 UTC;0;936,3;936,4;936;23,8;21,5;17,2;22,5;21,5;17,9;17,1;77;75;76;349;4,2;1;
2021/01/04;2300 UTC;0;936,6;936,6;936,3;;20,8;17,1;21,6;20,8;17,3;16,7;79;74;79;275;3,9;0;
2021/01/05;0000 UTC;0;937;937;936,6;;20,5;17,3;21,1;20,5;17,7;16,9;82;79;82;312;1,7;,3;
2021/01/05;0100 UTC;0;937,3;937,4;937;;20,4;17,6;20,5;20,1;17,6;17,2;84;81;84;277;2,3;,6;
2021/01/05;0200 UTC;0;937,6;937,6;937,3;;20,8;17,9;20,8;20,4;17,9;17,5;85;83;84;309;2;,3;
2021/01/05;0300 UTC;0;937,3;937,6;937,2;;21,1;18;21,2;20,8;18,1;17,8;84;81;83;323;1,5;0;
2021/01/05;0400 UTC;0;936,8;937,3;936,8;;20,6;17,8;21,1;20,5;18,1;17,6;85;82;84;170;1,4;0;
2021/01/05;0500 UTC;0;936,5;936,8;936,4;;20,3;17,6;20,9;20,3;18;17,3;85;81;85;154;0;0;
2021/01/05;0600 UTC;0;936,5;936,6;936,4;;20;17,7;20,3;20;18;17,6;88;84;86;296;,9;0;
2021/01/05;0700 UTC;0;936,8;936,8;936,5;;20,3;17,3;20,3;20;17,6;17;86;82;83;264;0;0;
2021/01/05;0800 UTC;0;937,1;937,1;936,8;;20,9;17,4;21;20,3;17,7;17,2;83;80;80;247;1,5;0;
2021/01/05;0900 UTC;0;937,6;937,6;937,1;25,2;20,5;18,4;20,9;20,3;18,4;17,3;88;80;88;250;0;0;
2021/01/05;1000 UTC;0;937,8;937,8;937,6;315,1;22,3;17,9;22,4;20,5;18,6;17,9;88;76;76;287;1,9;0;
2021/01/05;1100 UTC;0;937,9;937,9;937,8;1111,9;24;18,8;24,1;22,2;18,9;17,8;77;70;73;90;2,6;1,1;
2021/01/05;1200 UTC;0;938,1;938,1;937,9;2157,4;25,8;18,5;26,2;24;19,3;18,3;73;63;64;77;4,1;1,7;
2021/01/05;1300 UTC;0;938,2;938,2;938;2364,5;27;19;27,7;25,8;19,7;18;66;57;62;13;4,1;1,3;
2021/01/05;1400 UTC;0;937,7;938,2;937,7;3148,9;28,3;19,2;28,9;27;20,5;18,1;64;55;58;30;4,6;2;
2021/01/05;1500 UTC;0;936,9;937,7;936,9;3650,5;30,1;19,2;30,1;28,2;19,6;17;59;49;52;339;4,9;1,8;
2021/01/05;1600 UTC;0;936,1;936,9;936,1;3656,8;30,7;19,2;30,7;29,2;19,5;17,3;54;47;50;353;5,1;1,4;
2021/01/05;1700 UTC;0;935,4;936,1;935,4;3060,5;30,8;18,3;31;30;19,2;17,2;51;45;47;3;4,9;1,5;
2021/01/05;1800 UTC;0;934,6;935,4;934,6;2730,6;31,2;17,6;31,6;30;19,1;16,6;50;41;44;36;4,7;1,9;
2021/01/05;1900 UTC;0;933,7;934,6;933,7;2319,1;31,1;17,3;31,6;30,9;18,3;16,3;46;41;44;58;4,7;1,5;
2021/01/05;2000 UTC;0;933,9;933,9;933,6;1468,3;30,4;17,5;31,4;30,4;18,2;16,9;47;42;46;37;4,1;1;
2021/01/05;2100 UTC;0;934,2;934,2;933,9;263,9;27,9;19,1;30,6;27,9;19,3;17,6;59;46;59;57;4,2;1;
2021/01/05;2200 UTC;0;934,9;935;934,2;1,4;26,6;18,5;28,2;26,6;19,3;18;61;55;61;247;4,7;1,3;
2021/01/05;2300 UTC;0;935,6;935,6;934,9;;25,2;18,2;26,7;25,1;18,4;18;66;60;65;275;4,6;,8;
2021/01/06;0000 UTC;0;936,1;936,2;935,6;;24,6;18,3;25,1;24,5;18,5;18;69;65;68;269;2,4;,7;
2021/01/06;0100 UTC;0;936,6;936,6;936,1;;24,1;18,3;24,7;24;18,5;18,2;71;68;70;273;2,7;1,3;
2021/01/06;0200 UTC;0;937;937;936,6;;23,7;18,2;24,1;23,5;18,4;18,2;73;70;71;257;2,5;,4;
2021/01/06;0300 UTC;0;936,7;937;936,6;;22,9;18,8;23,7;22,7;18,9;18,1;79;71;78;275;2;,8;
2021/01/06;0400 UTC;0;936;936,7;936;;22,9;18,5;23,1;22,8;19,1;18,5;79;76;76;265;2,2;,9;
2021/01/06;0500 UTC;0;935,6;936;935,5;;23,2;18,4;23,2;22,5;18,8;18,3;79;74;74;267;2;,9;
2021/01/06;0600 UTC;0;935,6;935,7;935,5;;22,6;18,4;23,2;22,6;18,6;18,3;78;74;77;252;1,8;,8;
2021/01/06;0700 UTC;0;936;936;935,6;;22,6;18,4;22,9;22,5;18,6;18,3;78;76;78;260;1,8;,8;
2021/01/06;0800 UTC;0;936,7;936,7;936;;21,8;18,3;22,6;21,8;18,5;18,1;81;76;81;121;2,7;1;
2021/01/06;0900 UTC;0;937,4;937,4;936,7;76,7;22,7;18,7;22,7;21,1;18,9;18,4;86;78;78;275;2,7;0;
2021/01/06;1000 UTC;0;937,8;937,8;937,4;527,1;24,1;19,2;24,2;22,6;19,5;18,4;79;74;74;302;1,2;0;
2021/01/06;1100 UTC;0;938,2;938,2;937,8;1170;26,1;20,3;26,4;24,1;20,4;19,2;75;67;70;113;2,6;1,5;
2021/01/06;1200 UTC;0;938,6;938,6;938,2;2456;28;19,9;28,7;25,9;21,2;19,2;71;59;61;151;3,6;1,5;
2021/01/06;1300 UTC;0;938,3;938,6;938,2;2819,9;29,1;19,2;29,3;27,9;21,2;19,2;65;55;55;129;4,6;2,2;
2021/01/06;1400 UTC;0;937,9;938,3;937,9;3540,2;30,3;19,4;30,3;29,1;21;18,9;60;52;52;107;5,5;2,5;
2021/01/06;1500 UTC;0;936,9;937,9;936,9;3719;31,3;19,7;31,6;30,1;21;18,6;56;47;50;119;5,9;2;
2021/01/06;1600 UTC;0;936;936,9;936;3778,4;31,7;19,6;32,3;30,7;20,6;18,6;53;45;49;65;6,3;1,8;
2021/01/06;1700 UTC;0;934,8;936;934,8;3434,3;32,5;19,4;33;30,8;20,3;17,5;52;41;46;72;5,1;2,4;
2021/01/06;1800 UTC;0;934;935;933,9;3000,1;33;18,4;33,3;32,3;19,4;17,2;46;40;42;119;5;2,1;
2021/01/06;1900 UTC;0;933,5;934;933,5;1555,8;31,9;19,4;33;31,7;19,8;17,9;48;41;48;122;5,3;2,2;
2021/01/06;2000 UTC;0;933,6;933,8;933,5;698,1;29,8;20,5;32;29,8;20,7;19,3;58;48;57;184;5,3;,7;
2021/01/06;2100 UTC;0;935;935,1;933,6;191,6;27,6;20,9;29,8;27,6;21,5;20,4;67;57;67;135;5,3;2;
2021/01/06;2200 UTC;0;935;935,1;934,7;8,7;26,3;20,7;27,6;26,3;21,2;20,2;71;66;71;40;5,3;0;
2021/01/06;2300 UTC;0;936;936;934,9;;26;20;26,3;25,8;21,1;20;74;70;70;119;2,3;,1;
2021/01/07;0000 UTC;0;936,8;936,8;936;;25,8;19,7;26;25,5;20,5;19,6;74;69;69;100;1,4;0;
2021/01/07;0100 UTC;0;937,2;937,2;936,8;;25,7;19,3;26;25,6;19,9;19,2;71;67;68;82;2;,1;
2021/01/07;0200 UTC;0;936,8;937,2;936,8;;24,8;19,3;25,7;24,8;19,9;19,1;72;68;72;360;1,1;0;
2021/01/07;0300 UTC;0;936,3;936,8;936,3;;24,1;19,6;24,8;24,1;19,7;19,2;76;72;76;5;1,1;0;
2021/01/07;0400 UTC;0;935,5;936,3;935,5;;24,6;18,8;24,7;24;19,8;18,7;77;70;70;228;0;0;
2021/01/07;0500 UTC;0;935,3;935,5;935,3;;24,2;19,2;24,6;24,1;19,3;18,8;74;70;74;178;1,2;0;
2021/01/07;0600 UTC;0;935;935,4;934,9;;23,4;19,9;24,3;23,4;20;19,2;81;74;81;103;1,1;0;
2021/01/07;0700 UTC;0;935,3;935,3;934,9;;23,2;20;23,6;23,2;20,2;19,9;83;81;83;208;1,8;,1;
2021/01/07;0800 UTC;0;936,2;936,2;935,3;;23,2;19,9;23,4;23,1;20,1;19,8;83;81;82;127;2;,4;
2021/01/07;0900 UTC;0;937,5;937,5;936,2;49;23,1;20,3;23,2;22,9;20,3;19,9;85;82;84;97;2;,5;
2021/01/07;1000 UTC;0;938;938;937,5;425,4;23,9;20,6;23,9;23,1;20,6;20,1;84;80;81;183;2,3;,2;
2021/01/07;1100 UTC;0;938,9;938,9;938;647,8;25;20,8;25;23,9;20,9;20,3;81;76;78;234;3,4;,9;
2021/01/07;1200 UTC;9;940,4;941,1;938,9;461,7;18,2;16,7;25,3;18,2;21,1;16,3;91;69;91;266;14,3;5,6;
2021/01/07;1300 UTC;9,6;940,6;940,6;939,7;489,5;19,3;17,2;19,6;18,1;17,4;16,7;92;86;88;313;19;1;
2021/01/07;1400 UTC;,4;939,9;940,7;939,9;126,8;20;17,4;20;19,2;17,9;17,1;89;85;85;284;4,3;1,2;
2021/01/07;1500 UTC;1,2;937,9;939,9;937,9;1130,5;22,9;18,7;22,9;20;18,8;16,3;85;72;77;277;5,8;1,4;
2021/01/07;1600 UTC;0;937,6;938,7;937,6;1286,1;23,2;17,8;23,5;22,9;18,6;16,4;77;66;72;333;4,4;,6;
2021/01/07;1700 UTC;0;936,8;937,6;936,8;689,1;23,5;18,8;23,5;23,1;18,8;17,7;76;70;75;110;2,2;,9;
2021/01/07;1800 UTC;0;935,8;936,8;935,8;739,2;23,3;18,2;23,9;23,2;18,8;17,5;76;68;73;112;2,2;,3;
2021/01/07;1900 UTC;0;935,6;935,8;935,4;526,2;22,3;19,1;23,3;22,3;19,3;18,4;83;74;82;114;4,3;1,5;
2021/01/07;2000 UTC;0;936;936,1;935,5;330,9;22,2;19,1;22,3;22,1;19,1;18,4;83;79;83;229;3,1;0;
2021/01/07;2100 UTC;0;936,1;936,2;935,7;152,1;22;19,2;22,4;21,9;19,5;19;84;82;84;106;2,6;1,7;
2021/01/07;2200 UTC;0;936,8;936,8;936;10,2;20,9;18,6;22;20,8;19,4;18,5;88;84;87;133;2,6;,3;
2021/01/07;2300 UTC;0;936,9;937;936,8;;20,7;18,9;20,9;20,5;18,9;18,4;89;87;89;210;1,7;0;
2021/01/08;0000 UTC;0;938,1;938,1;936,9;;20,5;18,5;20,7;20,5;18,9;18,5;89;88;89;230;1,1;0;
2021/01/08;0100 UTC;0;938,8;938,8;938,2;;20,4;18,6;20,6;20,3;18,7;18,5;90;88;90;163;1,3;0;
2021/01/08;0200 UTC;0;938,7;939;938,7;;20,3;18,3;20,4;20;18,7;18,3;91;88;88;139;1,6;,3;
2021/01/08;0300 UTC;0;937,9;938,7;937,9;;19,5;18,1;20,3;19,5;18,3;18;91;88;91;184;1,4;0;
2021/01/08;0400 UTC;0;937;937,9;937;;19,5;18,2;19,6;19,4;18,3;18,1;93;91;93;186;1,1;0;
2021/01/08;0500 UTC;0;936,4;937;936,4;;19,3;18,1;19,5;19,2;18,3;18;93;92;93;282;,7;0;
2021/01/08;0600 UTC;0;936;936,4;936;;19;17,8;19,3;19;18,1;17,8;93;93;93;263;,5;0;
2021/01/08;0700 UTC;0;936,3;936,3;935,9;;19,1;17,8;19,1;18,8;17,9;17,6;93;92;92;109;,9;0;
2021/01/08;0800 UTC;0;936,9;936,9;936,3;;19,2;17,8;19,2;19;17,8;17,6;92;92;92;97;1,1;,1;
2021/01/08;0900 UTC;0;937,2;937,2;936,9;58,4;19,8;18,7;19,8;18,9;18,7;17,5;93;92;93;345;,9;0;
2021/01/08;1000 UTC;0;937,5;937,5;937,2;657,6;22,5;18,8;22,5;19,6;19,4;18,1;93;79;79;176;1,7;,2;
2021/01/08;1100 UTC;0;937,9;937,9;937,5;1543,7;23,4;18,7;23,5;22,2;19,4;18,4;81;74;75;112;4,3;2,3;
2021/01/08;1200 UTC;0;938,2;938,3;937,8;2400,2;25,2;19,6;25,4;23,4;19,8;18,4;76;67;71;107;4,3;1,3;
2021/01/08;1300 UTC;0;938;938,3;938;3074,8;26,7;20,1;26,7;24,9;20,2;18,3;71;64;67;105;4,4;1,8;
2021/01/08;1400 UTC;0;937,7;938,1;937,7;3552,9;28,1;19,9;28,6;26,6;20,8;19,2;67;59;61;101;4,4;1,9;
2021/01/08;1500 UTC;0;937,1;937,7;937,1;3786;29,2;18,8;29,6;27,9;20,6;18,8;62;53;53;128;5,4;1,9;
2021/01/08;1600 UTC;0;936,5;937,1;936,5;3766,9;30,4;19,4;30,6;29,2;20,6;18,7;56;51;52;165;4,9;1,7;
2021/01/08;1700 UTC;0;935,6;936,5;935,6;3525,3;30,7;19,9;31,4;29,9;21;19,1;57;51;53;115;4,9;1,6;
2021/01/08;1800 UTC;0;934,5;935,6;934,5;2877,4;31,2;19,4;31,4;30,2;20,6;19;55;49;50;130;4,6;1,9;
2021/01/08;1900 UTC;0;933,9;934,5;933,9;2326,5;30,9;19,3;31,5;30,6;20;18;51;45;50;137;4,9;1,8;
2021/01/08;2000 UTC;0;933,9;933,9;933,8;1438,9;30;19,1;31,5;30;19,6;18,2;53;47;52;142;4,5;1,4;
2021/01/08;2100 UTC;0;934,1;934,1;933,8;574,1;28,9;19,1;30,1;28,9;19,5;18,8;56;52;55;135;4,6;,7;
2021/01/08;2200 UTC;0;934,8;934,8;934,1;6,7;27,4;19,7;28,9;27,4;20,1;19;63;55;63;221;1,9;0;
2021/01/08;2300 UTC;0;935,4;935,4;934,8;;26;19,7;27,3;26;20,5;19,6;70;63;68;241;4,5;1,9;
2021/01/09;0000 UTC;0;936,3;936,3;935,4;;25,1;19,1;26;25,1;19,9;18,9;71;68;69;237;4,8;,4;
2021/01/09;0100 UTC;0;936,8;936,8;936,3;;24,9;18,7;25,2;24,9;19,1;18,6;69;67;68;247;2,9;1,6;
2021/01/09;0200 UTC;0;936,9;937;936,8;;24,7;18,8;24,9;24,5;18,9;18,5;70;68;70;243;3,1;,4;
2021/01/09;0300 UTC;0;936,4;937;936,4;;24,8;18,9;24,8;24,7;19,1;18,6;71;69;70;228;2,2;0;
2021/01/09;0400 UTC;0;935,5;936,4;935,5;;24,3;19,4;24,9;24;19,4;18,7;74;69;74;172;3;0;
2021/01/09;0500 UTC;0;935,2;935,5;935,1;;23,9;19,6;24,3;23,6;19,7;19,3;78;74;77;235;1;0;
2021/01/09;0600 UTC;0;935,4;935,5;935,2;;22,7;18,9;24,1;22,6;19,7;18,6;80;73;79;224;3,6;1;
2021/01/09;0700 UTC;0;935,3;935,4;935,2;;22;18,4;22,7;22;18,9;18,3;80;78;80;129;3,7;1,5;
2021/01/09;0800 UTC;0;935,8;935,8;935,2;;21,3;18,3;22,1;21,3;18,5;18,2;83;79;83;120;3,8;1;
2021/01/09;0900 UTC;0;936;936,1;935,8;34,5;21,7;18,2;21,7;21;18,6;18,2;85;81;81;255;2,6;,1;
2021/01/09;1000 UTC;0;936,3;936,4;936;473,9;22,8;18,8;22,8;21,7;19,2;18;82;77;78;74;1,9;,2;
2021/01/09;1100 UTC;0;936,4;936,4;936,3;1228,1;25,3;18,7;25,4;22,8;19,4;18,1;79;65;67;116;2;,8;
2021/01/09;1200 UTC;0;936,5;936,8;936,4;2565,9;27,6;19,9;27,6;25;19,9;18,4;70;62;63;141;4,6;1,7;
2021/01/09;1300 UTC;0;936,2;936,6;936;2674,1;28,1;19,1;28,5;27,2;20,2;18,9;65;57;58;124;6,4;2,7;
2021/01/09;1400 UTC;0;936,1;936,2;936;2941,9;29,3;20,2;29,6;28,1;21,2;19,2;63;57;58;135;6,4;1,9;
2021/01/09;1500 UTC;0;935,5;936,1;935,5;3295,6;30,7;19,1;30,9;29,3;21;18,8;59;50;50;146;5;,9;
2021/01/09;1600 UTC;0;934,7;935,5;934,7;3762,1;30,9;19,1;31,3;30,2;20,8;19,1;56;49;50;125;5,4;2,1;
2021/01/09;1700 UTC;0;933,8;934,7;933,8;3461,4;31,8;19,4;32,2;30,8;19,9;17,9;52;44;48;100;4,7;2,1;
2021/01/09;1800 UTC;0;933;933,8;933;2482,4;31,4;18,9;32,3;31,1;19,5;18;48;43;48;134;4,6;1,1;
2021/01/09;1900 UTC;0;932,2;933;932,2;2131,1;32,2;19,6;32,3;30,8;20,2;18,7;51;46;47;144;4,8;1,2;
2021/01/09;2000 UTC;0;931,7;932,2;931,6;1693;32,1;19,4;32,6;31,9;20,4;18,2;49;43;47;219;5,2;,9;
2021/01/09;2100 UTC;0;933,3;933,3;931,7;512,7;29,8;19,7;32,2;29,8;20,1;19,1;55;47;55;131;4,7;1,4;
2021/01/09;2200 UTC;0;933,8;933,8;933,4;42,7;28,3;21,1;29,8;28,3;21,1;19,7;65;55;65;90;2,8;0;
2021/01/09;2300 UTC;0;934,9;934,9;933,8;;26,9;20,9;28,3;26,9;21,5;20,8;70;64;70;75;3,9;1,2;
2021/01/10;0000 UTC;0;935,7;935,7;934,9;;26,1;19,5;27;26;20,6;19,4;70;65;67;83;4,4;1;
2021/01/10;0100 UTC;0;936,6;936,6;935,7;;25,8;19,4;26,4;25,8;19,5;19,1;68;64;68;86;2,9;,3;
2021/01/10;0200 UTC;0;936,2;936,6;936,2;;25;18,7;25,8;24,9;19,4;18,7;71;67;68;39;2,8;,7;
2021/01/10;0300 UTC;0;935,9;936,2;935,8;;23,3;19,5;25;23,3;19,6;18,6;79;68;79;311;4;1,2;
2021/01/10;0400 UTC;0;935,9;936;935,7;;23,3;19,3;23,3;23,1;19,6;19,3;80;78;78;313;6;2,1;
2021/01/10;0500 UTC;0;935,8;936;935,7;;23,1;19,5;23,4;23,1;19,6;19,3;80;78;80;305;7,6;1,8;
2021/01/10;0600 UTC;0;935,6;935,8;935,5;;22,7;20;23,1;22,7;20;19,5;84;80;84;317;5,6;1,7;
2021/01/10;0700 UTC;0;935,7;935,7;935,5;;22,6;19,8;22,8;22,6;20;19,8;84;84;84;333;5,9;2,4;
2021/01/10;0800 UTC;,8;936,4;936,4;935,7;;22,1;20,2;22,6;21,9;20,3;19,8;90;84;89;265;5,2;1,6;
2021/01/10;0900 UTC;,2;936,8;936,9;936,4;26,2;22;20;22,1;21,8;20,2;20;90;88;88;254;5,4;1,2;
2021/01/10;1000 UTC;0;937;937;936,7;214,1;22,5;20,3;22,5;22;20,4;19,9;89;87;87;288;4,6;1,9;
2021/01/10;1100 UTC;0;937,4;937,5;937;598,1;23,7;20,8;23,7;22,5;20,9;20,2;87;82;84;114;4,6;,4;
2021/01/10;1200 UTC;0;937,3;937,5;937,2;1900,6;26,6;20,2;27;23,7;21,1;19,8;85;67;68;237;3,3;1;
2021/01/10;1300 UTC;0;937,3;937,4;937,2;2441,4;27,8;20,9;28,4;26,6;21,5;19,9;69;62;66;109;3,3;1;
2021/01/10;1400 UTC;0;937;937,4;937;2749;28,8;21,8;29,1;27,4;22,3;20,9;69;65;66;61;5,1;1,8;
2021/01/10;1500 UTC;0;936,6;937,1;936,6;2610,6;28,7;21,3;29,4;28,3;22,3;21,2;69;63;65;8;5,1;1,8;
2021/01/10;1600 UTC;0;935,8;936,6;935,8;3036,5;30,1;21,8;30,6;28,6;22,8;21,2;68;59;61;10;5,9;2,1;
2021/01/10;1700 UTC;0;935,5;935,8;935,4;1746;27,1;19,4;31,2;27,1;23,1;18,8;67;58;63;290;9;2,9;
2021/01/10;1800 UTC;5,2;934,1;935,6;934,1;1058,9;25,7;19,8;27,1;22,6;20,4;18,1;83;63;70;264;9;,3;
2021/01/10;1900 UTC;0;933,6;934,1;933,6;472,6;26,5;21,8;26,6;25,1;21,8;19,6;77;70;75;227;2,8;,1;
2021/01/10;2000 UTC;0;932,7;933,6;932,7;352,1;25,1;20,7;26,5;24,8;21,5;20,4;79;75;76;247;3,1;1,1;
2021/01/10;2100 UTC;0;934;934;932,7;690,1;26,1;19,7;26,9;25,1;20,8;19,6;76;66;68;235;3,6;,4;
2021/01/10;2200 UTC;0;934,4;934,4;934;26,3;24,9;20,6;26,1;24,9;20,7;19,7;77;68;77;299;3;0;
2021/01/10;2300 UTC;0;935,1;935,1;934,4;;25,1;20,7;25,1;24,8;20,8;20,3;78;75;76;254;1,5;,2;
2021/01/11;0000 UTC;0;935,6;935,6;935,1;;24,4;21;25,1;24,4;21,3;20,5;82;76;81;231;1,1;0;
2021/01/11;0100 UTC;0;936,5;936,5;935,6;;24,2;21,2;24,5;24;21,4;20,9;85;81;83;356;1,4;0;
2021/01/11;0200 UTC;0;936,2;936,5;936,2;;24,2;20,8;24,5;24,1;21,2;20,5;83;80;81;276;2,8;,3;
2021/01/11;0300 UTC;11;936,7;936,8;936,2;;22;20,6;24,3;21,9;21;20,2;92;80;92;197;5,9;,9;
2021/01/11;0400 UTC;12,6;936,3;936,7;936,3;;21,5;20,3;22,1;21,3;20,7;20,1;93;92;93;308;3,4;,6;
2021/01/11;0500 UTC;2;935,3;936,3;935,1;;21,5;20,4;21,7;21,3;20,5;20,2;93;93;93;310;2,6;,3;
2021/01/11;0600 UTC;3,2;934,8;935,3;934,7;;21,6;20,4;21,7;21,5;20,6;20,4;93;93;93;331;2,3;,9;
2021/01/11;0700 UTC;0;934,9;935;934,7;;21,5;20,3;21,6;21,5;20,5;20,3;93;93;93;303;3,5;,5;
2021/01/11;0800 UTC;0;935,1;935,1;934,8;;21,5;20,4;21,6;21,5;20,5;20,3;93;93;93;319;2,6;0;
2021/01/11;0900 UTC;0;935,8;935,8;935,1;28,8;21,5;20,3;21,6;21,4;20,5;20,2;93;93;93;322;3,2;,2;
2021/01/11;1000 UTC;0;936,7;936,7;935,7;217,8;22,1;20,6;22,1;21,4;20,8;20,2;93;92;92;304;1,9;,3;
2021/01/11;1100 UTC;0;937,2;937,3;936,7;1180,5;25,5;21,1;25,5;22,1;21,4;20,4;92;76;77;342;3,9;1,9;
2021/01/11;1200 UTC;0;937,5;937,5;937,2;1849,7;25,9;20,1;26,7;25,4;21,4;20,1;77;68;71;350;5,1;2,8;
2021/01/11;1300 UTC;0;937,4;937,6;937,4;1768;26,7;21,1;27,1;25,7;21,9;20,2;76;70;72;298;5,1;1,5;
2021/01/11;1400 UTC;0;937;937,4;937;2189,7;27,9;21,3;28,2;26,6;21,5;20,2;72;64;67;16;4,1;1,3;
2021/01/11;1500 UTC;0;936,2;937;936,2;2114,7;28;20,9;29,3;27,6;22,5;20,2;71;59;65;259;3,2;,6;
2021/01/11;1600 UTC;2,6;935,7;936,2;935,7;823,4;24,7;21,8;28,2;24,5;22;20,6;86;65;84;241;3,6;2;
2021/01/11;1700 UTC;0;934,9;935,7;934,9;3591,5;28,1;21,5;28,7;24,7;23,4;20,9;85;64;68;284;6,2;2,2;
2021/01/11;1800 UTC;0;934,5;934,9;934,5;2069;28,6;20,9;29;27,8;21,9;20,3;69;61;63;294;5;2,1;
2021/01/11;1900 UTC;0;934;934,6;934;946,4;26,3;20,9;28,8;25,8;21,3;19,5;74;61;72;290;7,6;1,8;
2021/01/11;2000 UTC;0;934,8;934,9;933,9;494,1;25,2;20,4;26,5;25,2;21,4;20,2;76;69;75;293;5,7;1,7;
2021/01/11;2100 UTC;0;934,9;935;934,3;121,8;24,4;20,1;25,2;24,3;20,7;20,1;80;75;77;263;4,5;1;
2021/01/11;2200 UTC;,2;935,2;935,3;934,7;11,2;23,4;20,6;24,4;23,4;20,6;20;84;77;84;282;6,6;,8;
2021/01/11;2300 UTC;0;935,8;935,8;935,2;;23,3;20,2;23,5;23,2;20,7;20,2;85;82;83;234;2,6;,7;
2021/01/12;0000 UTC;0;936,1;936,1;935,7;;23,3;19,9;23,8;23,3;20,1;19,7;83;78;81;173;4,5;,1;
2021/01/12;0100 UTC;0;936,5;936,6;936,1;;23;20,2;23,3;22,7;20,4;19,9;86;81;85;238;1,4;,3;
2021/01/12;0200 UTC;0;936,6;936,8;936,5;;22,4;20,4;23;22,3;20,5;20;89;84;88;278;1,9;,2;
2021/01/12;0300 UTC;0;936,5;936,6;936,4;;22,3;20,2;22,5;22,3;20,4;20,2;88;87;88;347;1,9;,9;
2021/01/12;0400 UTC;0;935,9;936,6;935,9;;22;20,2;22,3;22;20,3;20,1;89;87;89;129;1,8;0;
2021/01/12;0500 UTC;0;935,1;935,9;935,1;;21,9;20,2;22;21,8;20,3;20;90;89;90;250;1,2;,3;
2021/01/12;0600 UTC;0;935;935,1;934,9;;21,9;20,1;22;21,7;20,3;20;91;89;89;283;1,8;,3;
2021/01/12;0700 UTC;0;935,3;935,4;934,9;;21,9;20;22;21,8;20,1;19,9;89;88;89;270;2,2;,3;
2021/01/12;0800 UTC;0;935,9;935,9;935,3;;21,7;19,6;21,9;21,7;20,1;19,6;90;88;88;335;2,8;,9;
2021/01/12;0900 UTC;0;936,5;936,5;935,9;29;22,1;20;22,1;21,6;20;19,6;89;88;88;231;2,5;0;
2021/01/12;1000 UTC;0;936,9;937;936,5;333;23,1;20,4;23,1;22,1;20,5;19,9;88;85;85;282;2,7;1,1;
2021/01/12;1100 UTC;0;937,5;937,5;936,8;818,8;24,8;20,5;24,9;23,1;21,6;20,4;85;77;77;1;2,9;,8;
2021/01/12;1200 UTC;0;938,2;938,2;937,5;1639,6;26,5;21,5;26,5;24,5;21,5;20,6;81;71;74;306;3,9;,4;
2021/01/12;1300 UTC;0;938,2;938,4;938,1;2075,2;27,9;20,9;27,9;26,3;21,6;20,3;74;65;66;352;2,5;,6;
2021/01/12;1400 UTC;0;937,8;938,2;937,8;1304,6;26,4;21,6;28,6;26,4;21,9;19,6;75;61;75;92;4,2;2,7;
2021/01/12;1500 UTC;0;937,6;937,9;937,3;869,9;23;19,8;26,4;23;21,6;19,7;83;68;83;325;6,2;2,3;
2021/01/12;1600 UTC;1,4;936,6;937,6;936,6;995,8;23,8;21,1;23,8;22,2;21,5;19,6;89;82;85;299;7,4;1,2;
2021/01/12;1700 UTC;0;935,3;936,6;935,3;399,3;22,8;20,2;23,8;22,7;21,1;19,9;86;82;85;308;4,2;1;
2021/01/12;1800 UTC;,2;934,1;935,3;934,1;463,7;23,4;20,8;23,5;22,8;21;20,2;86;84;85;325;3,5;1;
2021/01/12;1900 UTC;0;934,2;934,2;933,7;1640,9;26,7;21,8;27;23,4;22,2;20,8;86;70;75;30;2,8;1,1;
2021/01/12;2000 UTC;0;933,4;934,2;933,4;1172;26,2;20,9;27,3;26,2;22,1;20,2;76;67;73;332;4,1;1,5;
2021/01/12;2100 UTC;0;933,4;933,4;933,1;294,5;25,2;20,9;26,2;25,2;21,4;20,5;78;72;77;292;3,7;,3;
2021/01/12;2200 UTC;0;934,1;934,1;933,4;25,2;24,3;20,9;25,2;24,3;21,2;20,6;82;77;82;282;2,1;,1;
2021/01/12;2300 UTC;0;935;935;934,1;;23,6;21,1;24,3;23,6;21,3;20,9;86;81;86;318;2,4;0;
2021/01/13;0000 UTC;0;936;936;934,9;;23;20,5;23,6;23;21,1;20,5;86;84;86;318;1,5;0;
2021/01/13;0100 UTC;0;936,7;936,7;936;;22,9;20,6;23;22,8;20,8;20,5;88;86;87;281;2;,5;
2021/01/13;0200 UTC;0;936,3;936,7;936,3;;23,2;20,3;23,5;22,9;20,6;20,1;87;82;84;238;1,6;0;
2021/01/13;0300 UTC;0;936,3;936,4;936,3;;22,7;20,5;23,2;22,7;20,7;20,3;88;84;87;325;,8;0;
2021/01/13;0400 UTC;0;935,7;936,3;935,7;;22,8;20,9;23;22,6;21,1;20,6;89;87;89;286;1,2;,2;
2021/01/13;0500 UTC;0;935,3;935,7;935,3;;23;21;23,2;22,8;21,1;20,8;89;87;88;95;2;0;
2021/01/13;0600 UTC;0;935;935,3;934,9;;22,5;20,9;23;22,5;21,1;20,9;91;88;91;205;,8;0;
2021/01/13;0700 UTC;0;934,8;935,1;934,7;;22,4;20,9;22,6;22,3;21,2;20,9;92;91;92;340;1,3;0;
2021/01/13;0800 UTC;0;935,2;935,2;934,8;;22,1;20,8;22,4;22,1;20,9;20,8;93;92;93;217;1;0;
2021/01/13;0900 UTC;0;935,7;935,7;935,1;43,2;22,2;21;22,2;21,9;21;20,7;93;93;93;275;1;,3;
2021/01/13;1000 UTC;0;935,8;935,9;935,7;464,1;23,9;21,4;23,9;22,1;21,9;20,9;93;85;86;57;1;,1;
2021/01/13;1100 UTC;0;936,2;936,2;935,7;822,6;25,2;21,3;25,2;23,4;21,9;20,9;87;79;79;96;2,8;,7;
2021/01/13;1200 UTC;0;936,6;936,6;936,2;2092,7;26,4;21,8;26,6;25,1;22;21,3;81;74;76;91;4;1,8;
2021/01/13;1300 UTC;0;936,7;936,8;936,6;2961,4;27,8;20,9;28;26,2;22,4;20,3;76;64;66;101;4,2;1,3;
2021/01/13;1400 UTC;0;936,4;936,7;936,4;2960,1;29,5;20,9;29,5;27,6;21,7;20;66;58;60;333;4;1,5;
2021/01/13;1500 UTC;0;936;936,4;936;2982,4;29,5;20,2;30,2;28,9;22;19,5;62;55;58;6;5,2;1,9;
2021/01/13;1600 UTC;0;935,1;936;935,1;3475;30,4;20,5;31;29,3;21,1;19,3;58;52;55;65;5,2;1,7;
2021/01/13;1700 UTC;0;933,3;935,1;933,3;3576,8;31,3;20,6;31,6;30,1;21,3;19,7;57;51;53;20;5,5;1,3;
2021/01/13;1800 UTC;0;932,4;933,3;932,4;2816,3;30,4;19,8;32;30,2;21,3;19,1;56;48;53;12;4,8;2,1;
2021/01/13;1900 UTC;0;931,9;932,4;931,7;2074;31,2;18,9;31,5;30,4;20,2;18,5;54;47;48;14;5,6;1,7;
2021/01/13;2000 UTC;0;932;932,2;931,7;556,8;27,6;20,7;31,6;27,4;20,9;18,6;68;47;66;89;8,6;1;
2021/01/13;2100 UTC;0;932,6;932,6;932;168,6;25,5;18,8;28,1;25,4;21,2;17,8;67;60;66;321;6,1;1,2;
2021/01/13;2200 UTC;0;933,6;933,6;932,6;16,6;25,8;19,6;25,8;25,4;19,6;18,6;69;65;69;287;3,5;,7;
2021/01/13;2300 UTC;0;934;934;933,5;;24,9;19,7;25,8;24,9;20,3;19,6;74;69;73;304;3;,9;
2021/01/14;0000 UTC;0;934,7;934,7;934;;24,5;19,7;25,1;24,5;20,2;19,1;75;70;75;325;2,5;,5;
2021/01/14;0100 UTC;0;935,2;935,2;934,7;;24,1;19,7;24,7;24,1;20,2;19,5;77;74;76;297;2,1;,1;
2021/01/14;0200 UTC;0;935,2;935,4;935,2;;24,5;20;24,5;24,1;20,1;19,7;77;75;76;340;2;0;
2021/01/14;0300 UTC;,2;935,4;935,5;934,9;;22,6;20,4;24,6;22,3;20,6;19,7;89;74;88;2;4,3;1,5;
2021/01/14;0400 UTC;6,2;934,8;935,4;934,3;;21,6;20,3;22,6;21,5;20,5;20,1;92;86;92;259;3,3;1,2;
2021/01/14;0500 UTC;,4;934,1;934,8;934;;21,5;20;21,7;21,4;20,4;20;92;91;92;262;3,3;,6;
2021/01/14;0600 UTC;,8;934,3;934,4;933,9;;21,1;19,8;21,5;21;20,1;19,7;92;91;92;160;2;,1;
2021/01/14;0700 UTC;,4;934,4;934,5;934,3;;21,2;20,1;21,3;20,9;20,1;19,6;93;92;93;202;2,1;,6;
2021/01/14;0800 UTC;,2;934,7;934,7;934,2;;20,9;19,6;21,2;20,9;20;19,6;93;93;93;232;2,1;,1;
2021/01/14;0900 UTC;0;935,2;935,2;934,7;8,8;21,1;19,9;21,1;20,7;19,9;19,5;93;93;93;116;1,5;,3;
2021/01/14;1000 UTC;0;936,1;936,1;935,2;107;19,8;18,7;21,1;19,8;19,8;18,7;94;92;93;112;3,4;1,9;
2021/01/14;1100 UTC;0;936,8;936,8;936,1;371,3;20,6;19,1;20,7;19,8;19,1;18,7;94;91;91;111;5;2,4;
2021/01/14;1200 UTC;0;937,3;937,3;936,8;399,4;21,1;18,7;21,2;20,6;19,6;18,7;92;86;86;125;5;1;
2021/01/14;1300 UTC;0;937,6;937,7;937,3;988,4;21,4;19,1;21,7;20,8;19,4;18,4;88;85;87;92;4,7;2,7;
2021/01/14;1400 UTC;0;937,3;937,7;937,2;1239;22;19,1;22,1;21,2;19,3;18,7;88;82;84;100;4,7;1,6;
2021/01/14;1500 UTC;0;937,1;937,3;937,1;1644,8;23,1;19,6;23,1;22;20;19;85;81;81;69;4,4;1,3;
2021/01/14;1600 UTC;0;936,3;937,1;936,3;1940,2;24,3;20,1;24,3;23,1;20,5;19,3;82;76;77;59;3,6;,8;
2021/01/14;1700 UTC;0;935,3;936,3;935,3;2101,6;25;20,2;25,6;24,2;21,2;19,8;80;74;75;93;3,6;1,5;
2021/01/14;1800 UTC;,2;934,6;935,3;934,6;1191,9;22,8;20;26,2;22,8;21,2;19,5;84;72;84;100;5,7;1,2;
2021/01/14;1900 UTC;,4;934;934,6;933,9;644,5;22,6;19,8;23;22,5;20,9;19,6;89;83;84;95;4,7;1,6;
2021/01/14;2000 UTC;0;933,7;934;933,6;429,4;23;20,1;23,1;22,5;20,2;19,5;84;81;84;237;3;,3;
2021/01/14;2100 UTC;0;933,9;933,9;933,7;133,5;22,7;20,3;22,9;22,6;20,5;20;87;84;87;24;1,5;,1;
2021/01/14;2200 UTC;0;934,3;934,3;933,9;12,1;22,4;20,1;22,7;22,4;20,3;20;87;85;87;144;1,6;0;
2021/01/14;2300 UTC;0;934,9;935;934,3;;22,4;20,4;22,5;22,3;20,6;20,1;89;87;88;11;2,3;,6;
2021/01/15;0000 UTC;0;935,7;935,7;935;;22;20,2;22,4;22;20,3;20;90;87;90;94;2,6;,3;
2021/01/15;0100 UTC;0;936,4;936,4;935,7;;21,7;20,4;22;21,6;20,4;20,2;92;90;92;316;1,8;0;
2021/01/15;0200 UTC;0;936,1;936,4;936,1;;21,8;20,4;21,9;21,7;20,5;20,3;92;92;92;248;1,2;,3;
2021/01/15;0300 UTC;0;936;936,2;936;;21,1;19,8;21,8;21,1;20,5;19,8;92;92;92;169;1,8;0;
2021/01/15;0400 UTC;0;935,8;936;935,8;;21,3;19,4;21,3;21,1;19,9;19,3;92;89;89;56;1,2;0;
2021/01/15;0500 UTC;0;935,3;935,8;935,3;;21,4;19,1;21,5;21,3;19,6;19,1;89;87;87;232;,4;0;
2021/01/15;0600 UTC;0;934,9;935,3;934,9;;21,2;18,4;21,5;21,2;18,9;18,2;87;82;84;341;1,8;0;
2021/01/15;0700 UTC;0;935;935;934,8;;21,3;19,2;21,3;21;19,2;18,2;88;83;88;72;,7;0;
2021/01/15;0800 UTC;,2;935,2;935,2;935;;21;19,5;21,3;20,9;19,6;19,3;91;88;91;30;0;0;
2021/01/15;0900 UTC;0;935,9;935,9;935,2;9,5;21,1;19,4;21,1;20,7;19,4;19;91;89;90;294;,9;0;
2021/01/15;1000 UTC;0;936,5;936,5;935,9;207,2;22,2;18,7;22,2;21,1;19,9;18,7;91;81;81;39;,9;0;
2021/01/15;1100 UTC;0;936,7;936,7;936,5;614,4;23,4;19,4;23,4;22,2;19,4;18,5;82;77;78;90;1,4;,8;
2021/01/15;1200 UTC;0;936,9;936,9;936,7;1407,5;25,4;21,2;25,4;23,4;21,2;19,3;79;74;77;79;2,8;1;
2021/01/15;1300 UTC;0;936,8;937;936,8;2073,4;27,4;19,8;27,9;25,3;21,6;19,6;77;63;64;334;4,9;1,4;
2021/01/15;1400 UTC;0;936;936,8;936;3460;27,7;20,1;28,7;26,8;21;19,2;67;58;63;358;8,3;2,2;
2021/01/15;1500 UTC;0;934,9;936;934,9;3766,8;28,7;20,5;29,4;27,7;21;19,4;65;57;61;3;7,3;3,3;
2021/01/15;1600 UTC;0;935,1;935,2;934,9;2473,3;26,7;19,1;29,1;26,6;21,5;18,6;70;57;63;317;10,8;2,7;
2021/01/15;1700 UTC;0;933,7;935,1;933,7;2175,3;28,8;19;29,3;26;20,7;18,7;70;55;56;307;8,9;2;
2021/01/15;1800 UTC;0;933,2;933,8;933,2;1658,6;24,1;19,8;29;24,1;20,4;18,2;78;56;77;102;8,5;3,1;
2021/01/15;1900 UTC;0;932,8;933,2;932,8;975,9;25,4;19,8;25,7;24;20;19;78;70;71;210;5,8;,2;
2021/01/15;2000 UTC;0;933,2;933,2;932,6;533,2;24,4;20,5;25,7;24,4;20,5;19,8;79;71;79;99;3,3;1,8;
2021/01/15;2100 UTC;0;933,5;933,5;933,2;162;23,7;20,6;24,4;23,6;21;20,4;85;79;82;107;3,4;1,2;
2021/01/15;2200 UTC;,4;934,3;934,3;933,5;15,4;22,2;20,2;23,9;22,2;20,6;19,9;88;80;88;72;4,6;,6;
2021/01/15;2300 UTC;0;934,1;934,4;934,1;;22,5;20,4;22,5;22,1;20,7;20,1;90;88;88;303;1,9;,1;
2021/01/16;0000 UTC;0;934,5;934,5;934;;22,1;20,7;22,5;21,9;20,8;20,4;92;88;92;141;2,4;,4;
2021/01/16;0100 UTC;0;935,6;935,6;934,6;;22,3;20,5;22,3;21,8;20,9;20,2;92;90;90;351;,8;0;
2021/01/16;0200 UTC;0;935,7;935,9;935,6;;22,4;20;22,4;22;20,6;20;90;86;87;285;1,5;,3;
2021/01/16;0300 UTC;0;934,6;935,7;934,6;;21,9;19,8;22,4;21,9;20,1;19,7;88;87;88;328;1,7;0;
2021/01/16;0400 UTC;0;934,3;934,6;934,2;;21,9;19,8;22,1;21,9;19,9;19,4;88;85;88;267;,9;0;
2021/01/16;0500 UTC;0;934,3;934,3;934,2;;21,9;20,2;22;21,7;20,3;19,7;90;87;90;112;0;0;
2021/01/16;0600 UTC;0;934,6;934,6;934,2;;21,3;20;21,9;21,2;20,2;19,9;92;90;92;71;1,1;0;
2021/01/16;0700 UTC;0;934,6;934,7;934,5;;21,4;20,1;21,6;21,2;20,4;20;93;92;93;25;1,4;,2;
2021/01/16;0800 UTC;0;934,9;934,9;934,5;;21,5;19,7;21,7;21,4;20,4;19,7;93;90;90;320;3,7;,4;
2021/01/16;0900 UTC;0;935,5;935,5;934,9;15,8;21,1;18,9;21,6;21,1;19,9;18,7;90;86;87;325;3,3;1,1;
2021/01/16;1000 UTC;0;935,9;935,9;935,5;272,1;21,6;19,1;21,6;21,1;19,2;18,8;87;85;86;358;3,3;1;
2021/01/16;1100 UTC;0;936,9;936,9;935,9;464,2;22,5;19,6;22,6;21,6;19,6;18,8;86;82;83;50;2,2;,2;
2021/01/16;1200 UTC;0;937,5;937,5;936,9;436,6;22,7;19,6;22,7;22,1;20,1;19,5;87;82;83;340;3,4;1,6;
2021/01/16;1300 UTC;0;937,7;937,7;937,4;553,7;22,9;20;23,2;22,7;20,1;19,5;84;81;84;64;3,2;,8;
2021/01/16;1400 UTC;0;937,1;937,7;937,1;661,2;23,2;19,7;23,5;22,8;20,6;19,7;85;81;81;64;3,2;1,3;
2021/01/16;1500 UTC;0;935,9;937,1;935,9;1449,2;24,6;19,7;25;23,1;20,5;19,5;82;73;74;57;4,1;1,4;
2021/01/16;1600 UTC;0;934,8;935,9;934,8;1480;25,6;20,4;25,6;24,3;20,6;19,6;78;71;73;358;4,9;1,9;
2021/01/16;1700 UTC;0;934,1;934,8;934,1;2235,3;27,2;19,7;27,4;25,3;20,8;19,7;73;63;63;351;6,1;2,9;
2021/01/16;1800 UTC;0;933,1;934,1;933,1;2120;26,5;20,4;27,5;26,1;20,5;19,4;69;63;69;18;6,1;1,9;
2021/01/16;1900 UTC;16,2;933;933,3;933;409,1;21,7;20,5;26,5;21,3;20,7;19,6;93;67;93;340;8,4;2,3;
2021/01/16;2000 UTC;1,6;932,9;933,2;932,9;158,7;22,8;21,1;22,8;21,6;21,1;19,9;93;84;90;290;6,5;,4;
2021/01/16;2100 UTC;,2;933,5;933,5;932,9;84,8;23;20,1;23;22,8;21,2;20,1;90;84;84;352;5,2;2,1;
2021/01/16;2200 UTC;,4;934,4;934,4;933,5;16,7;21,7;19,6;23,1;21,7;20,1;19,3;88;79;88;347;6,8;3,1;
2021/01/16;2300 UTC;0;934,6;934,7;934,4;;21,5;19,7;21,7;21,5;19,7;19,5;89;88;89;237;6,8;,1;
2021/01/17;0000 UTC;0;935,1;935,1;934,6;;21,3;19,5;21,5;21,3;19,7;19,4;90;88;89;333;3,8;1,1;
2021/01/17;0100 UTC;0;935,6;935,7;935,1;;21,1;19,3;21,4;21,1;19,5;19,3;90;89;89;239;3,8;,1;
2021/01/17;0200 UTC;0;935,7;935,7;935,5;;21,3;19,5;21,3;21,1;19,6;19,3;90;89;89;282;2,5;,7;
2021/01/17;0300 UTC;0;935,6;935,7;935,5;;21,2;19,5;21,3;21,1;19,6;19,4;90;89;90;9;2,5;,5;
2021/01/17;0400 UTC;0;934,9;935,5;934,9;;21,1;19,5;21,2;21,1;19,5;19,3;90;89;90;290;2,2;,1;
2021/01/17;0500 UTC;0;934,9;934,9;934,8;;21;19,4;21,1;20,9;19,6;19,3;91;90;91;58;4;0;
2021/01/17;0600 UTC;0;935;935;934,9;;20,9;19,5;21,1;20,9;19,5;19,3;92;90;92;64;1,2;0;
2021/01/17;0700 UTC;0;935;935,1;935;;21;19,3;21;20,8;19,5;19,3;92;90;90;336;1,7;0;
2021/01/17;0800 UTC;0;935,5;935,5;935;;21,1;19,5;21,1;20,9;19,5;19,2;91;90;91;270;,6;0;
2021/01/17;0900 UTC;0;936,1;936,1;935,5;3,5;21,1;19,4;21,1;21;19,6;19,4;91;90;90;326;1,9;,4;
2021/01/17;1000 UTC;0;936,7;936,7;936,1;129,4;21,6;19,8;21,6;21,1;19,9;19,4;90;89;90;336;1,9;,2;
2021/01/17;1100 UTC;0;937,1;937,1;936,7;359,4;22,1;19;22,2;21,6;19,9;19;90;83;83;336;4,1;1,3;
2021/01/17;1200 UTC;0;937,3;937,3;937,1;602,5;23,1;19,7;23,1;22,1;19,8;18,9;84;81;81;342;3,4;,8;
2021/01/17;1300 UTC;0;937;937,3;937;918;23,7;19,7;23,7;23,1;20;19,2;82;77;78;336;4,8;2,3;
2021/01/17;1400 UTC;0;936,6;937;936,6;1799,5;25,3;19,7;25,5;23,8;20,7;19,5;79;71;71;357;4,8;2,2;
2021/01/17;1500 UTC;0;935,9;936,6;935,8;2593,9;26,8;20,5;27,2;25,2;21,4;19,8;75;66;68;344;6,5;2,5;
2021/01/17;1600 UTC;,6;934,9;935,9;934,9;2611,4;26,4;20,8;27,6;23;21,5;19,1;86;63;72;355;9,6;3,3;
2021/01/17;1700 UTC;0;934;934,9;934;3364,9;26,6;18,9;28,2;26,4;21,9;18,9;73;60;63;359;7,3;3,3;
2021/01/17;1800 UTC;0;933,6;934,2;933,6;503,3;24,5;19,3;26,6;24,3;20,2;18,8;75;63;73;288;7,9;1,6;
2021/01/17;1900 UTC;0;932,9;933,6;932,9;1381;27,5;18,9;27,6;24,5;20,2;18,2;73;57;59;335;6,3;2,9;
2021/01/17;2000 UTC;0;933;933;932,8;699,5;26,4;19,9;27,6;26,4;20,1;18,5;68;59;67;294;6,2;1,7;
2021/01/17;2100 UTC;0;933,5;933,5;933;468;25,1;20,4;26,5;25,1;20,6;19,9;75;67;75;280;5,5;2,7;
2021/01/17;2200 UTC;0;934,3;934,3;933,5;34,3;22,8;19,9;25,1;22,8;20,4;19,6;83;75;83;315;7,8;1,7;
2021/01/17;2300 UTC;0;935;935;934,3;;22,2;19,6;22,8;22,2;20;19,6;85;83;85;321;5,1;1,6;
2021/01/18;0000 UTC;0;935,7;935,8;935;;22,1;19,7;22,3;22,1;19,7;19,6;86;85;86;308;4,3;1,2;
2021/01/18;0100 UTC;0;936;936,2;935,7;;21,6;19,8;22,1;21,6;19,9;19,7;89;86;89;20;3,9;,8;
2021/01/18;0200 UTC;0;935,9;936,1;935,9;;21,5;19,7;21,7;21,4;19,8;19,6;90;89;90;289;2,4;0;
2021/01/18;0300 UTC;0;935,5;935,9;935,5;;21,5;19,8;21,7;21,5;19,8;19,6;90;89;90;270;1,4;,1;
2021/01/18;0400 UTC;0;935;935,5;935;;21,3;19,8;21,6;21,1;19,9;19,6;91;89;91;263;1,4;0;
2021/01/18;0500 UTC;0;934,7;935;934,7;;20,9;19,4;21,3;20,8;19,8;19,4;92;91;92;143;0;0;
2021/01/18;0600 UTC;0;934,6;934,7;934,5;;20,7;19,5;20,9;20,6;19,5;19,4;93;92;93;149;0;0;
2021/01/18;0700 UTC;0;934,6;934,6;934,5;;20,8;19,6;20,9;20,6;19,8;19,4;93;93;93;108;,8;0;
2021/01/18;0800 UTC;0;934,8;934,8;934,6;;20,8;19,6;20,8;20,7;19,7;19,5;93;93;93;349;1,7;0;
2021/01/18;0900 UTC;0;935,4;935,4;934,8;32,9;20,8;19,6;20,8;20,7;19,6;19,4;93;92;93;105;1,3;,2;
2021/01/18;1000 UTC;0;935,8;935,9;935,4;549,9;22,9;20,6;22,9;20,8;20,9;19,5;93;87;87;86;2,6;1;
2021/01/18;1100 UTC;0;936,3;936,3;935,8;1233,2;24,4;20,5;24,4;22,9;20,8;19,7;87;78;79;10;3,4;1,2;
2021/01/18;1200 UTC;0;936,5;936,6;936,3;1200,8;24,9;19,7;24,9;24,2;20,4;19,1;79;72;73;345;4,1;1,8;
2021/01/18;1300 UTC;0;936,8;936,8;936,5;1572,8;25,7;19,5;26,2;24,9;20,4;19,1;74;67;69;347;4,3;2,1;
2021/01/18;1400 UTC;0;936,5;936,8;936,5;1787,9;27,7;20,6;27,7;25,5;20,7;19,1;70;63;66;308;4,3;,9;
2021/01/18;1500 UTC;0;936;936,5;936;2251,2;27,7;20;28;26,9;20,7;18,8;66;59;63;331;5,3;1,9;
2021/01/18;1600 UTC;0;935;936;935;3176,9;29,1;19,3;29,4;27,5;20,3;18,6;63;54;56;345;4,8;2,3;
2021/01/18;1700 UTC;0;934,5;935;934,4;2974,3;30,1;19,4;30,4;29;20,3;18,8;58;51;53;328;5,5;2,1;
2021/01/18;1800 UTC;0;933,7;934,5;933,7;2758,1;29,8;18,9;30,8;29,3;20,5;18,4;56;48;52;335;6,4;1,7;
2021/01/18;1900 UTC;0;933;933,7;933;1631,1;29,6;18,9;30,5;28,9;20;17,4;56;48;52;56;3,9;,7;
2021/01/18;2000 UTC;0;933;933,1;932,9;777,8;28;21;29,6;27,8;21,3;18,1;67;51;66;91;4,8;2,4;
2021/01/18;2100 UTC;0;933,9;933,9;933;312,8;26,5;19,8;28;26,5;21,3;19,5;68;63;67;178;4,2;,1;
2021/01/18;2200 UTC;0;934,7;934,7;933,8;23,1;23,2;19,7;26,5;23,2;20,7;19,5;81;67;81;350;13;6,3;
2021/01/18;2300 UTC;,6;934,4;934,8;934,2;1;22,5;19,3;23,2;22;19,8;19,3;87;81;82;292;13;1,5;
2021/01/19;0000 UTC;0;935,2;935,2;934,4;;22,6;19,2;22,7;22,4;19,5;18,8;83;79;81;346;3,9;,3;
2021/01/19;0100 UTC;0;936,2;936,3;935,2;;22,2;19,3;22,6;22,1;19,4;18,7;84;80;84;174;1,6;0;
2021/01/19;0200 UTC;0;936,3;936,4;935,9;;21,4;19,2;22,2;21,4;19,5;19,1;87;84;87;83;2,4;,9;
2021/01/19;0300 UTC;0;935,8;936,4;935,8;;21,6;19,4;21,9;21,4;19,5;19,1;87;85;87;351;2,5;,8;
2021/01/19;0400 UTC;0;935,6;935,8;935,5;;21,6;19,6;22;21,5;19,6;19,3;88;86;88;139;2,7;,3;
2021/01/19;0500 UTC;0;935,2;935,7;935,2;;21,1;19,4;21,6;21;19,7;19,4;90;88;90;14;3;0;
2021/01/19;0600 UTC;0;935,3;935,3;935;;21,3;19,6;21,3;21;19,7;19,3;90;89;90;88;1,9;,9;
2021/01/19;0700 UTC;0;935,5;935,5;935,3;;21,5;20;21,5;21,2;20;19,5;91;90;91;71;1,9;0;
2021/01/19;0800 UTC;1,8;935,7;935,7;935,4;;21,2;20;21,6;21,2;20,1;19,9;93;91;92;125;1;0;
2021/01/19;0900 UTC;5,4;936,6;936,6;935,7;2,4;21,1;20;21,5;21,1;20,3;20;93;92;93;80;4,5;2;
2021/01/19;1000 UTC;6;937;937;936,5;78,8;21;20;21,1;20,8;20,1;19,7;94;93;94;182;4,5;0;
2021/01/19;1100 UTC;0;938,1;938,1;937;363,9;21,7;20,3;21,9;21;20,7;20;94;92;92;88;5;2,5;
2021/01/19;1200 UTC;0;938,8;938,8;938,1;280,1;21,8;20,2;22;21,6;20,4;20,1;92;91;91;88;5;2,6;
2021/01/19;1300 UTC;2,8;938,2;938,8;938,2;623,9;22,4;20,7;22,5;21,6;20,8;20;92;90;90;289;5,2;,7;
2021/01/19;1400 UTC;0;937,7;938,2;937,7;913,2;24,7;21,1;24,7;22,4;21,3;20,3;90;80;81;104;2,6;,2;
2021/01/19;1500 UTC;0;936,9;937,7;936,9;2556,4;26,4;20,5;27,3;24,7;21,9;19,8;80;65;70;72;4,5;1,7;
2021/01/19;1600 UTC;0;936,3;936,9;936,3;3548,5;27,8;20,3;28,5;26,2;22;19,3;73;60;64;70;4,5;1,9;
2021/01/19;1700 UTC;0;935,7;936,3;935,6;3611,4;29;19,7;29,3;27,7;20,7;18,5;64;55;57;3;6;2,3;
2021/01/19;1800 UTC;0;934,8;935,7;934,8;2989;28,6;19,2;29,8;28,3;21,1;18,7;61;52;57;26;6,3;2,4;
2021/01/19;1900 UTC;1,8;934,4;934,8;934,4;780,8;23,9;21;28,6;23;21;18,3;84;57;84;2;7,3;,1;
2021/01/19;2000 UTC;0;934,4;934,4;934,1;541;26;21,5;26;23,9;21,8;20,4;84;75;76;330;2,6;,1;
2021/01/19;2100 UTC;,2;935;935,1;934,4;320,1;23,1;19,6;26,4;23,1;22;19,3;81;72;81;310;10,5;1,4;
2021/01/19;2200 UTC;0;935,5;935,5;935;8,7;23;18,8;23,3;22,9;19,6;18,8;81;77;77;286;4,6;,5;
2021/01/19;2300 UTC;0;936,1;936,1;935,5;;22,3;18,4;23,1;22,3;18,9;18,1;79;76;79;270;2,1;0;
2021/01/20;0000 UTC;0;936,7;936,8;936,1;;22;19,2;22,3;22;19,2;18,4;84;79;84;292;1,8;,2;
2021/01/20;0100 UTC;0;937,6;937,7;936,7;;21,9;19,5;22,1;21,6;19,7;19,1;87;84;86;326;1,6;0;
2021/01/20;0200 UTC;0;937,4;937,6;937,1;;21,6;19,4;22;21,5;19,7;19,2;87;85;87;280;1,9;,1;
2021/01/20;0300 UTC;0;937,2;937,4;937,2;;20,6;18,9;21,9;20,6;19,4;18,7;90;84;90;87;2,3;1,3;
2021/01/20;0400 UTC;0;936,6;937,2;936,6;;20,4;18,8;20,7;20,4;19,1;18,8;91;90;90;255;2,9;,1;
2021/01/20;0500 UTC;0;936,6;936,7;936,5;;20,1;18,5;20,5;20;18,9;18,3;91;90;90;265;1,3;0;
2021/01/20;0600 UTC;0;936,5;936,6;936,4;;20,3;18,4;20,5;20,1;18,6;18,3;90;88;89;318;1,3;0;
2021/01/20;0700 UTC;0;936,6;936,6;936,4;;20,5;18,6;20,5;20,3;18,7;18,4;90;88;89;282;1,7;,5;
2021/01/20;0800 UTC;0;937,1;937,1;936,6;;21,3;18,6;21,3;20,5;18,8;18,5;89;85;85;40;1,7;,1;
2021/01/20;0900 UTC;0;937,5;937,5;937,1;14,2;22,2;17,3;22,2;21,3;18,6;17,3;85;74;74;90;3,9;1,3;
2021/01/20;1000 UTC;0;937,5;937,7;937,4;142,8;24,1;15,9;24,5;22,2;17,1;15,2;73;57;60;237;5,3;,1;
2021/01/20;1100 UTC;0;937,6;937,6;937,4;277,1;24,1;16,4;24,4;23,4;17,1;15,4;68;57;62;266;3;1,4;
2021/01/20;1200 UTC;0;938,1;938,1;937,6;1148,5;25,7;18,2;26,1;24,1;18,9;15,1;66;55;63;92;4,8;2,8;
2021/01/20;1300 UTC;0;938;938,2;938;1555;26;18,2;26,1;25,4;18,8;17,5;66;61;62;82;4,8;1,1;
2021/01/20;1400 UTC;0;937,7;938;937,7;2397,2;28,2;19,4;28,2;26;19,7;17,6;65;54;59;69;3,3;1,3;
2021/01/20;1500 UTC;0;937;937,7;937;3142,6;29,5;18,2;29,8;28,1;20,2;16,4;61;46;51;100;3,5;1,5;
2021/01/20;1600 UTC;0;936,1;937;936,1;3718;30,2;18,5;30,4;29,2;19,6;17,8;55;48;50;57;4,7;1,8;
2021/01/20;1700 UTC;0;935,2;936,1;935,2;3438,3;30,3;19,3;31;29,6;20;17,7;54;47;52;142;4,7;1,2;
2021/01/20;1800 UTC;0;934,2;935,2;934,2;3011,1;30,8;16,9;31;30,2;19;16,3;52;41;43;127;4,9;2,1;
2021/01/20;1900 UTC;0;933,8;934,2;933,8;2374,2;30,2;18;31,4;30,2;18,3;15,7;49;40;48;138;4,4;1,8;
2021/01/20;2000 UTC;0;933,6;933,8;933,5;1540,5;30,1;17,2;30,6;30;18,2;16,3;49;43;46;132;4;1,3;
2021/01/20;2100 UTC;0;933,9;933,9;933,6;507,5;28,2;18,6;30,1;28,2;18,6;16,4;56;44;56;135;3,4;,6;
2021/01/20;2200 UTC;0;934,5;934,5;933,9;6,3;26,6;19,1;28,2;26,6;19,6;18,4;65;55;64;125;2,8;,8;
2021/01/20;2300 UTC;0;934,9;934,9;934,5;;24,9;19,5;26,6;24,9;19,7;19;72;64;72;222;2,8;0;
2021/01/21;0000 UTC;0;935,5;935,5;934,9;;23,8;19,9;24,9;23,6;20,2;19,1;80;71;79;262;1,5;0;
2021/01/21;0100 UTC;0;936,2;936,2;935,5;;23,4;19,4;23,8;23,3;20;19,4;81;78;78;275;1,1;,4;
2021/01/21;0200 UTC;0;936,3;936,4;936,2;;22,9;19,3;23,7;22,9;19,6;19,1;80;76;80;288;1,2;,2;
2021/01/21;0300 UTC;0;935,9;936,3;935,9;;22,7;19,2;22,9;22,6;19,4;19,1;81;80;81;259;1,4;,3;
2021/01/21;0400 UTC;0;935,5;935,9;935,5;;22,2;19;22,7;22,1;19,2;18,8;83;80;82;258;1,4;0;
2021/01/21;0500 UTC;0;935,5;935,5;935,4;;22,1;18,9;22,2;21,8;19,1;18,8;83;82;82;244;0;0;
2021/01/21;0600 UTC;0;935,6;935,7;935,5;;21,8;19;22,2;21,6;19,1;18,5;84;80;84;122;,4;0;
2021/01/21;0700 UTC;0;935,8;935,8;935,6;;21,4;18,8;21,8;21,3;19;18,6;86;84;85;288;1,1;,1;
2021/01/21;0800 UTC;0;936,1;936,1;935,8;;20,6;18,4;21,5;20,6;18,9;18,4;87;85;87;293;1,3;0;
2021/01/21;0900 UTC;0;936,8;936,8;936,1;45,1;21;18,6;21,1;20,4;19;18,4;89;86;86;304;,5;0;
2021/01/21;1000 UTC;0;937,2;937,2;936,7;467,8;23,7;19,5;23,7;20,7;19,6;18,4;87;77;77;294;1,4;0;
2021/01/21;1100 UTC;0;937,4;937,4;937,1;1343,4;26,5;19,8;26,5;23,7;19,9;18,8;77;65;67;349;1,8;,2;
2021/01/21;1200 UTC;0;937,7;937,7;937,4;2334,6;28,6;17,5;28,7;26,4;20,4;16,9;67;51;51;40;4,3;1,1;
2021/01/21;1300 UTC;0;937,7;937,8;937,7;2951,2;29,6;18,8;29,6;28,2;19,1;16,9;55;47;52;342;5,3;2;
2021/01/21;1400 UTC;0;937,6;937,7;937,6;3491,3;30,3;19,3;30,3;29,1;19,4;17,8;54;49;52;337;5,5;2,4;
2021/01/21;1500 UTC;0;937,5;937,6;937,4;3801,2;30,4;17,9;30,4;29,2;18,6;16,9;52;46;47;5;6,4;2,2;
2021/01/21;1600 UTC;0;936,6;937,4;936,6;3807;31,1;17,5;31,1;29,7;19,3;16,8;51;43;44;32;6,5;1,9;
2021/01/21;1700 UTC;0;935,7;936,7;935,7;3547,1;30,9;16,8;31,6;30,5;18,5;16,6;48;41;43;345;6,4;2,5;
2021/01/21;1800 UTC;0;934,9;935,7;934,9;3083,1;31,8;16,8;31,9;30,6;17,8;15,6;45;38;41;49;6,4;2,2;
2021/01/21;1900 UTC;0;934,7;935;934,3;2408,1;29,9;18,2;31,9;29,9;18,2;15,8;49;39;49;78;9,2;2,9;
2021/01/21;2000 UTC;0;934,8;935;934,7;440;26,5;17,4;29,8;26,2;18,4;17,3;60;50;57;144;9,2;,1;
2021/01/21;2100 UTC;0;934,9;934,9;934,7;331,8;27,1;17,9;27,5;26;18,4;17,3;63;56;57;87;1,9;0;
2021/01/21;2200 UTC;0;935,6;935,6;934,9;17,6;25,5;18,1;27;25,5;18,7;17,8;65;57;63;316;0;0;
2021/01/21;2300 UTC;0;936,6;936,6;935,6;;24,6;19;25,5;24,6;19,3;18;72;63;71;274;1,5;,2;
2021/01/22;0000 UTC;0;937,3;937,3;936,6;;24,7;18,2;24,7;24;19,3;17,8;75;66;67;277;2,3;1;
2021/01/22;0100 UTC;0;937,7;937,7;937,3;;25,1;18,2;25,1;24,6;18,4;17,8;68;65;66;276;2,3;,5;
2021/01/22;0200 UTC;0;937,7;937,7;937,6;;24,2;18,8;25,1;24;19,2;18,2;73;66;72;249;1,9;0;
2021/01/22;0300 UTC;0;937,5;937,7;937,5;;24;19,1;24,1;23,8;19,1;18,7;74;72;74;257;1,7;0;
2021/01/22;0400 UTC;0;936,9;937,5;936,8;;22,9;19,1;24;22,9;19,2;18,7;80;74;79;274;2,4;0;
2021/01/22;0500 UTC;0;936,6;936,9;936,6;;22,1;19,1;22,9;22,1;19,5;19;83;79;83;290;1,2;0;
2021/01/22;0600 UTC;0;936,7;936,7;936,5;;21,9;18,6;22,1;21,7;19,2;18,6;85;82;82;271;2;,7;
2021/01/22;0700 UTC;0;937,1;937,1;936,7;;21,5;18,3;22;21,5;18,6;18,2;82;79;82;272;2;,7;
2021/01/22;0800 UTC;0;937,6;937,6;937,1;;21,4;18;21,6;21,3;18,4;18;83;81;81;293;2;,5;
2021/01/22;0900 UTC;0;938,2;938,2;937,6;29,4;21,7;18,2;21,7;21,4;18,3;17,9;82;80;81;282;1,6;0;
2021/01/22;1000 UTC;0;938,7;938,7;938,2;482,5;24,2;19,6;24,7;21,7;19,6;18,1;81;70;75;76;1,3;,4;
2021/01/22;1100 UTC;0;939,3;939,3;938,7;1339,7;26,2;18,2;26,4;23,8;20,2;17,7;80;61;61;124;3,1;1,2;
2021/01/22;1200 UTC;0;939,7;939,7;939,3;2230,6;27,3;18,4;27,5;25,9;19;17,9;64;57;58;130;4,1;1,3;
2021/01/22;1300 UTC;0;939,6;939,8;939,5;3038,6;29,5;18,1;29,5;27,1;19,3;17,8;60;50;51;100;4,8;2,6;
2021/01/22;1400 UTC;0;939,4;939,6;939,3;3572;30,2;18,4;30,6;29,1;19;17,4;53;46;49;102;6,4;2;
2021/01/22;1500 UTC;0;938,7;939,4;938,7;3702,4;30,8;18;31,4;29,9;19,1;17,1;50;44;46;94;5,7;2,7;
2021/01/22;1600 UTC;0;937,9;938,7;937,9;4097,9;32,1;16,3;32,2;30,8;19,6;16,2;48;39;39;85;6,9;3,4;
2021/01/22;1700 UTC;0;937,5;937,9;937,4;3714,6;32,5;17;32,8;31,5;17,8;14,4;41;34;39;94;6,9;3,5;
2021/01/22;1800 UTC;0;936,9;937,5;936,9;3135,5;32,2;16,3;32,6;31,4;17,1;15,3;41;37;38;108;8,2;3,2;
2021/01/22;1900 UTC;0;936,7;937;936,7;2347,1;32,1;13,9;32,7;31,9;16,7;12,9;40;30;33;93;6,5;2,5;
2021/01/22;2000 UTC;0;936,7;936,8;936,6;1358,6;30,8;16,3;32,1;30,8;16,4;13,7;42;33;42;91;5,2;2,1;
2021/01/22;2100 UTC;0;937;937;936,5;240,9;28,5;17,9;30,8;28,5;17,9;15,3;53;40;53;216;5,2;0;
2021/01/22;2200 UTC;0;937,8;938,1;937;24;24,1;18,9;28,5;24,1;18,9;17,2;72;51;72;327;5,4;1,4;
2021/01/22;2300 UTC;0;938,3;938,3;937,6;;23,5;18,7;24,2;23,4;18,9;18,5;75;71;74;302;4,8;1,7;
2021/01/23;0000 UTC;0;938,7;938,8;938,3;;23,1;18,6;23,5;22,9;18,8;18,5;77;74;76;295;4,8;,7;
2021/01/23;0100 UTC;0;939,2;939,2;938,7;;23,3;18,2;23,4;23;18,6;18;76;72;73;274;2,3;,9;
2021/01/23;0200 UTC;0;939,4;939,5;939,2;;23,3;17,7;23,6;23,2;18,1;17,6;73;70;71;261;1,8;,4;
2021/01/23;0300 UTC;0;939,2;939,4;939,2;;22,9;17,7;23,5;22,7;18;17,6;74;70;73;278;2,4;,5;
2021/01/23;0400 UTC;0;938,6;939,2;938,6;;22,6;17,4;22,9;22,6;18;17,4;75;72;73;277;2;,4;
2021/01/23;0500 UTC;0;938,1;938,6;938,1;;22,1;17,4;22,6;22,1;17,7;17,3;75;73;75;275;2,2;1;
2021/01/23;0600 UTC;0;938;938,1;938;;21,4;17,7;22,1;21,4;17,8;17,4;79;75;79;250;2;0;
2021/01/23;0700 UTC;0;938;938,1;937,9;;20,8;17,8;21,5;20,8;17,9;17,5;83;79;83;256;1,6;0;
2021/01/23;0800 UTC;0;938,4;938,4;938;;20,4;17,8;20,9;20,4;17,9;17,7;85;83;85;264;1;,2;
2021/01/23;0900 UTC;0;938,8;938,8;938,3;17,6;20,6;18,1;20,6;20,4;18,1;17,8;86;85;86;254;1;0;
2021/01/23;1000 UTC;0;939,2;939,2;938,8;242,7;22,8;19,1;22,8;20,6;19,2;18,1;86;80;80;234;0;0;
2021/01/23;1100 UTC;0;939,5;939,6;939,2;1360;24,4;19,6;24,9;22,8;19,8;18,5;80;71;75;129;4,5;2,1;
2021/01/23;1200 UTC;0;939,8;939,8;939,5;2240,5;26,5;20,4;26,5;24,4;20,5;19,5;75;67;69;111;4,2;1,9;
2021/01/23;1300 UTC;0;939,5;939,8;939,5;3078,4;28,2;19,3;28,4;26,5;20,3;18,8;69;57;59;96;4,7;2,4;
2021/01/23;1400 UTC;0;939;939,5;939;3234,9;30;17,8;30,1;27,9;20,3;17,2;61;46;48;72;7;2,8;
2021/01/23;1500 UTC;0;938,4;939;938,4;3820,4;31,3;17,2;31,5;29,9;18,3;16,2;48;42;43;97;7;3,1;
2021/01/23;1600 UTC;0;937,8;938,4;937,8;4169,3;31,9;14,8;32,4;30,8;18;14,8;44;35;36;92;6,6;2,9;
2021/01/23;1700 UTC;0;937,2;937,8;937,1;3060,9;31,6;15,9;32,3;30,6;17,2;14,9;44;36;39;86;6,1;2,7;
2021/01/23;1800 UTC;0;936,4;937,2;936,4;2881,5;31,4;16,5;32;31,2;17,3;16,3;43;39;41;109;5,4;2,8;
2021/01/23;1900 UTC;0;935,6;936,4;935,5;2360,8;31,6;16,8;32;31,2;17,7;15,3;43;38;41;93;4,9;1,6;
2021/01/23;2000 UTC;0;934,8;935,6;934,8;1349,3;30,3;16,6;31,8;30,3;16,8;15,1;44;37;44;121;3,6;1,1;
2021/01/23;2100 UTC;0;934,7;934,8;934,7;224,2;28,7;17,8;30,3;28,7;17,8;16,3;52;43;52;131;2,4;,6;
2021/01/23;2200 UTC;0;935,4;935,4;934,7;19,2;27,3;19,2;28,7;27,3;19,3;17,8;62;52;61;155;2,1;0;
2021/01/23;2300 UTC;0;936,2;936,2;935,4;;25,8;19,3;27,3;25,7;19,4;18,9;68;61;68;221;1,2;0;
2021/01/24;0000 UTC;0;936,8;936,8;936,2;;25;19,4;25,9;25;19,7;18,6;72;65;71;268;0;0;
2021/01/24;0100 UTC;0;937,6;937,6;936,8;;24,5;19,4;25;24,3;19,6;19,2;74;70;73;264;0;0;
2021/01/24;0200 UTC;0;937,5;937,6;937,5;;23,9;19,2;24,5;23,7;19,4;18,7;76;72;75;255;0;0;
2021/01/24;0300 UTC;0;937;937,5;937;;23,3;19,1;24;22,9;19,2;18,8;79;74;77;263;1,4;,1;
2021/01/24;0400 UTC;0;936,8;937;936,8;;22,8;18,6;23,5;22,8;19,2;18,5;77;75;77;282;1,4;0;
2021/01/24;0500 UTC;0;936,3;936,8;936,3;;22,6;17,9;22,8;22,4;18,6;17,9;79;74;75;273;1,6;0;
2021/01/24;0600 UTC;0;936;936,3;936;;22,6;18,1;23;22,5;18,2;17,8;76;72;76;271;0;0;
2021/01/24;0700 UTC;0;936;936;935,9;;22,2;17,9;22,9;22,2;18,2;17,7;77;74;77;279;0;0;
2021/01/24;0800 UTC;0;936,3;936,4;936;;22,2;17,6;22,4;22,1;18,1;17,5;78;75;75;259;0;0;
2021/01/24;0900 UTC;0;937,2;937,2;936,3;21,5;21,8;17,6;22,4;21,8;18;17,3;78;74;77;87;3,3;,2;
2021/01/24;1000 UTC;0;937,7;937,7;937,2;446,7;23,3;18,4;23,4;21,7;18,5;17,8;80;73;74;86;2,5;,7;
2021/01/24;1100 UTC;0;938,3;938,3;937,7;893,1;25,2;17,9;25,5;23,3;19,1;17,6;74;62;64;130;2,2;,8;
2021/01/24;1200 UTC;0;938,6;938,7;938,3;1239,1;26,3;18;26,7;24,7;19,4;17,6;70;58;60;118;2,6;1,2;
2021/01/24;1300 UTC;0;938,4;938,7;938,4;2427,1;28,6;17,7;28,9;26,3;18,9;16,8;61;49;52;83;3,1;1;
2021/01/24;1400 UTC;0;937,9;938,4;937,9;2977,8;29;17,8;30;28,3;18,7;16,8;54;48;51;105;4,4;2;
2021/01/24;1500 UTC;0;937,1;937,9;937,1;3723,4;30,5;18,5;30,7;28,4;19,2;17,5;53;48;49;91;6,4;2,5;
2021/01/24;1600 UTC;0;936,4;937,1;936,4;3967,9;31,3;17,8;31,3;30,1;19,2;15,5;51;40;44;78;5,7;2,6;
2021/01/24;1700 UTC;0;935,6;936,4;935,6;3253,9;31,3;17,6;31,9;30,3;18,3;15,3;46;39;44;99;5,2;2,1;
2021/01/24;1800 UTC;0;934,9;935,6;934,9;2999,8;30,1;18,2;32,3;30,1;18,6;16,7;50;40;49;127;7;3;
2021/01/24;1900 UTC;0;934,2;934,9;934,2;2311,8;30,9;17,5;31,4;30,1;19,2;17,4;50;45;45;138;5,8;2;
2021/01/24;2000 UTC;0;933,3;934,2;933,3;1408,1;30,1;17,5;31,2;30,1;17,9;16,9;47;43;47;135;4,6;1,7;
2021/01/24;2100 UTC;0;933,3;933,4;933,2;550,4;28,4;19;30,2;28,4;19;17,5;57;47;57;120;4,4;1,2;
2021/01/24;2200 UTC;0;934,2;934,2;933,3;28,1;26,7;19,2;28,4;26,7;19,5;18,9;64;57;64;159;3;,2;
2021/01/24;2300 UTC;0;934,8;934,8;934,2;;25,9;17,3;26,8;25,8;19,4;17,3;64;59;59;143;2,7;0;
2021/01/25;0000 UTC;0;935,4;935,4;934,8;;25;18;25,9;25;18;17,3;65;59;65;306;1,3;,1;
2021/01/25;0100 UTC;0;936;936;935,5;;24,2;18,5;25;24,1;19;17,9;73;65;70;181;1,1;0;
2021/01/25;0200 UTC;0;936,3;936,4;936;;23,2;18,6;24,3;23,2;19;18,2;75;69;75;282;0;0;
2021/01/25;0300 UTC;0;935,9;936,3;935,9;;23,2;18,5;23,7;23,2;18,8;18,5;76;73;75;258;0;0;
2021/01/25;0400 UTC;0;935,3;935,9;935,3;;22,7;18,5;23,3;22,7;18,7;18,5;77;75;77;258;0;0;
2021/01/25;0500 UTC;0;935;935,3;935;;22,5;18,5;22,8;22,5;18,8;18,5;79;77;78;252;0;0;
2021/01/25;0600 UTC;0;935,1;935,2;935;;22,4;18,6;22,5;22,1;18,8;18,5;81;78;79;244;0;0;
2021/01/25;0700 UTC;0;935;935,1;935;;21,4;18,3;22,4;21,4;18,7;18,2;82;79;82;268;1,5;,2;
2021/01/25;0800 UTC;0;935,3;935,3;935;;21,4;18,2;21,8;21,4;18,4;18,1;82;80;82;273;1,6;,1;
2021/01/25;0900 UTC;0;935,6;935,7;935,2;16,6;21,3;17,7;21,4;21;18,1;17,7;83;80;80;250;2;,1;
2021/01/25;1000 UTC;0;936,1;936,1;935,6;457,9;23,7;18,4;23,7;20,9;18,6;17,6;82;72;72;278;2,3;1;
2021/01/25;1100 UTC;0;936,8;936,8;936,1;1175,5;27,1;17,9;27,1;23,6;19,4;17,8;74;58;58;217;2,3;0;
2021/01/25;1200 UTC;0;937,3;937,3;936,8;2009,2;27,5;18;27,8;26,7;18,3;17,1;59;54;56;116;3,2;1,2;
2021/01/25;1300 UTC;0;937,1;937,4;937;2885,1;28,9;18,2;29,1;27,4;18,7;17,6;57;52;52;78;3,7;2;
2021/01/25;1400 UTC;0;936,6;937,1;936,6;3326,8;29,8;17,9;30,4;28,3;18,7;17,3;55;48;49;94;4,6;2;
2021/01/25;1500 UTC;0;936,2;936,6;936,2;3647,8;31,6;18,7;31,8;29,5;18,8;16,5;53;41;46;345;5,2;1,4;
2021/01/25;1600 UTC;0;935,4;936,2;935,4;3369,5;30,7;16,9;32,4;30,4;18,1;16,4;46;40;44;52;5,2;1,8;
2021/01/25;1700 UTC;0;934,3;935,4;934,3;3811,6;33,4;17,6;33,4;30,6;18,2;15,9;46;37;39;332;5,4;1,5;
2021/01/25;1800 UTC;0;933,3;934,3;933,3;1968,5;30,9;18,3;33,6;30,9;18,6;15,5;47;35;47;258;5,4;2,6;
2021/01/25;1900 UTC;0;934,2;934,2;933;704,3;24,2;18,3;30,9;23,5;19,2;15;71;43;70;89;14;4,8;
2021/01/25;2000 UTC;3;933,6;934,3;933;579,3;24,6;21,3;24,6;21,6;21,7;17,3;88;69;82;272;9,6;,3;
2021/01/25;2100 UTC;0;933,6;933,7;933,5;186;24,2;21,2;24,7;23,9;21,8;20,5;84;79;83;137;2,2;0;
2021/01/25;2200 UTC;0;934,3;934,6;933,6;14,3;23,3;19,6;24,3;23,3;21,5;19,4;85;79;80;161;3,5;1,2;
2021/01/25;2300 UTC;0;935,5;935,5;934,3;;23,1;19,5;23,6;22,8;20,1;19,3;83;78;80;43;3,5;0;
2021/01/26;0000 UTC;0;936,3;936,3;935,5;;22,5;19,3;23,2;22,5;20,1;19,1;86;79;82;175;2,3;,1;
2021/01/26;0100 UTC;0;936,9;936,9;936,1;;22,5;19,6;22,7;22,4;19,9;19,2;85;81;84;345;1,7;,2;
2021/01/26;0200 UTC;0;936,8;936,9;936,6;;22,3;19,4;23;22,3;19,7;19,2;85;80;83;16;1,7;,2;
2021/01/26;0300 UTC;0;936,5;936,8;936,3;;21,5;18,5;22,8;21,5;19,7;17,8;85;74;83;88;5,6;2,3;
2021/01/26;0400 UTC;0;935,7;936,6;935,7;;21,4;18,4;21,5;21;18,7;18,1;87;82;83;250;5,2;0;
2021/01/26;0500 UTC;0;935,8;935,8;935,5;;21,1;18,7;21,5;21;18,7;18,2;86;82;86;321;1;0;
2021/01/26;0600 UTC;0;935,8;936;935,7;;20,8;18,5;21,5;20,8;18,9;18,1;87;82;87;157;2,5;0;
2021/01/26;0700 UTC;0;935,5;935,8;935,5;;20,5;18;20,8;20,5;18,7;18;88;86;86;72;1,6;,1;
2021/01/26;0800 UTC;0;935,3;935,5;935,2;;20,4;17,9;20,7;20,3;18,2;17,9;87;85;86;290;1,5;0;
2021/01/26;0900 UTC;0;935,8;935,8;935,3;7,3;20,7;18;20,7;20,2;18,2;17,8;88;84;85;204;1,4;0;
2021/01/26;1000 UTC;0;936,3;936,3;935,7;181,9;21,2;18,2;21,4;20,5;18,5;18;87;82;83;319;2;,5;
2021/01/26;1100 UTC;0;937;937,1;936,3;562,5;23;19;23;21,2;19,1;18,2;83;75;78;106;2;,9;
2021/01/26;1200 UTC;0;937,1;937,2;937;2184,7;27,5;18,3;27,7;23;19,7;18;80;56;57;20;3;,8;
2021/01/26;1300 UTC;0;936,8;937,1;936,8;3036,8;28,8;19,1;28,8;26,9;19,1;16,8;60;51;56;332;5,3;,8;
2021/01/26;1400 UTC;0;936,5;936,9;936,5;3253,2;29,4;17,8;30,9;28,8;19;16,4;56;44;50;103;3,8;1,8;
2021/01/26;1500 UTC;0;935,9;936,5;935,9;2876,9;30;17,1;31,5;29,4;19,1;16,6;52;44;46;79;5,4;2,3;
2021/01/26;1600 UTC;0;935,1;935,9;935,1;2989,5;30,8;18,7;32,1;29,4;18,7;15,8;50;39;48;296;7,2;3;
2021/01/26;1700 UTC;0;934,6;935,2;934,6;2335,3;25,3;16,7;31,1;25,3;19,2;16,6;59;43;59;231;8,3;3;
2021/01/26;1800 UTC;0;934,5;934,8;934,2;826,4;26,3;16,9;26,3;24,8;17,4;16,1;61;54;56;85;7,1;,7;
2021/01/26;1900 UTC;0;933,6;934,7;933,6;936,2;26,2;17,8;26,6;25,2;18,7;16,9;66;56;60;81;5;,5;
2021/01/26;2000 UTC;0;933,1;933,6;933;1165,9;26,9;17,9;27,5;26,2;18,7;17,2;60;54;58;105;2,5;,5;
2021/01/26;2100 UTC;0;933,8;933,8;933,1;431,1;25,8;18,7;27,5;25,8;19;17,4;65;55;65;171;2,5;0;
2021/01/26;2200 UTC;0;934,5;934,5;933,8;15,2;25,2;18,9;25,9;25;19,6;18,4;72;64;68;344;1,2;0;
2021/01/26;2300 UTC;0;935,5;935,5;934,5;;23,4;19,5;25,2;23,4;19,8;18,9;79;68;79;95;3,8;1,5;
2021/01/27;0000 UTC;0;936,3;936,3;935,5;;23,7;18;24;23,2;19,5;17,8;79;69;70;96;2,8;1,1;
2021/01/27;0100 UTC;0;937,3;937,4;936,4;;23,6;18,3;23,8;23,5;18,3;17,7;72;69;72;82;6;2,2;
2021/01/27;0200 UTC;0;937,4;937,6;937,3;;23,2;17,7;23,6;23,1;18,3;17,7;73;70;71;76;6;1,2;
2021/01/27;0300 UTC;0;936,8;937,4;936,8;;23,4;17,6;23,5;22,9;17,9;17,5;73;69;70;113;4,4;,4;
2021/01/27;0400 UTC;0;936,4;937,1;936,4;;22,9;17,8;23,4;22,5;18,1;17,6;76;70;73;231;4,9;,8;
2021/01/27;0500 UTC;0;935,1;936,4;935,1;;22,9;17,5;23,2;22,7;17,9;17,3;74;71;72;269;2,8;1,2;
2021/01/27;0600 UTC;0;935;935,1;934,9;;22,4;17,4;23,1;22,4;17,7;17,1;73;70;73;181;2,4;,2;
2021/01/27;0700 UTC;0;935,6;935,6;935;;22;17,8;22,7;22;17,8;17,2;77;73;77;291;2,4;,4;
2021/01/27;0800 UTC;0;936;936;935,5;;21,9;18,2;22,4;21,9;18,2;17,7;80;75;80;298;3,7;,5;
2021/01/27;0900 UTC;0;936,4;936,4;936;4,9;22,3;17,9;22,3;21,8;18,3;17,8;80;76;76;275;4,3;1,2;
2021/01/27;1000 UTC;0;937,3;937,4;936,4;509,9;24,5;18,1;24,7;22;19,1;17,9;79;68;68;302;5,5;1,3;
2021/01/27;1100 UTC;0;937,9;937,9;937,3;1482,1;26,1;18,1;26,2;24,2;18,6;17,4;69;61;61;312;5,2;1,4;
2021/01/27;1200 UTC;0;938,3;938,3;937,9;2608,5;27,7;17,6;28,2;26;19;17,5;63;53;54;330;4,3;1,7;
2021/01/27;1300 UTC;0;938,5;938,5;938,2;2445,7;28,1;19,8;28,6;27,4;20,3;17,2;64;52;61;81;4,8;2,2;
2021/01/27;1400 UTC;0;938,1;938,5;938,1;2701,9;28,6;18,6;29,9;27,5;20,1;18,5;61;53;55;52;4,7;1,4;
2021/01/27;1500 UTC;0;937,8;938,1;937,4;2746,3;27,2;17,8;29,8;27,2;19,6;16,7;58;51;57;357;8,7;3,6;
2021/01/27;1600 UTC;0;936,5;937,8;936,5;657;26,7;19,3;27,2;26,6;19,6;17,6;65;57;64;339;7,7;2,4;
2021/01/27;1700 UTC;0;935,5;936,6;935,4;550,3;25,9;18,6;26,7;25,4;19,5;17,4;66;61;64;352;7,4;1,5;
2021/01/27;1800 UTC;0;935,1;935,5;935,1;1051,8;27,6;19;27,7;25,9;19,6;18,6;65;58;59;352;3,5;1,3;
2021/01/27;1900 UTC;0;933,8;935,1;933,8;1671,4;29,2;18,7;29,3;27,5;19,7;18,3;62;52;53;336;4,8;2;
2021/01/27;2000 UTC;0;933,3;933,8;933,3;1200,5;27,9;18,7;29,3;27,9;19,1;17,6;58;50;57;350;5,3;2;
2021/01/27;2100 UTC;0;933,7;933,7;933,3;309,8;26,8;18,4;27,9;26,8;19,3;18,3;61;57;60;339;4,2;,9;
2021/01/27;2200 UTC;0;934,3;934,4;933,7;8,2;25,4;18,6;26,8;25,4;18,9;18,2;66;60;66;101;2,7;0;
2021/01/27;2300 UTC;0;935,3;935,3;934,3;;24,6;18,8;25,4;24,4;19,2;18,5;73;66;70;264;1,5;,4;
2021/01/28;0000 UTC;0;936;936;935,3;;23,8;19,3;24,6;23,8;19,3;18,8;76;70;76;319;1,7;0;
2021/01/28;0100 UTC;0;936,4;936,5;936;;23,2;19,5;23,9;23,2;19,5;19,2;80;76;80;284;1,9;,2;
2021/01/28;0200 UTC;0;936,4;936,5;936,3;;22,9;19,5;23,2;22,9;19,7;19,5;81;80;81;273;1,9;,5;
2021/01/28;0300 UTC;0;936,5;936,6;936,4;;22,7;19,6;23;22,6;19,6;19,4;83;81;82;272;2,1;0;
2021/01/28;0400 UTC;0;935,9;936,5;935,9;;22,7;19,5;23,3;22,7;19,7;19,4;82;80;82;271;1,7;,1;
2021/01/28;0500 UTC;0;935,6;935,9;935,4;;22,5;19,6;22,7;22,4;19,7;19,5;84;82;84;216;1,4;0;
2021/01/28;0600 UTC;0;935,5;935,7;935,4;;22,4;19,6;22,5;21,7;19,7;19,3;87;84;84;271;2,1;,8;
2021/01/28;0700 UTC;1;935,5;935,7;935,4;;21,5;20,1;22,4;21,5;20,3;19,5;91;84;91;124;2,3;0;
2021/01/28;0800 UTC;,2;935,9;935,9;935,4;;21,7;20,5;21,7;21,5;20,5;20,1;93;91;93;274;2,1;,6;
2021/01/28;0900 UTC;,6;936,8;936,8;935,9;1,2;20,9;18,9;21,8;20,9;20,6;18,9;93;89;89;346;8,7;2,4;
2021/01/28;1000 UTC;2,8;937,1;937,3;936,8;32,5;19,9;18,4;20,9;19,8;19;18,2;91;88;91;108;5,1;,1;
2021/01/28;1100 UTC;0;938;938;937,1;147,2;20,4;19,1;20,4;19,9;19,1;18,4;92;91;92;307;1,7;0;
2021/01/28;1200 UTC;,2;938,2;938,3;937,7;374,1;20,3;18,8;21,3;20,3;19,8;18,8;92;89;91;93;6,3;3;
2021/01/28;1300 UTC;0;937,5;938,1;937,4;1604,3;24;20,7;24;20,3;20,9;18,8;92;79;82;311;6,2;1,6;
2021/01/28;1400 UTC;0;937,2;937,5;937,2;2499,6;26,4;20;27,7;24,1;21,2;19,1;82;65;68;80;6,5;1,9;
2021/01/28;1500 UTC;0;937;937,3;937;2714,6;27,9;18,1;28,3;26,3;19,9;17,5;68;53;55;76;4;1,7;
2021/01/28;1600 UTC;0;936,2;937;936,2;3495,6;28,5;18,9;29,4;27,9;19,9;17,5;59;51;56;31;4,7;1,4;
2021/01/28;1700 UTC;0;934,9;936,2;934,9;2565,3;29,4;18;29,6;28,2;18,9;15,6;56;45;51;71;4,6;1,9;
2021/01/28;1800 UTC;0;933,7;934,9;933,7;2969,6;30,2;17,4;30,6;29,3;18,8;16,7;52;45;46;62;5,6;2,1;
2021/01/28;1900 UTC;0;932,7;933,8;932,7;2325,4;29,9;17,3;30,2;29,4;18,1;16,1;49;44;47;77;6,2;2;
2021/01/28;2000 UTC;0;933,1;933,1;932,7;1486,2;29,7;16,6;30;29,4;18,5;16;50;43;45;38;4,8;1,1;
2021/01/28;2100 UTC;0;933,4;933,4;933;194,5;26,9;18,6;29,7;26,9;19;16,4;62;45;60;55;5,3;,4;
2021/01/28;2200 UTC;0;933,9;933,9;933,3;13,8;24,4;18,2;26,9;24,4;18,5;17,9;69;60;68;119;5,4;0;
2021/01/28;2300 UTC;0;934,8;934,8;933,9;;24,2;18,5;25;24,2;18,7;17,9;71;65;70;326;1,3;,2;
2021/01/29;0000 UTC;0;935,3;935,3;934,8;;24;18,7;24,3;24;18,8;18,2;72;69;72;280;2,1;,3;
2021/01/29;0100 UTC;0;936;936;935,3;;23,5;18,4;24;23,4;19;18,1;76;71;73;286;1,5;0;
2021/01/29;0200 UTC;0;936,3;936,3;936;;22,8;18,4;23,5;22,8;19;18,3;78;73;76;273;1,1;0;
2021/01/29;0300 UTC;0;936;936,3;936;;22,9;17,9;23;22,8;18,6;17,9;77;73;73;268;0;0;
2021/01/29;0400 UTC;0;935,5;936;935,5;;22,9;17,8;23;22,5;18,2;17,7;76;73;73;267;0;0;
2021/01/29;0500 UTC;0;935;935,5;935;;22,1;18;23;22,1;18,2;17,6;78;72;78;274;0;0;
2021/01/29;0600 UTC;0;934,8;935;934,7;;21,9;18;22,4;21,9;18,3;17,9;79;76;79;282;0;0;
2021/01/29;0700 UTC;0;934,8;934,8;934,7;;22,1;18,3;22,2;21,7;18,4;18;81;78;79;273;0;0;
2021/01/29;0800 UTC;0;935,1;935,1;934,8;;22,5;18,1;22,5;22,1;18,3;18;79;76;77;276;0;0;
2021/01/29;0900 UTC;0;935,9;935,9;935,1;18,6;22;18,9;22,8;22;18,9;18;83;75;83;98;0;0;
2021/01/29;1000 UTC;0;936,7;936,7;935,9;258,1;22,5;18,8;22,6;21,7;19,3;18,7;85;79;80;137;2,4;,6;
2021/01/29;1100 UTC;0;937,2;937,2;936,7;689,1;24;18,8;24;22,5;19,4;18,5;81;72;73;14;2,4;0;
2021/01/29;1200 UTC;0;937,5;937,6;937,2;1680;26,9;19,5;26,9;24;19,7;18,5;75;62;64;272;2,8;,8;
2021/01/29;1300 UTC;0;937,4;937,5;937,4;2948;28,6;19,2;28,8;27;20,6;18,5;64;55;57;207;3;,9;
2021/01/29;1400 UTC;0;936,9;937,4;936,9;3140,8;28,9;19,8;30,1;28;20;18,4;59;53;58;127;4,8;1,2;
2021/01/29;1500 UTC;0;936,3;937;936,3;2936,5;30,5;19,5;30,5;28,3;20,2;18,3;59;52;52;99;4,1;1,7;
2021/01/29;1600 UTC;0;935,6;936,3;935,6;3103;30,4;19,8;30,8;29,3;19,9;18,7;56;50;53;105;4,5;,7;
2021/01/29;1700 UTC;0;934,7;935,7;934,7;1945,7;30,8;18,1;30,8;26,6;19,9;17,2;61;45;47;214;7,5;,7;
2021/01/29;1800 UTC;0;933,7;934,7;933,7;3142;31,4;18,9;31,7;30,7;19,1;17,8;49;44;48;118;4,9;1,9;
2021/01/29;1900 UTC;0;933,1;933,7;933,1;662,6;26,2;18;32,2;26,2;19;17,4;62;44;61;288;7,6;3,4;
2021/01/29;2000 UTC;1;933,4;933,5;933,1;560,4;23,1;19;27,5;23,1;19,1;17,5;78;57;78;341;11,5;5,5;
2021/01/29;2100 UTC;20;933,6;934,8;933,4;71,2;20,6;19,4;23,1;18,1;19,4;16,2;94;78;93;244;14,7;1,1;
2021/01/29;2200 UTC;0;933,9;933,9;933,6;12,8;21,3;19,2;21,4;20,3;19,5;18,5;93;86;88;269;3,4;1,2;
2021/01/29;2300 UTC;0;934,9;934,9;933,9;,7;22,3;19,8;22,3;21,3;20;19,3;89;85;86;269;2,9;,5;
2021/01/30;0000 UTC;0;935,5;935,5;934,9;3;23,2;20,1;23,2;22,2;20,2;19,7;86;83;83;270;2,1;,5;
2021/01/30;0100 UTC;0;936,4;936,4;935,5;2,1;23,6;20,1;23,7;23,2;20,3;20;83;80;81;296;2,9;,4;
2021/01/30;0200 UTC;0;936,8;936,8;936,4;;23,1;20,5;24;23,1;20,5;19,9;85;79;85;163;2,2;,1;
2021/01/30;0300 UTC;0;937;937,1;936,8;;22;19,7;23,1;21,9;20,5;19,5;89;85;87;263;2,6;0;
2021/01/30;0400 UTC;0;936,5;937;936,5;;21,9;19,7;22,2;21,9;19,8;19,5;88;85;87;271;1,3;,2;
2021/01/30;0500 UTC;0;936;936,5;936;;21,5;19,6;21,9;21,5;19,9;19,6;90;87;89;268;2;,6;
2021/01/30;0600 UTC;0;936,2;936,2;936;;21,5;19,1;21,6;21,4;19,6;19;89;86;86;267;2;0;
2021/01/30;0700 UTC;0;936,3;936,3;936,2;;20,8;19;21,5;20,8;19,2;19;90;86;90;324;,7;0;
2021/01/30;0800 UTC;0;936,6;936,6;936,3;;21;19,1;21;20,7;19,2;19;90;89;89;244;1;0;
2021/01/30;0900 UTC;0;937,1;937,1;936,6;16,8;20,8;19;21;20,6;19,3;18,8;91;89;90;272;,5;0;
2021/01/30;1000 UTC;0;937,7;937,7;937,1;481;23,8;19,5;23,8;20,8;20;18,9;90;77;77;299;1,2;0;
2021/01/30;1100 UTC;0;938,3;938,3;937,7;1361,5;26,5;19,4;26,6;23,7;20,3;18,9;77;63;65;110;2;,4;
2021/01/30;1200 UTC;0;938,5;938,6;938,3;2250,6;27,3;20;27,9;25,9;20;18,1;67;59;64;105;3,2;1,1;
2021/01/30;1300 UTC;0;938,3;938,6;938,3;2977,4;28,6;20,3;29,1;27,2;20,7;19,4;66;58;61;139;3,2;1,1;
2021/01/30;1400 UTC;0;938,1;938,3;938,1;3518,2;30;17,8;30,6;28,6;21,1;17,8;62;48;48;131;3,8;1,4;
2021/01/30;1500 UTC;0;937,4;938,1;937,4;3806,9;31,2;19,1;31,6;29,9;19,7;17,5;52;46;48;79;4,4;1,6;
2021/01/30;1600 UTC;0;936,5;937,3;936,5;3763,2;31,8;18,6;32,1;30,9;19,4;16,9;50;42;46;100;4,6;2,3;
2021/01/30;1700 UTC;0;935,6;936,5;935,6;3414,4;32,5;19,4;32,5;31,2;19,4;17,2;47;42;46;93;6,4;2,1;
2021/01/30;1800 UTC;0;934,6;935,6;934,6;2483,9;32,3;17,4;33,1;31,2;19,5;16,9;48;40;41;111;7;2;
2021/01/30;1900 UTC;0;933,9;934,6;933,8;2163,7;31,7;18;32,5;31,7;18,4;16,7;44;39;44;103;5,1;2,2;
2021/01/30;2000 UTC;0;933,4;933,9;933,4;1328,8;31,7;17,4;32,3;31,3;18,6;16,9;45;41;43;91;5,1;1,8;
2021/01/30;2100 UTC;0;934;934;933,4;403,8;29,4;18,6;31,8;29,4;18,9;16,6;54;40;52;143;3,3;,4;
2021/01/30;2200 UTC;0;935;935;934;6,8;27,7;19,3;29,4;27,7;19,3;18,6;60;52;60;275;5,5;,5;
2021/01/30;2300 UTC;0;935,5;935,5;934,9;;26,7;19,6;27,9;26,7;19,6;18,8;65;59;65;274;2,3;,8;
2021/01/31;0000 UTC;0;936;936;935,5;;25,8;19,4;26,7;25,8;19,7;19,4;69;65;68;280;2,5;,7;
2021/01/31;0100 UTC;0;936,8;936,8;936,1;;25,5;19,8;26,1;25,4;19,8;19,4;71;67;71;271;2;1,2;
2021/01/31;0200 UTC;0;937;937,1;936,8;;24,5;19,7;25,5;24,5;19,9;19,5;75;70;75;286;2,1;,1;
2021/01/31;0300 UTC;0;936,5;937;936,5;;24,8;19,6;24,9;24,4;19,8;19,4;75;72;73;241;1,6;0;
2021/01/31;0400 UTC;0;936,1;936,5;936,1;;24,9;19,5;25,1;24,3;20;19,4;76;71;72;269;2,4;,9;
2021/01/31;0500 UTC;0;936,6;936,7;936;;23,8;19,6;25;23,8;19,8;19,4;77;72;77;327;9,7;2,6;
2021/01/31;0600 UTC;0;937,5;937,5;936,6;;21,8;17,6;23,8;21,7;19,6;17,6;81;77;77;331;13,9;5;
2021/01/31;0700 UTC;0;937,5;937,6;937,3;;21,7;16,7;21,9;21,4;17,6;16,7;79;73;73;307;11,5;1,8;
2021/01/31;0800 UTC;0;937,2;937,5;937,2;;21,2;16,2;22,3;21,2;16,7;15,8;74;68;73;300;7,2;1,7;
2021/01/31;0900 UTC;0;937,2;937,2;937,1;8;20,8;16,7;21,2;20,7;16,8;16,3;78;73;77;298;5,5;1,7;
2021/01/31;1000 UTC;0;937,5;937,5;937,2;425,7;23,5;17;23,7;20,7;17,4;16,6;78;66;67;322;5,3;,6;
2021/01/31;1100 UTC;0;938,1;938,1;937,5;1452,1;27;17,8;27,1;23,1;18,6;16,4;67;57;57;324;3,3;,6;
2021/01/31;1200 UTC;0;938,3;938,3;938;2288,3;28,8;16,8;28,8;26,9;18,6;16,6;59;48;48;258;3,2;1,5;
2021/01/31;1300 UTC;0;938,3;938,4;938,2;3000,1;30,3;17,8;30,5;28,7;18,7;16,5;52;46;47;344;4,2;1,3;
2021/01/31;1400 UTC;0;937,8;938,3;937,8;3539,3;31,2;14,9;31,7;30,3;18,4;14,5;49;36;37;59;4,3;1,1;
2021/01/31;1500 UTC;0;937,2;937,8;937,2;3840,5;31,8;18,2;32,3;31;19,1;14,8;48;37;44;103;4,1;1,8;
2021/01/31;1600 UTC;0;936,2;937,2;936,2;2848,4;32,5;15,8;33;31,2;19,1;15;47;35;37;353;4,1;1,4;
2021/01/31;1700 UTC;0;935,2;936,2;935,2;2003,4;32,1;18;33,7;31,4;18,3;15,7;43;36;43;300;4,3;1,4;
2021/01/31;1800 UTC;0;934,1;935,2;934,1;1881,7;30,9;17,9;33,7;30,9;18,9;16,7;48;36;46;353;4;1,3;
2021/01/31;1900 UTC;0;933,3;934,1;933,3;395,2;30,2;17,5;30,9;30,2;18,5;16,8;49;44;47;29;3,5;,8;
2021/01/31;2000 UTC;0;933,1;933,4;933;253,3;29;19,2;30,2;29;19,6;17,5;56;46;56;268;5,4;2,1;
2021/01/31;2100 UTC;0;934,1;934,1;933,1;196,4;26,4;19,2;29;26,4;19,5;18,7;65;55;65;324;4,7;1,4;
2021/01/31;2200 UTC;0;934,8;934,8;934,1;13,9;25,9;18,9;26,4;25,9;19,3;18,9;67;65;65;290;3,5;,7;
2021/01/31;2300 UTC;0;935,8;935,8;934,8;;25,8;18,5;26;25,7;19,1;18,3;67;63;64;275;2,5;1;
2021/02/01;0000 UTC;0;936,3;936,3;935,7;;25,4;18,2;25,8;25,2;18,5;18,1;66;63;65;270;2;,9;
2021/02/01;0100 UTC;0;936,8;936,8;936,3;;25,4;18,7;25,7;25,2;18,7;18;66;63;66;272;2,2;,7;
2021/02/01;0200 UTC;0;937;937,2;936,8;;25,3;19,6;25,6;25,3;19,6;18,7;71;66;71;313;4,5;1,4;
2021/02/01;0300 UTC;0;936,1;937,2;936,1;;23,3;20;25,3;23,3;20,1;19,6;82;71;82;305;6,4;,7;
2021/02/01;0400 UTC;0;935,6;936,1;935,5;;23,5;19,9;23,5;23;20,1;19,9;84;80;80;285;3,3;1,1;
2021/02/01;0500 UTC;0;935,2;935,6;935,2;;23,6;19,8;23,9;23,5;19,9;19,7;80;78;80;277;3,2;1,4;
2021/02/01;0600 UTC;0;935,6;935,6;935,1;;22,6;20,1;23,6;22,4;20,1;19,6;86;80;86;109;2,9;0;
2021/02/01;0700 UTC;0;935,9;936;935,6;;21,8;19,8;22,7;21,8;20,1;19,8;89;85;89;142;3;0;
2021/02/01;0800 UTC;0;935,9;936;935,8;;22,7;19,6;22,8;21,8;20,3;19,5;89;82;83;67;1,1;0;
2021/02/01;0900 UTC;0;935,9;935,9;935,7;6;21,8;19,3;22,7;21,8;19,7;19,2;86;83;86;77;2,9;,8;
2021/02/01;1000 UTC;0;935,9;936,3;935,9;174,2;22,1;19,7;22,2;21,7;19,7;19,2;87;85;86;316;2,2;,5;
2021/02/01;1100 UTC;0;936,9;936,9;935,8;736,1;24,2;20,1;24,2;22,1;20,5;19,7;87;77;78;322;2,9;,5;
2021/02/01;1200 UTC;0;937,2;937,3;936,9;1787,2;27;20,7;27;24,1;21;19,7;79;68;68;333;2,9;,6;
2021/02/01;1300 UTC;0;937,2;937,4;937,2;2982,1;29,3;20,5;29,3;26,8;21,2;19,7;70;58;59;356;3,4;,5;
2021/02/01;1400 UTC;0;936,7;937,2;936,7;3480,6;30;20,9;30,3;28,8;21,7;19,6;62;55;58;88;4,5;2;
2021/02/01;1500 UTC;0;935,9;936,7;935,9;3799,3;31,5;21;31,6;29,6;22,2;20,5;61;53;54;102;5,5;2,3;
2021/02/01;1600 UTC;0;935,2;935,9;935,2;3914,4;31,6;20,2;32,3;30,5;21,1;19;56;47;51;80;5,5;1,8;
2021/02/01;1700 UTC;0;934,7;935,3;934,4;1066,3;24,1;17,8;31,6;24,1;20,3;17,1;69;49;68;346;15,4;5,5;
2021/02/01;1800 UTC;3,6;934,4;935,1;934,4;1169,4;24,3;19,7;24,8;23;21,3;17,8;86;68;76;289;11,7;2,6;
2021/02/01;1900 UTC;0;933,5;934,5;933,5;975,1;25,5;20,2;25,5;23,7;20,7;19,6;79;72;72;308;8,3;1,4;
2021/02/01;2000 UTC;0;933,3;933,5;933;1065,4;27;19,8;27,7;25,5;21;19,5;75;62;65;295;5,1;1,3;
2021/02/01;2100 UTC;0;933,8;933,8;933,3;274;25,3;20,1;27;25,2;20,2;19,2;74;64;73;4;4,1;,7;
2021/02/01;2200 UTC;0;934,5;934,5;933,8;15;24,2;20;25,4;24,2;20,3;19,5;78;71;78;125;2,8;,3;
2021/02/01;2300 UTC;0;935,3;935,3;934,5;;23,6;20,4;24,5;23,5;20,4;19,7;82;75;82;87;2,1;0;
2021/02/02;0000 UTC;0;936,3;936,4;935,3;;23;20,2;23,9;23;20,6;20;84;81;84;132;1,9;0;
2021/02/02;0100 UTC;0;936,9;936,9;936,2;;23,4;20,6;23,4;23;20,7;20;85;83;85;165;,7;0;
2021/02/02;0200 UTC;0;937,1;937,1;936,9;;23,4;19,8;23,7;23,3;20,7;19,7;85;79;80;119;2,7;1;
2021/02/02;0300 UTC;0;936,4;937,1;936,3;;22,7;20,2;23,4;22,7;20,2;19,6;86;80;86;87;2,7;,1;
2021/02/02;0400 UTC;0;936,5;936,5;936,3;;22,4;20,2;22,8;22,4;20,4;20,1;88;86;88;216;1,4;0;
2021/02/02;0500 UTC;0;936,3;936,6;936,3;;21,9;20;22,5;21,9;20,4;19,8;89;87;89;202;2;0;
2021/02/02;0600 UTC;0;935,5;936,3;935,4;;21,6;19,6;21,9;21,5;20;19,5;90;89;89;231;0;0;
2021/02/02;0700 UTC;0;935,3;935,5;935,1;;21,2;19;21,7;21,2;19,6;19;89;86;87;80;0;0;
2021/02/02;0800 UTC;0;935,8;935,8;935,3;;20,8;19,2;21,2;20,7;19,3;19;90;87;90;295;0;0;
2021/02/02;0900 UTC;0;936,2;936,2;935,8;10,6;20,8;19;20,9;20,6;19,2;19;91;89;90;94;1,6;,4;
2021/02/02;1000 UTC;0;936,9;937;936,2;319;21,8;19,4;21,8;20,8;19,6;19;90;86;86;103;1,7;,7;
2021/02/02;1100 UTC;0;937,3;937,3;936,9;1367,2;24,7;19,2;24,8;21,8;19,9;19;86;71;72;107;3;1;
2021/02/02;1200 UTC;0;937,2;937,3;937,2;2217;26,3;18,8;26,4;24,4;20;17,7;73;61;63;84;4,7;2,5;
2021/02/02;1300 UTC;0;937,3;937,3;937,2;2906,3;28,1;19,5;28,3;26,3;20,1;18,4;63;58;59;85;5,6;2,5;
2021/02/02;1400 UTC;0;936,9;937,3;936,8;3179,5;29,2;18,8;29,5;27,7;20,2;18,3;62;52;53;40;5,1;1,9;
2021/02/02;1500 UTC;0;936,4;936,9;936,4;3553,9;30,8;20,6;30,8;29;20,6;18,6;57;52;55;14;5,5;2,1;
2021/02/02;1600 UTC;0;935,8;936,4;935,8;3020,7;31;20,1;31,3;30,1;20,4;19;55;49;52;11;6,1;1,8;
2021/02/02;1700 UTC;0;934,7;935,8;934,7;1756,3;30;19,5;31,6;30;20,2;18,6;54;48;53;352;6,6;2,4;
2021/02/02;1800 UTC;0;934,1;934,7;934;1112,5;26,7;18,2;30,4;26,7;20,4;17,9;59;51;59;77;7,2;2,5;
2021/02/02;1900 UTC;0;934,6;934,9;933,9;97,9;23,3;19,6;26,7;22,9;20,5;15,7;86;52;80;222;5,7;1,6;
2021/02/02;2000 UTC;,2;934,6;934,7;934,3;40,2;22,7;19,4;23,4;22,5;19,7;17,9;83;72;81;289;5,4;1,5;
2021/02/02;2100 UTC;,2;934,2;934,7;934,1;139,1;22,8;19,7;23;22,2;19,9;19,1;85;80;83;305;6,6;,9;
2021/02/02;2200 UTC;0;935,3;935,3;934,2;22,7;22,7;19,4;23,2;22,6;19,8;18,9;83;78;82;265;3;,7;
2021/02/02;2300 UTC;0;936,2;936,2;935,3;;23,1;20;23,2;22,7;20;19,3;83;80;83;245;2,7;,1;
2021/02/03;0000 UTC;,2;936,8;936,8;936,2;;22,5;20,1;23,3;22,5;20,2;19,8;87;82;86;21;1,6;0;
2021/02/03;0100 UTC;0;938;938;936,8;;21,6;19,7;22,5;21,6;20,2;19,5;89;85;89;171;2,9;,6;
2021/02/03;0200 UTC;0;938,1;938,1;937,7;;21,8;19,7;21,8;21,5;19,8;19,4;90;88;88;189;2,2;0;
2021/02/03;0300 UTC;0;937,1;938,1;937,1;;22,1;19,5;22,1;21,7;19,8;19,2;88;84;86;288;1,4;0;
2021/02/03;0400 UTC;0;937;937,1;936,8;;21,9;19,3;22,1;21,9;19,5;19,2;86;84;85;293;1,3;,1;
2021/02/03;0500 UTC;0;936,9;937,2;936,9;;22,8;18,7;22,9;21,9;19,5;18,7;85;77;77;2;2,6;,7;
2021/02/03;0600 UTC;0;936,5;936,9;936,5;;22,1;18,9;22,9;22,1;18,9;18,6;82;77;82;294;3,8;,2;
2021/02/03;0700 UTC;0;936,3;936,5;936,3;;21,2;19,1;22,1;21,2;19,2;18,7;88;82;88;163;1,3;0;
2021/02/03;0800 UTC;0;936,7;936,7;936,3;;20,8;19,2;21,2;20,8;19,4;19;91;88;91;18;0;0;
2021/02/03;0900 UTC;0;937,2;937,3;936,7;14,1;20,8;19,1;20,8;20,6;19,3;18,9;91;90;90;260;0;0;
2021/02/03;1000 UTC;0;937,7;937,7;937,2;500,2;24,1;19,8;24,1;20,8;19,9;19;90;77;77;321;1,7;,1;
2021/02/03;1100 UTC;0;938,4;938,4;937,7;1335;26,3;18,8;26,3;24,1;20,1;18,4;77;63;63;107;2,2;,9;
2021/02/03;1200 UTC;0;939,1;939,1;938,4;1791,5;25,6;19,7;26,8;25,5;19,9;18,3;71;60;70;105;4,5;2,5;
2021/02/03;1300 UTC;0;938,9;939,2;938,9;2915,3;28,2;19,7;28,3;25,6;20,8;19,4;71;60;60;95;5,4;2,6;
2021/02/03;1400 UTC;0;938,4;938,9;938,3;3484,3;29;19,4;29,3;27,7;20,2;18,7;62;56;57;55;7,8;3;
2021/02/03;1500 UTC;0;938;938,4;938;3759,7;29;19;29,7;28,6;19,9;18,6;58;53;55;39;7,8;3;
2021/02/03;1600 UTC;0;937,3;938;937,2;3524,2;29,5;18,6;30,8;29;20,3;18,4;56;49;52;76;7,2;2,4;
2021/02/03;1700 UTC;0;936,2;937,4;936,2;2664,8;30,2;18,8;30,7;29;20,8;18,8;60;50;51;54;5,9;2,1;
2021/02/03;1800 UTC;0;934,6;936,2;934,6;2874,5;31,7;19,5;31,8;30;20,1;18;53;47;48;345;5,6;1,2;
2021/02/03;1900 UTC;0;934;934,6;934;2181,4;31,1;18,1;32;31;19,7;17,4;49;44;46;310;4,8;1,2;
2021/02/03;2000 UTC;0;934,2;934,3;934;1126,8;31,1;18,6;31,5;30,6;19,3;17,6;49;45;47;43;3,3;,3;
2021/02/03;2100 UTC;0;934,5;934,5;934,1;393,1;29;20,2;31,1;29;20,3;18;59;46;59;91;1,8;,5;
2021/02/03;2200 UTC;0;935,1;935,2;934,5;15,4;27,4;19,8;29;27,4;20,4;19,7;64;58;64;181;1,8;0;
2021/02/03;2300 UTC;0;936;936;935,1;;27;20,3;27,4;26,7;20,9;19,3;70;61;66;279;2,1;,2;
2021/02/04;0000 UTC;0;937,3;937,3;936;;26,2;20,6;27,1;26;20,8;20,2;73;66;71;287;2,4;,7;
2021/02/04;0100 UTC;0;937,7;937,8;937,2;;25,7;20,6;26,3;25,5;20,7;20,3;75;70;74;287;2,7;,5;
2021/02/04;0200 UTC;0;937,3;937,9;937,3;;25,4;20,2;25,6;25,2;20,6;20,2;75;73;73;284;2,6;,7;
2021/02/04;0300 UTC;0;937;937,3;937;;25,9;20,3;26,1;25,1;20,6;20;74;71;72;285;3,4;1,4;
2021/02/04;0400 UTC;0;936,7;937;936,7;;25,7;20,1;25,9;25;20,5;20,1;76;71;71;258;4,2;,9;
2021/02/04;0500 UTC;0;936,1;936,7;936,1;;25,2;20,2;25,7;24,6;20,6;20,1;78;71;74;287;2,5;,6;
2021/02/04;0600 UTC;0;935,9;936,1;935,8;;24,8;19,7;25,2;24,8;20,2;19,7;74;72;73;258;3,5;1,8;
2021/02/04;0700 UTC;1,6;935,8;936,1;935,8;;22,7;20,1;24,8;22,7;20,3;19;85;73;85;264;4,8;1,8;
2021/02/04;0800 UTC;,8;936,9;936,9;935,7;;22,9;20,5;23,2;22,3;20,8;20,1;89;85;86;120;6,4;1,6;
2021/02/04;0900 UTC;35,6;938,1;938,1;936,9;,9;20,9;19,8;22,9;20,8;20,4;19,7;94;86;94;69;7,7;1,1;
2021/02/04;1000 UTC;23,2;938,7;938,7;938,1;10,5;20,6;19,5;20,9;20,4;19,8;19,4;94;94;94;334;4,8;1,2;
2021/02/04;1100 UTC;2,8;939,3;939,3;938,7;95,9;21,2;19,9;21,2;20,5;19,9;19,5;94;92;92;325;4,8;1,6;
2021/02/04;1200 UTC;2,6;939,2;939,4;939,2;514,9;22;20,7;22,1;21,2;20,9;20;93;92;92;296;4,6;1;
2021/02/04;1300 UTC;,2;938,5;939,2;938,5;2102,8;25,3;20,2;25,4;22;22,6;20,2;93;73;73;308;5,2;1,4;
2021/02/04;1400 UTC;0;937,7;938,5;937,7;2425,1;27,3;20;27,6;25,2;21,6;19,7;77;64;64;309;5,2;1,2;
2021/02/04;1500 UTC;0;936,7;937,7;936,7;3496,4;29,3;19,6;29,3;27,3;21;17,8;68;52;56;258;3,8;,3;
2021/02/04;1600 UTC;0;935,1;936,7;935,1;3737,9;29,4;19,9;30,2;28,9;20,7;18,3;58;50;57;116;3,7;1,1;
2021/02/04;1700 UTC;0;934,1;935,1;934,1;3628,5;30,4;20,7;31,1;29,4;21,6;18,2;61;50;56;113;3,9;1,4;
2021/02/04;1800 UTC;0;933,5;934,1;933,5;2130,7;29,9;19,7;30,6;29,5;21,2;19,1;59;53;54;198;3,7;,3;
2021/02/04;1900 UTC;0;932,8;933,5;932,7;1250,5;29,6;21,1;30,5;29,3;21,2;19,6;61;54;60;236;3,5;,4;
2021/02/04;2000 UTC;0;932,8;932,8;932,6;1123,7;28,9;20,4;30,6;28,9;21,5;19,7;62;53;60;124;3;,2;
2021/02/04;2100 UTC;0;933,2;933,2;932,7;332,2;27;21,5;29,2;27;21,8;20,2;72;58;72;132;1,4;0;
2021/02/04;2200 UTC;0;933,9;933,9;933,2;11,9;26,9;22,2;27;26,9;22,2;21,1;76;70;76;255;0;0;
2021/02/04;2300 UTC;0;934,9;934,9;933,9;;25,2;20,8;27;25,2;22,3;20,7;77;71;77;236;6,2;3,2;
2021/02/05;0000 UTC;,2;936;936;934,8;;23,5;21,4;25,2;23,5;21,6;20,8;88;77;88;32;6,4;,6;
2021/02/05;0100 UTC;,4;936,4;936,5;936;;23,1;21,4;23,4;23,1;21,7;21,3;91;88;90;281;4,8;1,8;
2021/02/05;0200 UTC;0;935,7;936,5;935,7;;22,2;20,4;23,1;22,1;21,4;20,2;90;88;90;299;4,8;,7;
2021/02/05;0300 UTC;0;935,2;935,7;935,1;;22,3;20,6;22,3;22,2;20,6;20,4;90;90;90;308;2,8;,5;
2021/02/05;0400 UTC;0;934,5;935,2;934,5;;22,3;20,4;22,4;22,2;20,6;20,4;90;89;89;293;3,4;,2;
2021/02/05;0500 UTC;0;933,4;934,5;933,4;;22,1;20,2;22,3;22;20,4;20,1;90;88;89;302;2,9;,4;
2021/02/05;0600 UTC;0;933,5;933,5;933,3;;22,3;20,2;22,3;22;20,2;20;89;88;88;253;2,7;1;
2021/02/05;0700 UTC;0;933,5;933,5;933,3;;21,9;20,3;22,3;21,9;20,5;20,1;91;88;91;312;2;0;
2021/02/05;0800 UTC;0;933,5;933,6;933,4;;22,1;20,3;22,4;21,9;20,4;20,2;91;88;89;87;1,3;,2;
2021/02/05;0900 UTC;0;933,9;933,9;933,5;6,6;22,2;20,5;22,2;21,9;20,5;20,2;91;89;90;266;1,3;,3;
2021/02/05;1000 UTC;0;935;935;933,9;182;22,8;20,9;22,8;22,2;20,9;20,4;90;89;89;299;1,9;,1;
2021/02/05;1100 UTC;0;935,3;935,3;935;528,3;23,8;20,8;23,8;22,8;21,1;20,6;89;83;83;277;2,1;,3;
2021/02/05;1200 UTC;0;935,5;935,6;935,3;908,5;24,8;21,3;25,3;23,8;21,8;20,9;84;79;81;103;2,7;1;
2021/02/05;1300 UTC;0;935,3;935,5;935,3;2578,9;27,4;21,3;27,6;24,8;22,2;20,6;82;68;69;356;5,8;3;
2021/02/05;1400 UTC;0;934,3;935,4;934,3;3053,5;28,9;22;29,5;27;22,2;20,5;70;61;66;321;7;2,3;
2021/02/05;1500 UTC;2,6;933,6;934,3;933,6;1690,4;25,7;22,5;30,1;25,6;22,6;20,5;83;62;83;308;7;2;
2021/02/05;1600 UTC;9;932,5;933,6;932,5;1159,6;24,7;21,7;26,1;24,3;23,1;20,8;88;80;83;336;7,5;3,5;
2021/02/05;1700 UTC;0;932;932,5;931,8;1710,6;27,5;21,1;27,9;24,7;23,4;20,7;83;66;68;289;7,9;2,5;
2021/02/05;1800 UTC;0;931,1;932;931,1;758,7;26,8;21,2;27,5;26,8;21,8;20,4;73;66;72;307;6,9;1,1;
2021/02/05;1900 UTC;0;931,2;931,5;931,1;263,8;26,5;21,8;26,9;26,3;22,1;21,1;77;71;76;315;4,1;,2;
2021/02/05;2000 UTC;0;931,3;931,4;931,1;382,6;26,8;21,7;26,8;26,5;22;21,3;76;72;74;304;2,9;,5;
2021/02/05;2100 UTC;0;931,1;931,3;931;239;25,6;21,7;26,8;25,6;21,9;21,3;79;73;79;254;4,7;2;
2021/02/05;2200 UTC;0;932,1;932,1;931,1;20,2;24,3;21,1;25,6;24,3;22;20,7;83;78;82;274;4,6;,1;
2021/02/05;2300 UTC;0;933,5;933,5;932,2;;23,8;21,1;24,3;23,7;21,3;20,8;85;82;85;266;2,1;,1;
2021/02/06;0000 UTC;0;933,6;933,7;933,4;;23,9;21,5;24;23,7;21,5;20,9;87;84;87;308;2;,6;
2021/02/06;0100 UTC;0;934;934,1;933,6;;24,2;21,6;24,2;23,8;21,6;21,4;87;85;85;253;2;,1;
2021/02/06;0200 UTC;0;933,9;934;933,6;;23,6;21,2;24,3;23,6;21,8;21,2;88;85;87;217;2,2;,2;
2021/02/06;0300 UTC;0;933,9;933,9;933,7;;23,7;20,3;23,8;23,3;21,3;20,1;87;80;81;230;2,9;,6;
2021/02/06;0400 UTC;0;933;933,9;933;;22,6;20,6;23,7;22,5;20,7;20,1;89;81;89;183;3,3;,3;
2021/02/06;0500 UTC;0;932,3;933;932,3;;22,3;20,7;22,6;22,2;20,8;20,6;91;89;91;164;2;,3;
2021/02/06;0600 UTC;,2;932,4;932,5;932,2;;22,3;21,1;22,4;22,2;21,2;20,7;93;91;93;222;1,6;,1;
2021/02/06;0700 UTC;0;932,5;932,5;932,2;;22,3;21,1;22,4;22,2;21,1;21;93;92;93;258;1,4;,6;
2021/02/06;0800 UTC;1,8;932,9;932,9;932,5;;22,2;21,1;22,4;22,1;21,3;20,9;93;93;93;320;1,4;0;
2021/02/06;0900 UTC;1,6;933,6;933,6;932,9;1,9;22;20,9;22,3;22;21,2;20,9;93;93;93;5;1,6;0;
2021/02/06;1000 UTC;,2;934;934;933,6;47,3;22,1;21;22,3;22;21,2;20,9;94;93;93;297;1,8;,2;
2021/02/06;1100 UTC;13,6;934,9;934,9;934;125,3;20,9;19,7;22,4;20,9;21,3;19,7;94;92;93;220;2,9;0;
2021/02/06;1200 UTC;5,6;935,3;935,3;934,9;262,7;21,7;20,6;21,7;20,9;20,6;19,7;94;93;94;267;1,8;0;
2021/02/06;1300 UTC;10,2;935,6;935,8;935,3;486,5;22,6;21,5;22,6;21,3;21,5;20,1;94;93;94;248;1,9;,3;
2021/02/06;1400 UTC;,2;935,5;935,7;935,5;1001,6;23,3;21,6;23,3;22,4;21,7;21;94;90;90;261;3;,8;
2021/02/06;1500 UTC;,2;934,8;935,5;934,8;1461,2;23,7;21;24;23;22;20,6;91;85;85;44;2,8;1,1;
2021/02/06;1600 UTC;2,4;934,3;934,8;934,3;1100;22,6;20,9;24,8;22,6;21,8;20,5;90;79;90;81;3,1;,5;
2021/02/06;1700 UTC;5,6;933,9;934,3;933,8;2375,6;24,5;20,9;24,6;22,2;22,7;20,6;92;80;81;99;3,6;1,2;
2021/02/06;1800 UTC;0;933,3;933,9;933,3;1287,3;23,9;20,8;25,6;23,9;21,8;20,8;84;76;83;45;3,9;,9;
2021/02/06;1900 UTC;2,6;933,4;933,5;933;154,8;21,2;19,5;23,9;21,1;21;18,7;90;82;90;297;10,4;1,5;
2021/02/06;2000 UTC;4;933,4;933,6;933;64;21,4;20;21,6;20,9;20,3;19,4;92;90;92;276;5,2;1,5;
2021/02/06;2100 UTC;3,8;933,9;933,9;933,4;122,4;21,4;20,1;21,6;21,3;20,4;20;93;92;93;234;4,5;,4;
2021/02/06;2200 UTC;,6;934,1;934,1;933,8;38,5;21,3;20,2;21,5;21,1;20,3;19,9;93;93;93;1;2,3;0;
2021/02/06;2300 UTC;0;934,5;934,5;934,1;;21,1;20;21,3;21,1;20,2;20;93;93;93;326;1,7;,4;
2021/02/07;0000 UTC;,2;934,9;934,9;934,5;;20,9;19,9;21,2;20,8;20,1;19,8;94;93;94;45;1,7;0;
2021/02/07;0100 UTC;0;935,3;935,3;934,9;;20,7;19,7;20,9;20,7;19,8;19,6;94;94;94;323;1;,2;
2021/02/07;0200 UTC;0;935,3;935,4;935,2;;21,3;20,3;21,3;20,7;20,3;19,8;94;94;94;334;2;,3;
2021/02/07;0300 UTC;0;934,5;935,3;934,5;;21,5;20,5;21,6;21,3;20,6;20,3;94;94;94;324;3;1;
2021/02/07;0400 UTC;0;934,3;934,5;934,3;;21,4;20,4;21,6;21,4;20,6;20,4;94;94;94;325;3,9;1,2;
2021/02/07;0500 UTC;0;933,8;934,3;933,8;;21,3;20,3;21,5;21,3;20,4;20,2;94;94;94;323;3,5;1;
2021/02/07;0600 UTC;0;933,6;933,8;933,6;;21,5;20,3;21,5;21,3;20,3;20,2;94;93;93;351;3,6;,8;
2021/02/07;0700 UTC;0;933,7;933,7;933,6;;21,4;20,3;21,6;21,4;20,5;20,2;93;93;93;41;2,9;,4;
2021/02/07;0800 UTC;1;934;934,1;933,7;;21,2;20,1;21,4;21,2;20,3;20,1;93;93;93;334;3;1;
2021/02/07;0900 UTC;,2;934,3;934,3;933,8;32,2;21,4;20,2;21,4;21,2;20,3;20;93;93;93;342;5,1;2,9;
2021/02/07;1000 UTC;,8;935;935;934,3;68,4;21,5;20,3;21,5;21,4;20,3;20,1;93;92;93;320;5,1;1,1;
2021/02/07;1100 UTC;1;935,5;935,5;934,9;111,1;21,5;20,3;21,5;21,3;20,4;20;93;92;93;330;6;,5;
2021/02/07;1200 UTC;,4;936,2;936,3;935,5;348,4;21,9;20,6;22;21,5;20,8;20,3;93;92;92;286;3,1;,5;
2021/02/07;1300 UTC;,2;936;936,2;935,9;612,7;22,4;20,5;22,7;21,8;21;20,4;93;89;89;265;4,1;1,1;
2021/02/07;1400 UTC;0;935,8;936;935,8;1344,3;23,7;20,9;23,8;22,4;21,4;20,6;90;83;84;281;5,2;1;
2021/02/07;1500 UTC;0;935;935,8;935;1366,6;24,6;21,2;24,7;23,7;21,9;20,6;86;80;81;302;3,7;,7;
2021/02/07;1600 UTC;,2;933,9;935;933,9;1869,5;25,1;21;26,7;24,5;22;20;82;70;78;243;4,5;1,7;
2021/02/07;1700 UTC;0;933,1;933,9;933,1;2934,7;27,1;20,9;27,1;24,6;22;19,7;82;67;69;259;7,6;3,2;
2021/02/07;1800 UTC;0;932,9;933,1;932,9;2275,4;24,9;20,6;27,4;24,9;20,8;19;77;61;77;231;8,6;2,5;
2021/02/07;1900 UTC;0;932,2;932,9;932,2;1245,5;25,4;20,3;25,5;24,2;20,7;19,7;79;71;73;222;6,2;1;
2021/02/07;2000 UTC;0;932,1;932,2;932;1563,8;25,9;19,6;26,3;25,4;20,6;19,4;73;68;68;218;4,2;,5;
2021/02/07;2100 UTC;0;932,5;932,5;932,1;455,2;24,4;19,4;25,9;24,4;19,9;18,9;74;67;73;198;4,1;,2;
2021/02/07;2200 UTC;0;933,5;933,5;932,4;19,8;22,9;20,3;24,4;22,9;20,4;19,5;86;73;86;72;2,1;0;
2021/02/07;2300 UTC;0;934,1;934,1;933,4;;22,5;20,4;22,9;22,5;20,6;20,3;88;86;88;133;1,5;0;
2021/02/08;0000 UTC;0;934,6;934,6;934,1;;22,5;20,5;22,5;22,3;20,6;20,3;89;88;88;122;0;0;
2021/02/08;0100 UTC;0;934,8;934,8;934,5;;22,1;20,2;22,6;22;20,4;20;89;86;89;268;0;0;
2021/02/08;0200 UTC;0;934,7;934,9;934,7;;21,8;20,2;22,1;21,8;20,3;20,1;91;89;91;299;0;0;
2021/02/08;0300 UTC;0;934,4;934,7;934,4;;21,9;20;22;21,7;20,3;19,9;91;89;89;316;1,1;0;
2021/02/08;0400 UTC;0;933,9;934,4;933,9;;22;20;22,1;21,9;20,2;19,9;89;88;88;353;0;0;
2021/02/08;0500 UTC;0;933,3;933,9;933,3;;21,6;19,5;22;21,6;20;19,5;89;88;88;308;1,1;,1;
2021/02/08;0600 UTC;0;933;933,3;933;;21,1;19,3;21,6;21,1;19,6;19,3;90;88;90;290;2,6;,4;
2021/02/08;0700 UTC;0;933,1;933,1;932,9;;20,6;19,1;21,1;20,6;19,4;19,1;91;90;91;320;2,6;,1;
2021/02/08;0800 UTC;0;933,3;933,4;933,1;;20,2;18,8;20,6;20,2;19,2;18,8;92;91;92;317;1,9;,1;
2021/02/08;0900 UTC;0;933,9;933,9;933,3;9,2;20;18,9;20,2;19,9;18,9;18,6;93;92;93;302;1,9;,3;
2021/02/08;1000 UTC;0;934,9;934,9;933,9;503,1;22,9;20;22,9;20,1;20;18,9;93;84;84;298;3,1;,8;
2021/02/08;1100 UTC;0;935,5;935,5;934,9;1372,4;25,2;20,3;25,2;22,9;20,9;19,9;84;74;74;305;4,3;1,2;
2021/02/08;1200 UTC;0;935,6;935,7;935,4;2043,3;26;20,5;26;25,1;20,7;19,6;75;69;72;328;4,3;1,3;
2021/02/08;1300 UTC;0;935,5;935,7;935,5;1953,9;26,6;20,3;27,2;25,5;20,9;18,5;72;62;68;301;4,2;1,4;
2021/02/08;1400 UTC;0;935,2;935,5;935,2;3842,8;28,6;19,5;28,6;26,7;20,4;18,1;68;55;58;280;3,7;1,3;
2021/02/08;1500 UTC;0;934,6;935,2;934,6;3413,2;28,5;18,1;29,5;27,6;19,4;16,2;58;46;53;35;3,8;,8;
2021/02/08;1600 UTC;0;933,8;934,6;933,8;3455,1;29,8;18,2;30,2;28,2;18,6;15,8;55;42;50;55;5,2;1,3;
2021/02/08;1700 UTC;0;932,9;933,8;932,9;3842,9;30,2;17,1;31;29,4;19,4;16,7;54;44;45;87;4,4;1,2;
2021/02/08;1800 UTC;0;931,9;932,9;931,9;2812,4;30,5;16,8;30,5;29,1;17,6;14,9;50;39;44;51;4,2;1,9;
2021/02/08;1900 UTC;0;931,3;931,9;931,3;1727,7;29,1;17,5;30,8;28,8;17,5;16;49;42;49;49;4,4;1;
2021/02/08;2000 UTC;0;931,5;931,6;931,3;1009,6;28,1;18,5;29,2;27,7;19,2;17,6;58;50;56;345;7,1;2,8;
2021/02/08;2100 UTC;0;931,8;931,9;931,5;273,9;25,7;18;28,2;25,5;18,6;17,3;63;53;63;69;5,9;,7;
2021/02/08;2200 UTC;0;932,9;932,9;931,8;17;24,9;18,7;25,8;24,9;19,2;17,9;70;62;68;149;4,2;,7;
2021/02/08;2300 UTC;0;933,7;933,7;932,9;;22,2;17,6;24,9;22,1;18,7;17;76;65;75;101;4,1;,7;
2021/02/09;0000 UTC;0;934,4;934,4;933,7;;22,6;18;22,6;21,8;18,1;17,1;77;74;75;282;1,5;0;
2021/02/09;0100 UTC;0;934,7;934,7;934,3;;21,9;18,5;22,7;21,9;18,7;18;82;75;81;140;2,3;0;
2021/02/09;0200 UTC;0;934,7;935;934,7;;21,2;18,6;21,9;21,2;18,8;18,5;85;81;85;206;0;0;
2021/02/09;0300 UTC;0;934,3;934,7;934,2;;20,6;18,3;21,2;20,6;18,9;18,3;87;85;87;274;1,5;,8;
2021/02/09;0400 UTC;0;933,8;934,3;933,8;;20,5;18,1;20,6;20,3;18,3;17,8;87;86;86;226;2,1;0;
2021/02/09;0500 UTC;0;933,8;933,8;933,7;;19,6;17,6;20,5;19,6;18;17,6;89;86;88;297;1,2;,1;
2021/02/09;0600 UTC;0;934;934;933,7;;19,4;17,4;19,6;19,3;17,7;17,4;90;88;88;304;1,2;0;
2021/02/09;0700 UTC;0;934,3;934,4;933,9;;18,6;17,2;19,4;18,6;17,5;17,1;91;88;91;301;1;0;
2021/02/09;0800 UTC;0;934,5;934,6;934,3;;18,8;17,2;18,8;18,5;17,3;16,9;91;90;91;271;2,2;1;
2021/02/09;0900 UTC;0;934,9;934,9;934,5;8,8;18,9;17,4;18,9;18,5;17,4;16,9;91;90;91;260;1,9;0;
2021/02/09;1000 UTC;0;935,9;935,9;934,9;477,5;22,6;18,7;22,8;18,9;18,8;17,5;91;77;79;57;1,9;,3;
2021/02/09;1100 UTC;0;936,4;936,4;935,9;1374,7;22,9;18,6;23,2;21,9;19,5;18,2;82;75;76;143;3;,9;
2021/02/09;1200 UTC;0;936,4;936,5;936,3;2271,4;25,9;18,8;26;22,9;19,5;18,4;77;63;65;5;2,9;,6;
2021/02/09;1300 UTC;0;936,3;936,5;936,3;2333,6;26,1;18,7;26,8;25,5;20;18,3;69;62;64;294;3,4;1;
2021/02/09;1400 UTC;0;935,9;936,4;935,9;1622,2;26,5;19,7;27,9;25,5;20,3;18,3;69;60;66;94;3,9;,2;
2021/02/09;1500 UTC;0;935,5;935,9;935,5;2286,8;28,2;18,6;29;26,3;20,3;18,4;67;56;56;356;5,6;2,4;
2021/02/09;1600 UTC;0;934,9;935,6;934,9;3625,7;27,8;17,6;29,3;27,6;19,7;17,6;59;52;54;2;5,8;2,2;
2021/02/09;1700 UTC;0;934,2;934,9;934,2;3180,7;28,7;17,3;30,2;27,8;18,5;15,6;54;42;50;129;5,1;,5;
2021/02/09;1800 UTC;0;933,5;934,2;933,5;3167,7;30,8;16,5;30,8;28,8;17,8;15,4;50;40;42;352;4,6;1,9;
2021/02/09;1900 UTC;0;933,1;933,5;933,1;1206,4;28,2;18;30,8;28,2;18;15,6;54;40;54;344;4,1;1,5;
2021/02/09;2000 UTC;1,4;933,6;933,6;933,1;525;22,8;17,8;28,8;22,8;18,6;17;74;49;74;235;8,4;3,5;
2021/02/09;2100 UTC;,6;933,7;933,7;933,4;587,1;24,6;19,5;24,9;22,3;20,7;17,6;80;68;73;302;8,4;,2;
2021/02/09;2200 UTC;0;934,1;934,1;933,7;10,5;24,1;20,8;24,6;24;20,8;19,4;82;73;82;325;2,8;0;
2021/02/09;2300 UTC;0;934,8;934,8;934,1;;23,7;20,3;24,1;23,6;20,9;19,9;84;79;82;262;1,2;,1;
2021/02/10;0000 UTC;0;935,3;935,4;934,8;;23;19,2;23,7;23;20,4;18,8;83;76;79;272;1,7;0;
2021/02/10;0100 UTC;0;935,8;935,8;935,3;;22,5;19,1;23,1;22,4;19,4;18,8;81;79;81;263;1,6;0;
2021/02/10;0200 UTC;0;936;936,1;935,8;;22;19,4;22,5;21,9;19,4;18,8;85;80;85;285;1,9;,2;
2021/02/10;0300 UTC;0;935,9;936,1;935,9;;21,9;19,6;22,3;21,8;19,8;19,4;88;84;87;212;1,9;0;
2021/02/10;0400 UTC;0;935,3;935,9;935,3;;20,9;19,2;21,9;20,8;19,8;19;90;87;90;218;3,1;0;
2021/02/10;0500 UTC;0;935;935,4;935;;20,8;19,2;21;20,7;19,3;19;91;90;91;261;,6;0;
2021/02/10;0600 UTC;0;934,6;935;934,6;;20,4;19,1;20,9;20,4;19,3;18,9;92;91;92;291;1,6;,1;
2021/02/10;0700 UTC;0;934,6;934,7;934,5;;20,4;19;20,6;20,4;19,1;18,9;92;91;91;266;1,8;,1;
2021/02/10;0800 UTC;0;934,7;934,7;934,6;;20,3;18,8;20,6;20,3;19,2;18,8;92;91;91;271;1,6;,2;
2021/02/10;0900 UTC;0;935,1;935,1;934,6;11,6;20,7;19;20,7;20,2;19;18,8;92;90;90;274;1,8;,9;
2021/02/10;1000 UTC;0;935,9;935,9;935,1;416,6;23,4;19,3;23,6;20,7;20;19;90;78;78;168;1,8;,1;
2021/02/10;1100 UTC;0;936,5;936,5;935,9;1183,3;24,7;20,1;24,8;22,7;20,4;19,2;83;76;76;124;2;,4;
2021/02/10;1200 UTC;0;936,9;937;936,5;2151,5;26,8;20,7;26,9;24,6;21,2;19,5;79;70;70;95;2,9;1,2;
2021/02/10;1300 UTC;0;936,8;937;936,7;2531,2;28,1;20,3;28,1;26,5;21;19,4;71;60;63;87;5,3;3;
2021/02/10;1400 UTC;0;936,5;936,8;936,5;1031,8;26;20,6;28,3;25,1;21;19,5;75;63;72;309;5,3;,4;
2021/02/10;1500 UTC;,6;936,7;936,7;936,3;1002,8;22,5;18,7;27,5;22,5;21,4;17,1;80;61;79;88;5,7;3,3;
2021/02/10;1600 UTC;,8;935,4;936,7;935,4;2017,3;25,8;19,9;25,8;21,8;20,1;17,1;85;68;70;334;9,2;,7;
2021/02/10;1700 UTC;0;934,7;935,4;934,7;2109,7;26,6;19;27,9;25,9;19,4;15,8;69;48;63;161;3;,3;
2021/02/10;1800 UTC;0;933,9;934,7;933,9;1077,7;26,8;19,1;27,4;26,5;19,9;18,3;66;57;63;229;1,8;0;
2021/02/10;1900 UTC;0;933,3;933,9;933,3;564,6;25,9;19,1;27;25,9;20,3;18,7;69;61;66;180;1,5;0;
2021/02/10;2000 UTC;0;933,3;933,6;933,3;517,9;26,7;19,9;27,3;25,9;20;18,2;67;58;67;318;2,2;,6;
2021/02/10;2100 UTC;0;934,1;934,1;933,3;205;25,2;20,3;26,7;25,2;21;19,9;75;66;74;282;3,9;,8;
2021/02/10;2200 UTC;0;934,6;934,7;934;7,4;23;18,9;25,2;22,9;20,3;18,6;78;70;78;286;6;1,4;
2021/02/10;2300 UTC;0;935,1;935,1;934,6;;23,1;17,9;23,2;22,9;18,9;17,6;78;71;73;293;5,5;1,2;
2021/02/11;0000 UTC;0;935,7;935,7;935,1;;22,4;18,5;23,1;22,4;18,5;17,9;78;73;78;211;3,2;0;
2021/02/11;0100 UTC;0;936,2;936,3;935,7;;22,4;18,6;22,7;22,4;18,8;18,4;80;77;79;320;1,4;,4;
2021/02/11;0200 UTC;0;936,2;936,4;936,1;;22,1;18,7;22,6;22;18,7;18,3;81;76;81;307;3,5;,8;
2021/02/11;0300 UTC;0;935,9;936,2;935,9;;21,7;18,6;22,2;21,7;18,8;18,5;83;81;83;311;3,3;,2;
2021/02/11;0400 UTC;0;935,8;936;935,8;;20,5;18,7;21,7;20,3;18,7;18,4;90;83;90;118;3,2;,8;
2021/02/11;0500 UTC;0;935,5;935,8;935,2;;20,2;18,7;20,5;20,2;18,9;18,6;91;89;91;84;1,6;0;
2021/02/11;0600 UTC;0;935,2;935,5;935,1;;20,2;18,9;20,2;19,9;18,9;18,6;93;91;92;281;1,5;0;
2021/02/11;0700 UTC;0;935,1;935,2;935;;20,7;18,6;20,9;20,2;18,9;18,5;92;87;88;295;1,6;,2;
2021/02/11;0800 UTC;0;934,8;935,1;934,7;;20,2;18,3;20,7;20,2;18,7;18,3;90;88;89;299;1,6;0;
2021/02/11;0900 UTC;0;935,7;935,7;934,8;9,4;19,7;18,4;20,5;19,7;18,4;17,9;92;87;92;124;2,6;1,4;
2021/02/11;1000 UTC;0;936,7;936,7;935,7;221,5;20;19;20;19,6;19;18,4;94;92;94;241;2,6;0;
2021/02/11;1100 UTC;0;936,8;936,8;936,6;1023,4;23,8;19,1;23,8;20;19,8;18,6;94;75;75;142;1,4;0;
2021/02/11;1200 UTC;0;937;937;936,8;1766,4;25,4;19,3;25,4;23,6;20;18,8;76;68;69;348;5,4;2,3;
2021/02/11;1300 UTC;0;937,2;937,2;937;2455,1;27,5;19,7;27,9;25,4;20,4;18,7;70;60;62;311;5,8;2,1;
2021/02/11;1400 UTC;0;936,7;937,2;936,7;2644,2;28;19,3;29;27;20,7;18,8;65;55;59;322;5,4;1;
2021/02/11;1500 UTC;0;936,4;936,7;936,4;1937,1;28,5;20,1;28,6;27,4;20,6;19,1;65;58;61;344;4,2;1,9;
2021/02/11;1600 UTC;0;935,4;936,4;935,4;2669,2;29;19,1;29,1;28;20,6;18,9;62;54;55;348;5,7;2,3;
2021/02/11;1700 UTC;0;934,4;935,4;934,4;2941,8;30,1;17,3;30,8;29;20,5;16,5;59;43;46;327;6,1;1,5;
2021/02/11;1800 UTC;0;933,3;934,4;933,3;2479,3;30;19,1;30,5;29,3;19,1;17,4;53;47;52;275;4,4;,4;
2021/02/11;1900 UTC;0;932,7;933,3;932,7;1237,1;29,7;18,2;30,3;29,3;19,1;17,2;53;48;50;342;3,7;1,2;
2021/02/11;2000 UTC;0;932,5;932,7;932,3;652,4;28,7;18,5;29,7;28,7;18,9;17,7;55;49;54;341;3,6;,9;
2021/02/11;2100 UTC;0;933,2;933,2;932,5;240,9;27,2;19,4;28,7;27,2;20;18,7;63;54;62;334;4,1;2,4;
2021/02/11;2200 UTC;0;933,8;933,8;933,2;11;26,1;20,3;27,2;26,1;20,3;19,5;70;62;70;291;4,9;,6;
2021/02/11;2300 UTC;0;934,7;934,7;933,8;;25,4;20,5;26,1;25,4;20,5;20;74;70;74;274;2,8;,4;
2021/02/12;0000 UTC;0;935,3;935,3;934,7;;24,9;20,7;25,4;24,6;20,8;20,4;79;75;78;287;2,5;,8;
2021/02/12;0100 UTC;0;935,8;935,8;935,3;;24,2;20,7;24,9;24,1;20,8;20,5;81;77;81;115;2,1;0;
2021/02/12;0200 UTC;0;936;936,1;935,8;;23,9;20,9;24,2;23,8;21;20,6;84;81;83;253;1,5;,4;
2021/02/12;0300 UTC;0;935,9;936;935,7;;23,5;20,7;24,2;23,3;20,9;20,4;85;81;85;50;1,8;,3;
2021/02/12;0400 UTC;,2;935,4;936;935,4;;22,2;20,3;23,5;22,2;20,9;20,2;89;83;89;84;5,8;2,3;
2021/02/12;0500 UTC;,8;935,2;935,4;934,8;;21,5;20;22,2;21,5;20,3;19,9;91;89;91;146;5,1;1;
2021/02/12;0600 UTC;3,2;935,4;935,4;935;;21;19,8;21,5;20,9;20;19,6;93;91;93;220;3,9;,2;
2021/02/12;0700 UTC;1;935,4;935,5;935,1;;20,9;19,7;21,1;20,8;19,9;19,6;93;93;93;134;2,5;,1;
2021/02/12;0800 UTC;2,4;935,4;935,6;935,2;;20,7;19,6;21,1;20,7;20;19,6;94;93;94;121;4;,9;
2021/02/12;0900 UTC;,6;936,2;936,2;935,4;0;20,2;19,2;20,7;20,1;19,6;19,1;94;94;94;295;3;0;
2021/02/12;1000 UTC;3,8;937,3;937,3;936,2;43,9;20,4;19,3;20,5;20;19,4;18,9;94;93;94;78;3,9;1,1;
2021/02/12;1100 UTC;8,2;937,5;937,5;937,2;29,3;20,4;19,4;20,5;20,2;19,4;19,2;94;94;94;102;2,8;0;
2021/02/12;1200 UTC;3,2;938,2;938,2;937,5;51,8;20,6;19,6;20,6;20,4;19,6;19,4;94;94;94;104;1,7;0;
2021/02/12;1300 UTC;2,8;938,4;938,4;938,1;156;20,9;19,9;20,9;20,4;19,9;19,5;94;94;94;249;1,8;,3;
2021/02/12;1400 UTC;2,2;939;939;938,4;147,9;20,9;19,9;21,1;20,8;20;19,8;94;94;94;319;1,6;,1;
2021/02/12;1500 UTC;4,6;939;939,1;939;151,9;20,8;19,8;21;20,7;20;19,7;94;94;94;328;3,4;1,2;
2021/02/12;1600 UTC;3,4;938,1;939;938,1;437;21,3;20;21,3;20,6;20,1;19,3;94;92;92;325;5,8;1,8;
2021/02/12;1700 UTC;,6;936,5;938,1;936,5;766,2;21,5;19,8;21,7;21,3;20,3;19,7;92;90;90;292;5,4;1,5;
2021/02/12;1800 UTC;0;936;936,5;936;446,6;21,5;19,8;21,6;21,3;19,9;19,6;91;89;90;293;5,3;1,1;
2021/02/12;1900 UTC;,4;936,1;936,2;936;413,7;21,6;19,9;21,6;21,3;20;19,5;91;89;90;304;5,3;,3;
2021/02/12;2000 UTC;,2;935,7;936,1;935,7;353,2;21,6;19,7;21,7;21,4;19,9;19,5;90;89;89;349;2,7;,3;
2021/02/12;2100 UTC;0;936;936,1;935,6;137,9;21,4;19,6;21,7;21,4;19,9;19,6;90;89;90;71;1,7;,3;
2021/02/12;2200 UTC;0;936,6;936,6;936;9,1;21,1;19,5;21,4;21,1;19,8;19,5;91;90;91;59;2,4;,1;
2021/02/12;2300 UTC;0;937,4;937,4;936,6;;21;19,6;21,2;21;19,7;19,5;92;90;92;40;1,1;,1;
2021/02/13;0000 UTC;0;938,1;938,1;937,4;;21;19,8;21,1;21;19,8;19,5;92;91;92;57;1,3;0;
2021/02/13;0100 UTC;0;938,5;938,6;938,1;;21,1;19,7;21,2;21;19,9;19,7;93;92;92;27;2;,4;
2021/02/13;0200 UTC;0;938,4;938,6;938,4;;21;19,6;21,2;21;19,7;19,6;92;91;92;58;3;0;
2021/02/13;0300 UTC;0;937,7;938,4;937,7;;20,9;19,6;21,1;20,8;19,7;19,6;92;92;92;140;,8;0;
2021/02/13;0400 UTC;0;937;937,7;937;;20,7;19,5;20,9;20,6;19,7;19,5;93;92;93;72;1,4;,2;
2021/02/13;0500 UTC;0;936,7;937;936,7;;21;19,4;21;20,6;19,5;19,4;93;91;91;316;2,7;,1;
2021/02/13;0600 UTC;0;936,1;936,7;936,1;;21;19,2;21,2;21;19,5;19,2;91;89;89;348;3,5;1,2;
2021/02/13;0700 UTC;0;935,9;936,1;935,8;;20,8;19,2;21;20,8;19,3;19,2;91;89;91;313;3,6;,3;
2021/02/13;0800 UTC;,2;936,1;936,1;935,9;;20,7;19,3;20,8;20,7;19,3;19,2;92;91;92;8;2;0;
2021/02/13;0900 UTC;0;936,4;936,5;936,1;3,1;20,6;19,4;20,7;20,4;19,4;19,2;93;92;93;71;1;0;
2021/02/13;1000 UTC;0;936,9;936,9;936,4;173,2;21;19,5;21,1;20,6;19,6;19,3;93;90;91;73;1;,3;
2021/02/13;1100 UTC;0;937,6;937,6;936,9;717,8;22,6;19,5;22,7;21,1;20;19,4;92;83;83;286;1,3;,1;
2021/02/13;1200 UTC;0;937,8;937,8;937,5;1287;23,6;19,5;23,8;22,5;20,4;19,2;84;77;78;41;3,5;1,3;
2021/02/13;1300 UTC;0;938;938,2;937,8;1720,5;25,1;19,6;25,3;23,6;20,7;19,1;80;70;72;346;3,5;1,2;
2021/02/13;1400 UTC;0;937,8;938;937,8;2118,5;25,9;19,5;26,4;25;20,2;18,7;74;63;68;342;4,3;1,9;
2021/02/13;1500 UTC;0;937,2;937,7;937,2;2013,7;27;19,4;27;25,9;19,8;18,5;68;63;63;343;5,6;2,3;
2021/02/13;1600 UTC;0;936,1;937,2;936,1;2323,2;27,5;19,5;28;26,8;20,5;18,8;65;60;62;302;6,7;1,8;
2021/02/13;1700 UTC;0;935;936,1;935;2387,1;26,8;20,1;28,1;25,1;20,7;17,9;72;61;67;331;8,6;2,3;
2021/02/13;1800 UTC;0;934,1;935;934,1;3086,2;27;19,6;29,3;26,8;21,9;19,2;68;59;64;351;7,4;3,1;
2021/02/13;1900 UTC;0;933,9;934,1;933,8;1146,2;25,9;20,2;29,5;25,9;20,8;18,6;71;55;71;297;7,3;1,2;
2021/02/13;2000 UTC;0;933,8;934,2;933,8;593,2;25;19,9;25,9;23,5;20,3;19,1;78;69;73;323;8,6;1,5;
2021/02/13;2100 UTC;0;934,1;934,1;933,8;335,9;24,6;20,3;25,3;24,6;20,9;19,8;78;73;77;354;4,6;,5;
2021/02/13;2200 UTC;0;934,2;934,2;934,1;11,6;23,7;20,3;24,6;23,7;20,6;20,1;81;76;81;322;2;,6;
2021/02/13;2300 UTC;0;935,5;935,5;934,2;;23,5;20,3;23,8;23,4;20,5;20,2;83;80;82;54;2,2;,2;
2021/02/14;0000 UTC;0;936;936;935,5;;23,1;20,6;23,5;23;20,6;20,3;86;82;86;331;1,6;0;
2021/02/14;0100 UTC;0;936,5;936,5;936;;23,1;20,6;23,2;23;20,8;20,5;87;85;86;276;2,1;0;
2021/02/14;0200 UTC;0;936,7;936,7;936,5;;23;20;23,2;22,9;20,7;20;86;83;83;98;2,1;,4;
2021/02/14;0300 UTC;0;936,5;936,7;936,4;;22,2;20,1;23;22,2;20,2;19,8;88;83;88;183;2,1;0;
2021/02/14;0400 UTC;0;935,7;936,5;935,7;;22,4;19,8;22,6;22,1;20,1;19,6;88;83;85;217;2;0;
2021/02/14;0500 UTC;0;935,4;935,7;935,4;;21,9;20,2;22,4;21,9;20,3;19,9;90;85;90;113;1,9;0;
2021/02/14;0600 UTC;0;935,2;935,4;935,2;;21,9;20,3;21,9;21,8;20,4;20,1;91;90;91;16;,7;0;
2021/02/14;0700 UTC;0;935,3;935,3;935,1;;21,6;20,3;22;21,6;20,6;20,2;92;91;92;72;,9;0;
2021/02/14;0800 UTC;,2;935,1;935,3;935,1;;21,2;20;21,6;21,2;20,3;20;93;92;93;157;1,4;0;
2021/02/14;0900 UTC;0;935,6;935,6;935,1;16,8;21,2;20,1;21,2;21,1;20,2;19,9;94;93;94;171;1,5;0;
2021/02/14;1000 UTC;0;936,2;936,3;935,6;273,4;21,5;20,4;21,7;21,2;20,6;20,1;94;93;93;28;1,4;,2;
2021/02/14;1100 UTC;0;936,5;936,5;936,2;552,7;22,7;20,6;22,7;21,5;20,7;20,3;93;88;88;67;2,3;,3;
2021/02/14;1200 UTC;,2;936,8;936,9;936,4;1232,5;24,6;20,6;24,6;22,6;21;20,1;89;78;78;35;2,3;,4;
2021/02/14;1300 UTC;0;937,1;937,2;936,8;1174;24,9;19,9;25,1;24,4;20,9;19,3;79;72;74;338;5,3;2,1;
2021/02/14;1400 UTC;0;936,5;937,1;936,5;1753,9;26,8;20,3;27,1;24,9;21;19,7;76;66;68;308;4,8;1,2;
2021/02/14;1500 UTC;0;935,4;936,5;935,4;2590;28,4;20,6;28,5;26,8;20,9;19,7;69;62;63;309;6,6;1,8;
2021/02/14;1600 UTC;0;934,3;935,4;934,3;3093;28;20,5;28,8;27,3;21,1;19,8;67;59;64;314;7,3;2,1;
2021/02/14;1700 UTC;0;932,9;934,3;932,9;3068,5;28,6;19,8;29,2;27,6;21,3;19,2;66;58;59;299;6,2;1,6;
2021/02/14;1800 UTC;0;932,3;932,9;932,3;2553,8;29;19,9;29,7;28,1;21,1;19,5;62;56;58;284;5,7;2,4;
2021/02/14;1900 UTC;0;932,3;932,4;932,1;1781,5;28,8;19,4;29,5;28,5;20,3;19,1;59;55;57;308;6,9;1,7;
2021/02/14;2000 UTC;0;932,6;932,6;932,2;1026,9;27,5;20,2;29;27,5;20,4;19;64;56;64;302;5,6;1,5;
2021/02/14;2100 UTC;0;933,3;933,3;932,6;338;26,5;20;27,6;26,5;20,6;19,8;68;64;68;279;4,5;2,2;
2021/02/14;2200 UTC;0;934,1;934,1;933,3;10,6;25,2;20,3;26,5;25,2;20,6;20;75;68;75;280;4,3;,6;
2021/02/14;2300 UTC;0;934,6;934,6;934,1;;24;20,6;25,2;24;20,7;20,2;81;74;81;315;2,7;,4;
2021/02/15;0000 UTC;0;935,4;935,4;934,6;;23,8;20,3;24;23,6;20,6;20,3;82;81;81;304;3,1;,8;
2021/02/15;0100 UTC;0;935,9;935,9;935,3;;23,4;20;23,8;23,4;20,4;20;81;80;81;315;3,1;,3;
2021/02/15;0200 UTC;0;936;936,3;935,8;;23;20;23,5;23;20,2;19,8;84;80;84;297;2,9;,5;
2021/02/15;0300 UTC;0;935,7;936,1;935,6;;22,5;20,4;23;22,4;20,5;20;88;83;88;297;3,1;,7;
2021/02/15;0400 UTC;0;935,4;935,9;935,4;;22,8;20;22,8;22,4;20,4;20;88;85;85;301;4,2;1,1;
2021/02/15;0500 UTC;0;934,6;935,4;934,6;;22,2;19,6;22,8;22,2;20;19,5;85;83;85;326;5,1;1,7;
2021/02/15;0600 UTC;0;934,6;934,7;934,5;;22;19,7;22,2;21,9;19,7;19,5;87;85;86;264;5,4;,4;
2021/02/15;0700 UTC;0;934,7;934,8;934,5;;21,8;19,7;22;21,8;19,8;19,6;88;86;88;339;2,7;,5;
2021/02/15;0800 UTC;0;934,6;934,8;934,6;;21,7;19,8;21,8;21,6;19,8;19,6;89;88;89;253;2,2;0;
2021/02/15;0900 UTC;0;934,3;934,6;934,2;4,6;21,3;19,8;21,8;21,2;19,9;19,7;91;89;91;207;1,3;0;
2021/02/15;1000 UTC;0;935,5;935,5;934,3;219,1;21,7;20;21,7;21,3;20,1;19,8;92;90;90;343;2,6;1,5;
2021/02/15;1100 UTC;0;936,4;936,4;935,5;629,7;23,2;20,1;23,3;21,7;20,5;20;90;82;82;317;2,6;,4;
2021/02/15;1200 UTC;0;936,7;936,7;936,4;1580,2;24,7;20,5;25,7;23,2;21,2;19,9;83;74;78;67;3,2;1,5;
2021/02/15;1300 UTC;0;936,9;936,9;936,7;1772,9;26,6;20,3;26,9;24,7;21,3;19,7;78;66;68;296;4;1,6;
2021/02/15;1400 UTC;0;936,7;936,9;936,7;1656,7;26;20,3;27,7;26;21,1;19,8;71;65;71;339;5,8;2,7;
2021/02/15;1500 UTC;0;936;936,7;936;2134,8;26,9;20,7;27,9;26;21,4;20,2;72;65;69;336;7,2;2,9;
2021/02/15;1600 UTC;0;935;936;935;1813,1;27,8;20,8;27,8;26;20,8;19,3;71;63;66;319;6,8;2,5;
2021/02/15;1700 UTC;0;933,9;935,1;933,9;2443,2;29,3;20,2;30;27,8;21,3;19,6;66;56;58;310;7,5;2,5;
2021/02/15;1800 UTC;0;933;933,9;933;1715,7;27,5;20;30,3;27,2;20,9;18,9;66;53;63;309;7,4;2,4;
2021/02/15;1900 UTC;0;932,3;933;932,3;1047,1;27,4;19,6;27,9;27;20,7;18,9;66;61;62;286;6,4;1,9;
2021/02/15;2000 UTC;0;931,9;932,4;931,9;887;27;19,9;27,7;26,9;20,3;19,4;66;62;65;291;5,2;1;
2021/02/15;2100 UTC;0;932,3;932,3;931,8;393,8;26,7;19,7;27,4;26,7;20,1;19,6;67;64;66;253;3,9;,9;
2021/02/15;2200 UTC;0;933,2;933,2;932,3;25,5;24,7;20,4;26,7;24,7;20,7;19,7;78;65;77;91;2;,1;
2021/02/15;2300 UTC;0;933,9;934;933,2;;23,6;20,6;24,7;23,6;20,7;20,3;83;77;83;86;1,4;,2;
2021/02/16;0000 UTC;0;934,9;934,9;933,9;;23,7;20,5;23,7;23,2;20,9;20,4;86;82;82;239;1,2;0;
2021/02/16;0100 UTC;0;935,2;935,3;934,9;;22;19;23,6;22;20,1;18,7;83;79;83;84;2,4;0;
2021/02/16;0200 UTC;0;935,1;935,3;935,1;;22;19,6;22,3;21,9;19,6;18,9;86;82;86;280;2,4;0;
2021/02/16;0300 UTC;0;935;935,2;934,9;;22;19,6;22,3;22;19,8;19,5;86;85;86;283;1,8;0;
2021/02/16;0400 UTC;0;934,9;935;934,9;;22;19,7;22,2;21,9;19,8;19,5;87;86;87;257;2;,7;
2021/02/16;0500 UTC;0;934,5;934,9;934,5;;22,3;19,9;22,3;22;19,9;19,7;87;86;86;277;2,5;,5;
2021/02/16;0600 UTC;0;933,9;934,5;933,9;;22,1;20;22,4;22,1;20;19,8;88;86;88;317;2,3;,3;
2021/02/16;0700 UTC;0;933,9;934;933,8;;21,9;20,1;22,1;21,9;20,1;19,9;89;88;89;314;3,7;,9;
2021/02/16;0800 UTC;0;934;934,1;933,7;;21,8;20,1;22;21,8;20,1;20;90;89;90;320;3,4;1,2;
2021/02/16;0900 UTC;3,6;934,3;934,3;933,9;5,5;21,7;20,3;22;21,6;20,4;19,8;92;89;92;305;4,9;,6;
2021/02/16;1000 UTC;0;934,9;934,9;934,3;298;22,4;20,9;22,4;21,7;21,1;20,3;92;91;91;315;3,7;1,3;
2021/02/16;1100 UTC;0;935,3;935,3;934,9;1274,4;24,9;21,6;24,9;22,4;22;20,5;91;81;82;323;6,3;2,3;
2021/02/16;1200 UTC;0;935,7;935,7;935,3;1481;25,7;21,2;26,2;24,7;21,7;20,2;82;72;76;294;5,7;,9;
2021/02/16;1300 UTC;0;935,5;935,7;935,5;1156,2;26,3;19,8;27,5;25,3;21,5;19,8;76;67;67;306;4,3;1,3;
2021/02/16;1400 UTC;0;935,3;935,5;935,3;3303,9;29,3;21,1;29,3;26,3;21,9;20;72;60;61;324;7,2;1,8;
2021/02/16;1500 UTC;0;934,6;935,3;934,6;3494,8;29,5;20,9;29,8;27,7;21,9;19,9;67;58;60;334;7,5;3,3;
2021/02/16;1600 UTC;0;933,4;934,6;933,4;4030,3;31,1;20,3;31,1;28,6;21,5;19,1;63;51;53;316;6,9;1,5;
2021/02/16;1700 UTC;0;932,2;933,4;932,2;1585,3;28,3;19,7;31,4;28,3;20,4;18,7;60;49;60;35;6,7;1;
2021/02/16;1800 UTC;,6;931,6;932,4;931,6;150,2;23,3;20,2;28,3;23,3;21;18,9;83;60;83;306;7;,7;
2021/02/16;1900 UTC;,2;930,8;931,6;930,7;299,6;24;20,5;24;22,9;21,1;19,9;87;79;81;315;4;,8;
2021/02/16;2000 UTC;0;930,9;931;930,6;508,5;25,8;20,6;25,9;24;20,8;20;81;71;73;326;3,3;1,1;
2021/02/16;2100 UTC;0;931,2;931,2;930,9;195,3;25,3;20,7;25,9;25,3;21,2;20,5;76;73;76;338;4,1;1,3;
2021/02/16;2200 UTC;0;931,9;932;931,2;5,1;24,9;20,9;25,2;24,9;21,1;20,6;79;76;79;330;2,5;,7;
2021/02/16;2300 UTC;0;932,6;932,6;931,9;;24,7;21,2;25,1;24,7;21,2;20,9;81;78;81;321;3,6;,6;
2021/02/17;0000 UTC;0;933,4;933,4;932,6;;24,7;21,4;24,7;24,4;21,5;21,2;84;81;82;287;3,6;1,3;
2021/02/17;0100 UTC;0;934,2;934,2;933,4;;23,6;20,2;25;23,6;21,4;20,2;82;76;81;85;4,8;0;
2021/02/17;0200 UTC;0;934,4;934,6;934,2;;22,7;19,4;23,6;22,7;20,2;19,3;82;80;82;263;3,7;1,4;
2021/02/17;0300 UTC;0;934,2;934,5;934,2;;22;19;22,7;22;19,4;18,7;84;80;83;127;4,4;,2;
2021/02/17;0400 UTC;0;934,1;934,2;934,1;;21,7;19,1;22,1;21,6;19,3;18,9;86;83;85;129;2,4;0;
2021/02/17;0500 UTC;,2;933,9;934,1;933,9;;21,4;19,8;21,8;21,4;19,8;19,1;91;85;91;328;1,2;,1;
2021/02/17;0600 UTC;,6;933,4;933,9;933,4;;21,2;19,9;21,4;21,1;19,9;19,7;92;91;92;342;1,4;,6;
2021/02/17;0700 UTC;,2;932,9;933,4;932,9;;20,9;19,2;21,3;20,8;20;19,2;92;90;90;82;2,5;,9;
2021/02/17;0800 UTC;0;932,5;932,9;932,5;;20,7;19,2;20,9;20,6;19,3;19;91;90;91;221;2,4;,1;
2021/02/17;0900 UTC;0;932,7;932,7;932,5;3,4;20,5;19,1;20,7;20,5;19,2;19;92;91;92;287;1,6;0;
2021/02/17;1000 UTC;0;933,6;933,6;932,7;185,1;21,2;19,5;21,2;20,4;19,6;19,1;92;90;90;56;1,7;,3;
2021/02/17;1100 UTC;0;934;934;933,5;826,5;22,8;19,4;22,8;21,1;19,8;19,2;91;81;81;80;2,1;,6;
2021/02/17;1200 UTC;0;933,9;934;933,9;1432,1;24,3;19,5;24,6;22,8;20,4;18,8;82;74;75;107;2,3;,9;
2021/02/17;1300 UTC;0;934,1;934,1;933,9;2518,4;26,4;20,5;27;24,2;21,3;18,7;76;67;70;158;4,3;,7;
2021/02/17;1400 UTC;0;933,9;934,3;933,9;2523,2;27,9;20,2;27,9;26,4;21,7;19,7;72;63;63;100;3,6;1,4;
2021/02/17;1500 UTC;0;933,1;933,9;933,1;2898,1;27,6;19,9;28,8;27,2;20,9;19,3;65;59;63;62;4,6;2;
2021/02/17;1600 UTC;1,4;932,2;933,1;932,2;885,6;25,5;20,5;27,6;23,1;21,2;18,4;78;63;74;13;10,5;,2;
2021/02/17;1700 UTC;,2;931,7;932,2;931,5;663,2;24,8;19,7;25,8;24;22;19,7;85;72;73;276;7,9;2,4;
2021/02/17;1800 UTC;2;931,4;931,7;931,4;366;23,5;21,1;24,8;22,4;21,3;19,2;90;73;86;230;8;,2;
2021/02/17;1900 UTC;0;930,9;931,4;930,8;596,3;24,2;21;24,2;23,5;21,4;20,5;87;81;82;228;2,1;,2;
2021/02/17;2000 UTC;0;930,6;930,9;930,6;618,2;24,7;20,3;24,8;24,1;21,1;20,2;82;76;76;165;2,8;0;
2021/02/17;2100 UTC;0;930,7;930,7;930,4;305,1;24,2;20,4;24,9;24,2;20,9;20;80;76;79;177;0;0;
2021/02/17;2200 UTC;0;932,1;932,1;930,7;12,2;23,2;21;24,2;23;21;20,3;87;79;87;104;1,1;,2;
2021/02/17;2300 UTC;0;932,9;932,9;932,1;;22,9;21,1;23,2;22,8;21,2;20,8;90;87;90;11;1,7;0;
2021/02/18;0000 UTC;1,4;933,3;933,6;932,8;;22,9;20,3;23,3;22,7;21,3;20,3;91;85;86;219;4,8;,9;
2021/02/18;0100 UTC;2,2;933,7;933,7;933,2;;21,9;20,4;22,8;21,9;20,9;20,1;92;86;91;224;2,8;0;
2021/02/18;0200 UTC;0;933,6;933,9;933,6;,2;21,6;19,9;21,9;21,5;20,4;19,8;91;89;90;254;3,5;1,1;
2021/02/18;0300 UTC;,2;932,8;933,7;932,8;;21,7;20,3;21,7;21,5;20,3;20;92;90;92;268;2,9;,2;
2021/02/18;0400 UTC;,2;932,3;932,8;932,3;;21,8;20,5;21,9;21,7;20,6;20,2;92;91;92;5;1,3;0;
2021/02/18;0500 UTC;,2;931,9;932,4;931,9;;21,7;20,5;21,9;21,6;20,7;20,4;93;92;93;316;,8;0;
2021/02/18;0600 UTC;0;931,8;931,9;931,7;;21,4;20,3;21,8;21,4;20,6;20,3;94;93;94;113;1,7;,1;
2021/02/18;0700 UTC;0;932,1;932,1;931,7;;21,4;20,4;21,6;21,4;20,5;20,3;94;94;94;168;,9;0;
2021/02/18;0800 UTC;0;932,4;932,5;932,1;;21,5;20,5;21,6;21,4;20,6;20,4;94;94;94;31;0;0;
2021/02/18;0900 UTC;0;932,5;932,5;932,4;4,9;21,4;20,3;21,6;21,3;20,6;20,3;94;94;94;33;1,2;0;
2021/02/18;1000 UTC;0;933,5;933,5;932,5;197,3;22,2;21;22,2;21,4;21;20,4;94;93;93;332;2,3;,1;
2021/02/18;1100 UTC;0;934,1;934,1;933,5;1030,5;24,5;20,8;24,8;22,2;21,6;20,5;93;79;80;339;5,8;2,3;
2021/02/18;1200 UTC;0;934,7;934,7;934,1;1699,3;25,7;21,1;26,1;24,1;21,7;20,4;83;74;76;343;6,3;3,2;
2021/02/18;1300 UTC;0;934,5;934,7;934,5;2655,9;28,1;21,9;28,1;25,5;21,9;20,2;78;65;69;341;6,3;1,5;
2021/02/18;1400 UTC;0;934,2;934,5;934,2;2609,9;27,9;20,5;28,7;26,7;22;20;72;63;64;302;5,5;1,8;
2021/02/18;1500 UTC;0;933,6;934,2;933,6;3896,1;29,5;20,9;30;27,9;22,1;20,2;67;58;60;302;5,3;2;
2021/02/18;1600 UTC;0;932,8;933,6;932,8;2066,2;28;21,2;29,4;27,1;21,3;19,7;68;57;67;330;6,4;2,2;
2021/02/18;1700 UTC;0;932,2;932,8;932,1;3050,6;27,6;20,8;29,8;27,4;22,3;20,4;67;59;66;344;7,6;3,9;
2021/02/18;1800 UTC;0;931,7;932,2;931,6;2766,9;28,5;21;30,9;27,6;22,6;19,6;68;52;64;339;7,3;3,6;
2021/02/18;1900 UTC;10,2;931,1;932,1;931,1;2024,9;26,9;22;28,5;24,3;24,3;21;91;64;74;315;7,2;2,5;
2021/02/18;2000 UTC;0;931,2;931,2;931;1586,5;27,7;20,6;28,6;26,9;22,7;20,5;76;63;66;327;5,7;1,5;
2021/02/18;2100 UTC;0;931,2;931,3;931;396,2;26;20,4;27,7;26;21,1;19,8;71;64;71;319;5,1;1,1;
2021/02/18;2200 UTC;0;932,1;932,1;931,2;9,4;24,3;21;26;24,3;21,4;20,4;83;71;82;318;3,8;,6;
2021/02/18;2300 UTC;0;932,2;932,3;932;;23,5;20,6;24,3;23,5;21;20,6;85;81;84;310;3,8;1,1;
2021/02/19;0000 UTC;0;933,3;933,3;932,2;;23,2;20,7;23,5;23,2;20,7;20,6;86;84;86;306;4,2;,5;
2021/02/19;0100 UTC;0;934,1;934,1;933,3;;23,1;20,4;23,2;23;20,8;20,4;86;85;85;299;3,2;,6;
2021/02/19;0200 UTC;0;934,1;934,2;934;;22,8;20;23,1;22,8;20,4;20;86;84;84;304;3,4;,4;
2021/02/19;0300 UTC;0;933,5;934,1;933,5;;22,8;19,9;22,8;22,7;20;19,8;85;84;84;294;2,8;,7;
2021/02/19;0400 UTC;0;933,3;933,5;933,3;;22,4;20,2;22,8;22,4;20,2;19,9;87;84;87;314;3,4;1,1;
2021/02/19;0500 UTC;0;933,3;933,3;933,2;;22,3;20,6;22,4;22,2;20,6;20,2;90;87;90;316;4,1;1,1;
2021/02/19;0600 UTC;0;933,4;933,4;933,3;;22,6;20,8;22,6;22,3;20,9;20,6;91;89;89;316;4,3;,5;
2021/02/19;0700 UTC;0;933,4;933,5;933,3;;22,5;20,8;22,7;22,4;20,8;20,7;90;89;90;340;2,4;,6;
2021/02/19;0800 UTC;0;933,6;933,6;933,4;;22,7;21;22,7;22,5;21;20,8;91;90;90;318;2,8;1;
2021/02/19;0900 UTC;0;934,3;934,3;933,6;3,1;22,7;20,7;22,7;22,5;21;20,7;91;88;88;307;3,5;,7;
2021/02/19;1000 UTC;0;935;935;934,3;202,2;23,3;20,8;23,3;22,7;21;20,7;89;86;86;301;3,9;,9;
2021/02/19;1100 UTC;0;935,8;935,8;935;357,9;23,8;20,9;23,8;23,3;20,9;20,5;86;83;84;326;4,5;1,4;
2021/02/19;1200 UTC;0;936,3;936,3;935,8;981,9;24,4;20,1;24,9;23,8;21,5;20;84;76;77;321;5,8;2,4;
2021/02/19;1300 UTC;0;936,5;936,5;936,3;830,3;25;20,4;25,1;24,4;20,7;20;78;75;76;318;5,8;1,4;
2021/02/19;1400 UTC;0;935,7;936,5;935,7;2794;28,1;21,1;28,6;24,9;21,8;20,2;77;63;66;333;5,4;2;
2021/02/19;1500 UTC;0;935,2;935,7;935,2;3307,3;28,4;20,1;29,4;27,5;21,9;19,6;69;57;61;282;4,8;1,7;
2021/02/19;1600 UTC;0;934;935,2;934;3599,1;29,5;20,3;30,5;28,4;21,9;19,3;66;55;58;333;5,2;,8;
2021/02/19;1700 UTC;0;933;934;933;3706,3;31,1;18,9;31,5;29,3;21,1;18,9;59;49;49;320;3,4;1,4;
2021/02/19;1800 UTC;0;932,4;933;932,4;2151,4;31;20,7;31,3;29,5;21,4;19,3;59;49;54;63;4;1,6;
2021/02/19;1900 UTC;0;931,9;932,4;931,8;1773,6;29,6;20,7;32,1;29,6;21,1;19,2;59;48;59;67;3,6;1,1;
2021/02/19;2000 UTC;0;931,9;931,9;931,8;917,7;30,3;20,3;30,3;29,4;21,4;20,1;60;55;55;76;2,6;1;
2021/02/19;2100 UTC;0;932,5;932,5;931,9;318,3;29;20,2;30,3;28,7;20,9;19,1;63;52;59;60;2,2;,1;
2021/02/19;2200 UTC;0;932,9;932,9;932,5;5,5;27,3;21,3;29;27,3;21,5;20,3;70;59;70;260;1,9;,9;
2021/02/19;2300 UTC;0;933,7;933,7;932,9;;26;21,3;27,3;25,9;21,5;21,1;76;69;75;311;4,8;1,3;
2021/02/20;0000 UTC;0;934,8;934,8;933,7;;24,9;21,8;26;24,9;21,8;21,2;83;75;83;319;4,8;,5;
2021/02/20;0100 UTC;0;935,5;935,5;934,8;;24,6;21,7;24,9;24,6;21,9;21,7;85;83;84;301;3,3;,5;
2021/02/20;0200 UTC;0;935,6;935,7;935,4;;24,4;21,4;24,6;24,3;21,7;21,4;85;84;84;302;3,6;,7;
2021/02/20;0300 UTC;0;935,4;935,7;935,4;;24,4;21,5;24,6;24,4;21,5;21,3;84;82;84;248;4,5;1,2;
2021/02/20;0400 UTC;3,4;935,2;935,4;935,1;;23,2;21,6;24,4;23,2;21,7;21,3;90;84;90;167;3,4;,3;
2021/02/20;0500 UTC;41,6;935,4;935,7;935,2;;21,5;20,5;23,2;21,5;21,5;20,5;94;90;94;201;3,9;,1;
2021/02/20;0600 UTC;3,6;935,1;935,4;935,1;;21,7;20,7;21,7;21,4;20,7;20,4;94;94;94;321;2,8;,9;
2021/02/20;0700 UTC;0;935,2;935,3;934,9;;21,8;20,7;22,1;21,5;21;20,5;94;94;94;294;3;,6;
2021/02/20;0800 UTC;0;935,5;935,6;935,2;;22,2;20,9;22,2;21,8;20,9;20,7;94;93;93;326;3,5;,8;
2021/02/20;0900 UTC;0;936,2;936,2;935,3;,1;22,2;20,9;22,3;22,2;21;20,9;93;92;92;87;3,1;,1;
2021/02/20;1000 UTC;,2;937;937;936,2;242,5;23,3;21,7;23,3;22,2;21,7;20,9;93;91;91;128;1,9;,3;
2021/02/20;1100 UTC;0;937,6;937,6;937;763;24,4;21,6;24,9;23;22,2;21,1;91;82;85;340;3;1,1;
2021/02/20;1200 UTC;0;937,9;938;937,6;1268,7;26;21,5;26;24,3;22;20,9;85;76;76;355;3;1,1;
2021/02/20;1300 UTC;0;937,6;938;937,6;2538,1;28;21,2;28;25,6;22,2;20,9;78;67;67;319;3,9;1,1;
2021/02/20;1400 UTC;0;937,3;937,6;937,3;2103,5;28;21;28,5;27,4;22,2;20;71;61;66;17;4,1;,8;
2021/02/20;1500 UTC;0;936,6;937,4;936,6;2750,1;29,5;21,5;29,9;27,4;22,1;20,1;69;59;62;297;4,1;1,4;
2021/02/20;1600 UTC;0;935,3;936,6;935,3;3861,8;29,9;20;31;29,5;23;20;67;54;55;328;4,5;1,8;
2021/02/20;1700 UTC;0;934,3;935,3;934,3;3291,9;29,4;21,2;31,8;28,8;23,2;20,1;68;53;61;345;7,8;2,3;
2021/02/20;1800 UTC;0;933,5;934,3;933,5;2599,1;30;21,6;31,8;29,4;23;20,7;65;55;61;348;4,9;1,8;
2021/02/20;1900 UTC;0;933,4;933,5;933,3;1055,8;28,7;21,2;30,6;28,6;21,9;20,6;65;57;64;339;4,5;2;
2021/02/20;2000 UTC;0;933,4;933,6;933,3;257,6;26,6;21,7;28,7;26;22,1;19,2;77;64;75;302;7;,9;
2021/02/20;2100 UTC;0;933,2;933,4;933,2;134,2;26,3;21,4;26,7;26,3;22,2;21,4;77;73;74;310;3,8;1,1;
2021/02/20;2200 UTC;0;933,7;933,7;933,1;1,6;25,5;21,6;26,3;25,5;21,7;21,3;79;74;79;274;4,7;1,2;
2021/02/20;2300 UTC;0;934,8;934,8;933,7;;25;21,7;25,5;25;21,8;21,6;82;79;82;269;2,3;,6;
2021/02/21;0000 UTC;0;935,3;935,3;934,8;;24,4;21,2;25;24,4;21,7;21,1;83;79;82;316;7,9;2,1;
2021/02/21;0100 UTC;0;935,6;935,6;935,2;;23,6;21,2;24,4;23,6;21,3;21,1;86;83;86;300;5,5;1,4;
2021/02/21;0200 UTC;13,8;936,4;936,5;935,5;;22,9;21,7;23,8;22,8;21,7;21,2;93;86;93;349;5,4;,3;
2021/02/21;0300 UTC;5,6;935,5;936,4;935,5;;21,8;20,6;22,9;21,7;21,5;20,4;93;92;93;282;4,1;,6;
2021/02/21;0400 UTC;,2;935;935,5;934,9;;21,8;20,6;21,9;21,7;20,8;20,5;93;93;93;314;2,6;,2;
2021/02/21;0500 UTC;0;934,7;935;934,7;;22,3;21,1;22,4;21,8;21,1;20,6;93;93;93;327;1,9;,1;
2021/02/21;0600 UTC;0;934,5;934,7;934,4;;22,4;21,2;22,5;22,3;21,3;21,1;93;92;92;304;2;0;
2021/02/21;0700 UTC;0;934,9;934,9;934,4;;22,7;21,5;22,7;22,4;21,5;21,2;93;92;93;284;2,5;,3;
2021/02/21;0800 UTC;0;935,2;935,2;934,9;;22,5;21,1;22,7;22,5;21,4;21,1;93;91;91;313;3,8;,7;
2021/02/21;0900 UTC;0;935,7;935,7;935,2;7,2;22,2;20,5;22,6;22,2;21,1;20,5;91;90;90;308;3,8;1;
2021/02/21;1000 UTC;0;936,3;936,3;935,7;383,1;23,6;21;23,6;22,2;21;20,4;90;85;85;319;4,7;1,5;
2021/02/21;1100 UTC;0;936,9;936,9;936,3;1108;24,4;20,7;25;23,5;21,2;20,3;85;77;80;326;7,3;3;
2021/02/21;1200 UTC;0;938;938;936,9;1371,2;25,1;21;26;24,3;21,6;20,5;80;74;78;337;7,5;3,8;
2021/02/21;1300 UTC;0;938,2;938,2;938;2069,6;25,8;20,9;27,1;25,1;21,9;20,5;78;70;74;336;7,5;3,1;
2021/02/21;1400 UTC;0;937,8;938,2;937,8;1996,5;26,9;21,1;27,6;25,8;21,8;20,6;74;69;71;338;8,4;3,6;
2021/02/21;1500 UTC;0;937,4;937,8;937,4;2272,1;28,3;21,5;28,3;26,7;21,9;20,8;74;65;67;311;8,4;1,5;
2021/02/21;1600 UTC;0;936,6;937,4;936,6;3076,2;29,1;21,5;29,6;27,7;22,3;20,4;67;60;64;352;5,6;2,6;
2021/02/21;1700 UTC;0;935,6;936,6;935,5;3512,7;27,8;21,4;31;27,7;22,5;19,6;68;53;68;345;9,9;4,3;
2021/02/21;1800 UTC;0;935,6;936,1;935,6;1293,5;23,6;19,2;28,1;23,5;21,8;19,2;78;67;76;309;10,2;3,9;
2021/02/21;1900 UTC;0;934,9;935,6;934,9;851,5;25,2;20,2;25,3;23,6;20,7;19,1;78;74;74;304;10,1;2,6;
2021/02/21;2000 UTC;0;934,8;935,1;934,7;580,6;24,5;19,3;25,2;24,3;20;19,1;76;71;73;303;8,5;2,2;
2021/02/21;2100 UTC;0;935,2;935,3;934,8;248,8;23,9;19,4;24,6;23,9;19,5;19,1;76;72;76;312;7,2;2,1;
2021/02/21;2200 UTC;0;935,5;935,7;935,2;6,4;23,1;19,5;23,9;23,1;19,6;19,3;80;76;80;312;7,1;1,8;
2021/02/21;2300 UTC;0;935,5;935,6;935,2;;22,6;19,9;23,2;22,6;20;19,5;85;80;85;347;5,5;1,5;
2021/02/22;0000 UTC;0;936,7;936,7;935,5;;22,5;19,7;22,7;22,3;20;19,6;86;83;85;324;3,5;,9;
2021/02/22;0100 UTC;0;938,3;938,3;936,7;;22,2;19,8;22,7;22,2;20;19,7;87;84;87;142;2,4;1;
2021/02/22;0200 UTC;0;937,8;938,3;937,8;;22,2;20;22,2;21,9;20,1;19,8;88;86;88;260;2,4;0;
2021/02/22;0300 UTC;0;937,5;937,9;937,5;;21,9;20,2;22,2;21,7;20,3;19,9;91;88;90;83;1,3;,1;
2021/02/22;0400 UTC;0;937,5;937,7;937,4;;21,5;20,3;21,8;21,3;20,3;20;93;90;92;110;1,9;,6;
2021/02/22;0500 UTC;0;937;937,5;937;;21,7;20,4;21,7;21,5;20,4;20,2;92;92;92;92;1,8;,3;
2021/02/22;0600 UTC;0;936,6;937;936,6;;21,9;20,4;21,9;21,7;20,4;20,3;92;91;92;335;1,8;,5;
2021/02/22;0700 UTC;0;936;936,6;936;;21,8;20,1;21,9;21,8;20,5;20,1;92;90;90;331;3;1;
2021/02/22;0800 UTC;0;936,3;936,3;936;;21,7;19,9;21,8;21,7;20,2;19,9;91;89;89;319;2,8;,6;
2021/02/22;0900 UTC;0;936,8;936,9;936,3;4,2;21,8;19,8;21,8;21,5;19,9;19,7;90;88;89;344;2,6;,9;
2021/02/22;1000 UTC;0;937,2;937,2;936,8;253,4;22,6;20,1;22,8;21,8;20,4;19,9;89;86;86;332;4,1;1,7;
2021/02/22;1100 UTC;0;937,5;937,6;937,2;1039,5;25,4;20,8;25,4;22,6;21,2;19,8;86;75;76;306;5,4;1,5;
2021/02/22;1200 UTC;0;937,9;937,9;937,5;1669,7;25,2;20,1;25,7;24,9;20,7;19,6;76;71;74;311;6;1,1;
2021/02/22;1300 UTC;0;937,7;937,9;937,7;2128,6;27,7;20;27,8;24,5;21,1;19,7;77;63;63;305;5,2;1,6;
2021/02/22;1400 UTC;0;937,4;937,7;937,4;2715,5;27;19,8;28,5;26,8;21;19,4;67;60;65;294;5,2;1,5;
2021/02/22;1500 UTC;0;936,9;937,4;936,9;3163,9;29,4;20,6;29,9;26,9;21,4;19,6;68;55;59;300;5,4;2;
2021/02/22;1600 UTC;0;936,1;936,9;936,1;3057,8;30,9;20,4;30,9;28,2;21,3;19,4;63;53;54;317;6,7;1,6;
2021/02/22;1700 UTC;0;935,1;936,1;935,1;2895,5;30,6;20,5;30,9;28,5;21,2;19,3;62;51;55;314;6,1;1,8;
2021/02/22;1800 UTC;0;934,4;935,1;934,4;3040;30,1;20,1;31,3;28,8;21,4;19,2;61;50;55;350;6,1;3,1;
2021/02/22;1900 UTC;1;934,2;934,5;934,2;897,5;27;21,5;31,5;26,8;22,1;18,9;75;51;72;279;6,1;1,2;
2021/02/22;2000 UTC;0;933,8;934,2;933,6;611,8;27,9;20,3;28,4;26,9;21,5;20,3;72;63;63;304;3;,7;
2021/02/22;2100 UTC;0;934,3;934,3;933,8;274,5;26,4;21,1;28,9;26,4;21,3;20,1;73;62;73;314;3;,2;
2021/02/22;2200 UTC;0;935,1;935,1;934,3;,5;25,2;21;26,4;25,2;21,2;20,7;78;72;78;291;1,9;,3;
2021/02/22;2300 UTC;0;936;936;935,1;;25;20;25,5;25;21,2;20;79;74;74;259;2,6;1,5;
2021/02/23;0000 UTC;0;936,5;936,5;935,9;;24;20,4;25;23,8;20,8;19,6;83;73;80;302;2,7;,2;
2021/02/23;0100 UTC;0;936,9;936,9;936,5;;23,8;20,5;24,3;23,6;20,6;20,4;83;79;82;273;2,1;,3;
2021/02/23;0200 UTC;0;936,9;937;936,9;;23,1;20,2;23,8;23,1;20,4;20,1;84;82;84;321;1,9;,1;
2021/02/23;0300 UTC;0;936,5;936,9;936,5;;23,3;19,9;23,4;23;20,3;19,9;85;81;81;283;2,2;,3;
2021/02/23;0400 UTC;0;936,1;936,6;936,1;;23,2;20,1;23,3;22,8;20,2;19,9;84;81;83;352;3,3;,4;
2021/02/23;0500 UTC;0;935,8;936,1;935,7;;22,6;19,9;23,2;22,6;20,1;19,9;85;83;85;288;1,7;,3;
2021/02/23;0600 UTC;0;935,6;935,9;935,6;;22,1;20,1;22,6;21,7;20,3;19,8;90;85;89;180;2,3;0;
2021/02/23;0700 UTC;0;935,6;935,6;935,5;;21,5;19,8;22,1;21,5;20,2;19,8;90;89;90;288;1,4;0;
2021/02/23;0800 UTC;0;935,9;935,9;935,6;;21,9;19,9;21,9;21,5;20;19,6;90;89;89;252;1,4;0;
2021/02/23;0900 UTC;0;937,4;937,4;935,9;3;21,2;20;21,9;20,9;20,2;19,5;93;88;93;90;5,3;1,3;
2021/02/23;1000 UTC;0;938;938;937,4;281,2;22,8;18,2;22,8;21,2;20,2;18;93;75;76;102;5,8;1,4;
2021/02/23;1100 UTC;0;938,3;938,3;938;1080,6;25,9;17,3;25,9;22,8;18,1;16,3;76;58;59;38;3,5;,2;
2021/02/23;1200 UTC;0;938,3;938,3;938,2;2333;26,8;16,9;27,5;25,9;17,8;16,2;59;51;55;26;3,1;1,3;
2021/02/23;1300 UTC;0;938,3;938,3;938,2;2945,2;27,7;18,8;28,4;26,7;19,9;16,9;61;55;59;75;5,2;2,1;
2021/02/23;1400 UTC;0;937,9;938,3;937,9;3439,5;30,1;20,1;30,1;27,6;20,2;18,6;61;54;55;21;5,3;2;
2021/02/23;1500 UTC;0;937,1;937,9;937,1;3794,8;31,3;19,2;31,4;29,7;20,2;18,1;55;47;49;356;5;1,8;
2021/02/23;1600 UTC;0;936;937,1;936;3551,7;31,8;19,3;31,9;30,5;20,8;18,1;54;47;48;287;5,3;1,3;
2021/02/23;1700 UTC;0;934,9;936;934,9;2933;30,7;19;32,5;30,6;20,7;18,6;55;45;50;317;4,2;,6;
2021/02/23;1800 UTC;0;933,7;934,9;933,7;1810,4;32;19,3;32,5;29,9;21,1;19,3;57;46;47;346;3,8;1,6;
2021/02/23;1900 UTC;0;933,3;933,7;933;2173,6;31,9;19,4;32,6;31,5;20,3;18,7;51;44;48;304;3,8;,7;
2021/02/23;2000 UTC;0;933,6;933,6;933,3;762,2;30;19;32,5;29,9;20;18,3;56;44;52;316;2,7;,4;
2021/02/23;2100 UTC;0;933,8;933,8;933,5;97,4;28,5;20,8;30;28,5;20,8;19,1;63;52;63;222;1,6;0;
2021/02/23;2200 UTC;0;934,6;934,6;933,8;2,1;27,5;21;28,6;27,3;21,4;20,2;69;61;68;234;1,5;0;
2021/02/23;2300 UTC;0;935,5;935,5;934,5;;26,5;21,3;27,7;26,5;21,4;19,8;73;64;73;298;1,4;0;
2021/02/24;0000 UTC;0;936,7;936,7;935,5;;25,5;21,5;26,5;25,5;21,5;20,8;79;72;79;213;3,4;,2;
2021/02/24;0100 UTC;9,4;936,6;937,8;936,4;,1;22;20,1;25,6;21,7;21,9;19,2;89;78;89;293;6,8;2,1;
2021/02/24;0200 UTC;0;938;938,1;936,6;,5;22,1;19,8;23,1;22;20,8;19,8;90;84;87;314;6;,6;
2021/02/24;0300 UTC;,2;937,3;938,1;937,3;,4;21,3;19,3;22,2;21,3;20,1;19,2;89;87;88;296;7,5;,7;
2021/02/24;0400 UTC;0;937,1;937,3;936,9;;21,4;19,5;21,4;21,2;19,6;19,1;89;88;89;303;3,6;,5;
2021/02/24;0500 UTC;0;936,8;937,2;936,8;;21,7;19,6;21,9;21,3;19,7;19,4;89;87;88;291;4,3;,5;
2021/02/24;0600 UTC;0;936,3;936,8;936,3;;21,3;19,4;21,7;21,3;19,7;19,4;89;88;89;303;3,8;,2;
2021/02/24;0700 UTC;0;936,3;936,3;936,2;;21;19,1;21,4;20,9;19,5;19,1;89;88;89;269;2,6;0;
2021/02/24;0800 UTC;0;936,6;936,6;936,3;;20,9;19;21;20,7;19,2;18,9;90;89;89;92;2,1;0;
2021/02/24;0900 UTC;0;936,9;936,9;936,6;4,1;20,5;19;20,9;20,5;19,1;18,8;91;89;91;334;1,3;,3;
2021/02/24;1000 UTC;0;937,7;937,7;936,9;425,1;22,9;19,9;22,9;20,5;20;18,9;91;83;83;322;2,1;,1;
2021/02/24;1100 UTC;0;938,4;938,4;937,7;685,7;22,8;19,8;23,3;22,6;20,2;19,3;85;80;83;308;4,9;1,3;
2021/02/24;1200 UTC;0;938,7;938,7;938,4;1113,5;24,5;20,2;24,6;22,5;20,7;19,5;84;77;77;342;5,5;1,4;
2021/02/24;1300 UTC;0;938,8;938,9;938,7;2430,9;26,9;20,7;26,9;24,5;21,1;19,5;78;66;69;340;6,3;2,5;
2021/02/24;1400 UTC;0;938,6;938,9;938,6;2787,4;27,7;19,8;27,9;26,4;21,6;19,5;70;62;62;358;8,8;2,7;
2021/02/24;1500 UTC;0;938,3;938,7;938,3;2817,1;28;19,9;28,7;27;21,3;19,5;67;60;62;346;6,6;3;
2021/02/24;1600 UTC;0;937,4;938,3;937,4;3297,9;29,2;19,3;29,4;27,7;21;19,3;65;55;55;354;6,9;3,3;
2021/02/24;1700 UTC;0;936,1;937,4;936,1;3437,6;29,6;20,5;30,3;29;20,7;18,9;60;52;58;341;6,8;2,4;
2021/02/24;1800 UTC;0;935,1;936,1;935,1;2900,9;30,1;19,1;30,9;29,5;20,4;18,4;58;48;52;351;6;2,5;
2021/02/24;1900 UTC;0;933,8;935,1;933,8;1608,4;29,8;19,9;30,6;28,8;20,6;18,3;60;50;55;340;5,6;1,7;
2021/02/24;2000 UTC;0;933,3;933,8;933,3;1324,6;29,4;19,8;30,3;29;20,6;19,3;58;53;57;349;4,5;1,9;
2021/02/24;2100 UTC;0;933,3;933,5;933,3;310,8;27,4;20,4;29,4;27,4;20,4;19,6;66;56;66;343;3,6;1,4;
2021/02/24;2200 UTC;0;934,3;934,3;933,3;3,2;26,2;20,7;27,4;26,2;20,8;20,3;71;65;71;277;2,6;,9;
2021/02/24;2300 UTC;0;935,2;935,2;934,3;;24,7;20,4;26,2;24,7;20,7;20,2;77;71;77;298;3,1;,3;
2021/02/25;0000 UTC;0;936,3;936,3;935,2;;24,2;20,4;25;24,2;20,7;20,3;79;76;79;291;2,1;,4;
2021/02/25;0100 UTC;0;936,8;936,8;936,3;;24,2;20,4;24,4;24,1;20,5;20,3;80;78;79;288;2,6;,9;
2021/02/25;0200 UTC;0;937;937;936,8;;24,6;20,3;24,7;24,1;20,5;20,3;80;77;77;272;2,4;1;
2021/02/25;0300 UTC;0;936;937;936;;24;20,2;24,6;23,8;20,4;20,1;81;77;79;275;2,5;1,3;
2021/02/25;0400 UTC;0;936;936,1;935,7;;23,8;20;24;23,6;20,2;20;81;79;79;284;2,5;,6;
2021/02/25;0500 UTC;0;935,5;936;935,4;;23;19,9;23,8;23;20;19,8;83;79;83;285;2,6;,4;
2021/02/25;0600 UTC;0;935,5;935,7;935,2;;21,9;19,9;23,1;21,9;20,2;19,8;89;83;88;173;2,7;,2;
2021/02/25;0700 UTC;0;935,3;935,6;935,3;;21,7;19,9;22;21,7;20,3;19,8;90;88;89;286;1,3;0;
2021/02/25;0800 UTC;0;936,1;936,1;935,2;;21,3;19,6;21,7;21,3;20;19,6;91;89;90;136;3,6;1,5;
2021/02/25;0900 UTC;0;936,3;936,3;936;1,2;20,9;19,3;21,3;20,7;19,6;19,3;92;90;90;340;3,6;,1;
2021/02/25;1000 UTC;0;936,8;936,8;936,3;376,7;23,5;19,5;23,5;20,9;20,4;19,2;90;78;78;293;1,9;,8;
2021/02/25;1100 UTC;0;937,2;937,2;936,7;1332,8;26,4;20,3;26,4;23,5;20,5;19,1;78;67;69;14;1,9;0;
2021/02/25;1200 UTC;0;937,3;937,5;937,2;1947,5;27,8;20,5;28,1;26,3;21,4;19,7;71;63;64;344;5;2,5;
2021/02/25;1300 UTC;0;937,4;937,4;937,3;2940,1;29,9;19,5;29,9;27,8;21,1;19;65;53;54;312;6;1,7;
2021/02/25;1400 UTC;0;936,9;937,4;936,9;2751,6;29,3;19,8;31,3;29,2;21;18,7;58;49;56;321;4,9;1,6;
2021/02/25;1500 UTC;0;936,1;936,9;936,1;2894,5;29,3;18,8;31,4;29,2;21,4;17,9;59;48;53;348;7,5;2,1;
2021/02/25;1600 UTC;0;934,8;936,1;934,8;3448,7;31,2;19,2;32,4;29;21,2;17,5;55;45;49;297;6,3;2,2;
2021/02/25;1700 UTC;0;933,5;934,8;933,5;2382,4;30,6;18,6;32;30,4;19,9;17,2;54;44;49;270;5,9;1,9;
2021/02/25;1800 UTC;0;932,1;933,5;932,1;1181;30,6;19,2;30,9;30,3;19,8;18,3;53;48;51;344;4;2;
2021/02/25;1900 UTC;0;931,4;932,1;931,4;561,4;29,6;19;30,6;29,6;19,9;18,8;55;50;53;273;3,8;1,3;
2021/02/25;2000 UTC;0;931,7;931,8;931,3;310,7;28,9;19,8;29,7;28,6;20,8;18,8;62;53;58;284;4,2;1,3;
2021/02/25;2100 UTC;0;931,6;932,2;931,3;152,2;24;20,3;28,9;23,9;20,9;17,5;80;58;80;307;9,9;1,4;
2021/02/25;2200 UTC;0;933,2;933,2;931,6;,3;25;21,5;25,1;23,5;21,6;20,2;85;80;81;339;5,9;3,1;
2021/02/25;2300 UTC;0;933,8;933,8;933,2;;24,6;21;25;24,4;21,5;20,9;82;80;80;282;5,9;,9;
2021/02/26;0000 UTC;0;934,6;934,6;933,7;;23,6;20,2;24,9;23,6;21;19,9;81;74;81;305;4,5;,9;
2021/02/26;0100 UTC;0;934,8;934,8;934,5;;23,5;20,4;23,6;23,4;20,5;20,2;83;81;83;294;3,6;,5;
2021/02/26;0200 UTC;0;935,1;935,1;934,8;;23,6;20,4;23,7;23,4;20,6;20,3;84;82;82;291;2,4;,3;
2021/02/26;0300 UTC;0;934,5;935,1;934,5;;23,4;20,5;23,6;23,4;20,6;20,4;84;82;84;307;2,6;,7;
2021/02/26;0400 UTC;0;933,9;934,5;933,9;;23;20,3;23,5;23;20,5;20,3;85;83;85;314;2,9;,9;
2021/02/26;0500 UTC;0;932,8;933,9;932,8;;22,4;20,3;23;22,4;20,4;20,3;88;85;88;309;3,6;,7;
2021/02/26;0600 UTC;0;932,3;932,8;932,3;;22,9;20,4;22,9;22,4;20,6;20,3;88;86;86;290;3,6;1,2;
2021/02/26;0700 UTC;0;932,2;932,4;932,2;;22,7;20,6;22,9;22,5;20,6;20,3;88;85;88;307;4;,9;
2021/02/26;0800 UTC;0;932,2;932,2;932,1;;22,8;20,8;22,8;22,6;20,9;20,6;89;88;89;285;3,4;1,1;
2021/02/26;0900 UTC;0;932,8;932,8;932,2;,3;22,1;20,3;22,8;22;20,8;20,1;90;88;90;301;4,6;1,1;
2021/02/26;1000 UTC;0;933,8;933,8;932,8;63,4;22,7;20,7;22,7;22,1;20,7;20,3;90;88;89;273;4,1;,8;
2021/02/26;1100 UTC;0;934,9;934,9;933,8;61,5;22,3;19,9;23,2;22,3;20,8;19,9;89;86;86;199;2,9;,4;
2021/02/26;1200 UTC;2;935,8;935,8;934,9;29,5;21,2;19,7;22,3;21,1;20;19,4;91;86;91;91;4;,8;
2021/02/26;1300 UTC;44,8;936,6;936,7;935,8;41,6;20,3;19,3;21,3;20,3;20;19,3;94;91;94;89;5,4;2,4;
2021/02/26;1400 UTC;37,4;936,4;936,6;936,3;71,5;20,2;19,3;20,3;19,9;19,3;19;95;94;95;301;5,6;,1;
2021/02/26;1500 UTC;6,6;935,4;936,4;935,4;224,8;20,5;19,6;20,6;20,2;19,7;19,3;95;95;95;86;2;,8;
2021/02/26;1600 UTC;1,4;934,3;935,4;934,3;887,4;21,1;20,2;21,2;20,4;20,3;19,5;95;95;95;79;2,9;1,5;
2021/02/26;1700 UTC;0;933,3;934,3;933,3;1375,5;22,6;20,7;22,7;21,1;21,2;20,3;95;88;89;90;4,6;2,4;
2021/02/26;1800 UTC;0;933,3;933,5;933,2;1158,3;23,6;20;23,7;22,5;21;20;90;80;80;61;4,6;1;
2021/02/26;1900 UTC;0;932,6;933,3;932,6;757,9;23,5;20,3;23,8;23,2;20,5;19,8;84;79;82;45;5,2;1,7;
2021/02/26;2000 UTC;0;932,6;932,7;932,4;684,2;23,6;19,3;23,8;23,4;20,5;19,2;84;76;77;351;5,3;1,5;
2021/02/26;2100 UTC;,2;933;933;932,5;241,1;22,6;18,9;23,7;22,6;19,9;18,9;81;77;80;340;9,2;4,5;
2021/02/26;2200 UTC;0;933,6;933,7;933;1,9;21,6;19;22,6;21,6;19,1;18,7;85;80;85;310;9,2;1,6;
2021/02/26;2300 UTC;0;934,5;934,5;933,6;;21,5;19;21,6;21,4;19,2;18,8;87;85;86;293;6,2;,8;
2021/02/27;0000 UTC;0;935;935;934,5;;21;19,3;21,5;21;19,3;18,9;90;86;90;310;5,5;1;
2021/02/27;0100 UTC;0;935,9;935,9;935;;20,9;19,3;21,1;20,9;19,4;19,1;90;89;90;293;3,3;,4;
2021/02/27;0200 UTC;,8;936;936,1;935,8;;20,4;19;20,9;20,4;19,3;18,9;92;90;92;357;3,2;,3;
2021/02/27;0300 UTC;,4;935,5;936;935,5;;20,2;18,8;20,4;20,2;19;18,7;92;92;92;40;2,6;,3;
2021/02/27;0400 UTC;,2;935,5;935,6;935,4;;20;18,6;20,3;20;18,9;18,6;92;92;92;84;2,7;,8;
2021/02/27;0500 UTC;,2;935;935,5;935;;19,7;18,3;20,1;19,7;18,7;18,3;92;91;92;167;2,5;0;
2021/02/27;0600 UTC;0;934,9;935,2;934,9;;19,9;18,7;19,9;19,7;18,7;18,4;93;92;93;294;,9;0;
2021/02/27;0700 UTC;0;934,8;935;934,8;;19,8;18,5;20;19,8;18,8;18,5;93;92;92;337;,9;,1;
2021/02/27;0800 UTC;0;935,2;935,3;934,8;;20;18,6;20;19,7;18,7;18,4;93;91;91;97;1,6;,1;
2021/02/27;0900 UTC;0;935,3;935,3;935,1;1,5;19,9;18,5;20,1;19,9;18,7;18,4;92;91;91;74;1,5;0;
2021/02/27;1000 UTC;0;935,9;935,9;935,3;114,5;20,4;18,8;20,4;19,9;18,8;18,4;92;90;91;161;1,3;0;
2021/02/27;1100 UTC;1,2;936,7;936,7;935,9;138,6;20,4;19,1;20,5;20,3;19,2;18,7;93;91;93;27;1,6;,3;
2021/02/27;1200 UTC;,2;937,3;937,3;936,7;730,9;21,2;19,1;21,4;20,4;19,8;19,1;93;88;88;15;4,8;1,1;
2021/02/27;1300 UTC;0;937,4;937,5;937,3;611;21,5;19,3;21,8;21,2;19,6;19;88;85;87;67;3,5;1;
2021/02/27;1400 UTC;,6;936,8;937,4;936,8;1208,8;23;20;23,1;21,2;20,6;19,3;91;83;83;355;3,8;2;
2021/02/27;1500 UTC;0;936,1;936,8;936,1;2405,3;24,6;20,2;24,8;22,8;20,8;19,3;84;74;76;353;6,6;1,8;
2021/02/27;1600 UTC;0;934,8;936,1;934,8;2281,7;26;19,7;26;23,9;20,6;19,1;77;68;68;344;6,5;2,8;
2021/02/27;1700 UTC;0;933,7;934,8;933,7;3209,1;26,8;19,2;27,5;25,4;20,2;18,4;70;61;63;359;7,8;2,5;
2021/02/27;1800 UTC;0;932,9;933,7;932,9;2070,1;25,9;19,1;28,4;25,6;20,5;18,7;69;57;66;347;5,7;2,3;
2021/02/27;1900 UTC;0;932,4;932,9;932,4;1242,9;27;19,7;27;25;19,7;18,5;70;63;65;357;6,8;1,8;
2021/02/27;2000 UTC;0;932,8;932,8;932,4;522,9;25,1;18,4;27,4;24,9;20;18;73;60;66;339;5,1;1,8;
2021/02/27;2100 UTC;0;933,4;933,4;932,8;196,6;22,7;19,7;25,2;22,7;19,9;18,4;84;66;84;33;6,3;1,5;
2021/02/27;2200 UTC;0;933,7;933,8;933,4;;21,7;19,1;22,7;21,7;20;18,7;87;81;85;300;6,4;,8;
2021/02/27;2300 UTC;,2;934,2;934,2;933,7;;21,4;19,5;21,7;21,3;19,5;19;89;85;89;255;3,2;0;
2021/02/28;0000 UTC;0;935,2;935,2;934,2;;21,5;19,8;21,6;21,3;19,8;19,3;90;88;90;343;1,9;,2;
2021/02/28;0100 UTC;0;935,7;935,7;935,2;;21,8;19,3;22,1;21,4;19,9;19,3;91;85;86;41;3,7;,9;
2021/02/28;0200 UTC;6,4;935,7;935,8;935,7;;20,9;19,7;21,8;20,8;19,8;19,4;93;86;93;87;3,9;0;
2021/02/28;0300 UTC;11,4;935,3;935,7;935,3;;20,6;19,5;21;20,6;19,9;19,5;94;93;94;23;2,5;,2;
2021/02/28;0400 UTC;22,4;934,9;935,4;934,9;;20,4;19,4;20,7;20,1;19,6;19;94;94;94;108;4,8;1,9;
2021/02/28;0500 UTC;1,2;934,7;934,9;934,4;;20,4;19,5;20,5;20,4;19,6;19,5;94;94;94;57;4,2;1,9;
2021/02/28;0600 UTC;18,6;934,3;934,8;934,2;;19,6;18,6;20,4;19,5;19,2;18,5;94;94;94;352;6,4;2,4;
2021/02/28;0700 UTC;4,2;934,2;934,3;934,1;;19,7;18,5;19,8;19,6;18,6;18,5;94;93;93;358;6;1,2;
2021/02/28;0800 UTC;1,8;934,4;934,4;934,2;;19,6;18,4;19,8;19,6;18,6;18,4;93;93;93;359;3,2;1;
2021/02/28;0900 UTC;,2;934,8;934,8;934,3;,9;19,7;18,6;19,7;19,5;18,6;18,4;94;93;93;7;2,8;,8;
2021/02/28;1000 UTC;,6;935,3;935,3;934,8;107,7;19,9;18,7;20;19,6;18,8;18,5;93;93;93;38;2,8;,4;
2021/02/28;1100 UTC;0;935,8;935,9;935,3;687,7;21,3;19,1;21,4;19,9;19,8;18,7;93;87;87;37;4,7;1,7;
2021/02/28;1200 UTC;0;936,3;936,3;935,8;1240,3;22,3;19,7;22,6;21,3;19,8;18,9;87;82;85;77;6,9;2,4;
2021/02/28;1300 UTC;0;936,6;936,6;936,3;741;21,2;18,2;22,3;21,2;19,6;17,9;86;79;83;77;7,8;3,2;
2021/02/28;1400 UTC;0;936;936,7;936;1622,4;23,2;18,4;23,2;21,1;19,2;18,2;85;75;75;78;6,4;2,4;
2021/02/28;1500 UTC;0;935,4;936,1;935,4;1293,7;23,1;18,9;23,4;22,8;19,2;18,1;78;74;77;46;7,4;1,3;
2021/02/28;1600 UTC;0;934,3;935,4;934,3;1451,5;24,6;19,5;24,7;23,1;20;18,8;79;73;74;24;5,6;2,3;
2021/02/28;1700 UTC;5,4;934,2;934,6;934,2;558,7;21,2;19,8;24,6;20,9;20,2;19;92;73;92;317;7;1,7;
2021/02/28;1800 UTC;5,8;933,9;934,5;933,9;142,5;20,1;18,8;21,2;20,1;19,8;18,6;92;89;92;338;8;2,9;
2021/02/28;1900 UTC;3,8;932,9;933,9;932,9;173,4;20;18,6;20,3;19,9;19,1;18,5;93;91;91;351;6,2;1,5;
2021/02/28;2000 UTC;,6;931,8;932,9;931,8;156,8;20,3;18,8;20,4;20;19;18,5;92;91;92;332;4;1;
2021/02/28;2100 UTC;,2;932,8;932,8;931,8;90,3;20,3;18,7;20,6;20,3;18,9;18,5;92;88;91;163;4,7;,1;
2021/02/28;2200 UTC;0;933,5;933,5;932,8;1,1;20,5;18,8;20,5;20,1;19;18,7;92;90;90;255;1,7;,2;
2021/02/28;2300 UTC;0;934,1;934,2;933,5;;20,2;18,9;20,5;20,2;18,9;18,6;92;89;92;91;2,4;0;
2021/03/01;0000 UTC;0;935,1;935,1;934,1;;20,2;19,1;20,2;20;19,1;18,8;94;92;94;52;,3;0;
2021/03/01;0100 UTC;,4;935,7;935,7;935,1;;20,2;19,2;20,3;20,1;19,3;19,1;94;94;94;126;2,9;1,5;
2021/03/01;0200 UTC;,4;935,3;935,8;935,3;;20;19;20,2;20;19,2;19;94;94;94;112;2,9;,2;
2021/03/01;0300 UTC;0;934,8;935,3;934,8;;20;19;20,1;19,9;19,1;19;94;94;94;191;1,9;0;
2021/03/01;0400 UTC;0;934,1;934,8;934,1;;20;19;20,1;19,9;19,1;18,9;94;94;94;276;0;0;
2021/03/01;0500 UTC;0;933,7;934,1;933,7;;20;19,1;20,1;19,9;19,1;19;94;94;94;117;,1;0;
2021/03/01;0600 UTC;0;933,3;933,7;933,3;;19,8;18,9;20;19,7;19,1;18,8;94;94;94;120;,1;0;
2021/03/01;0700 UTC;0;933,5;933,5;933,3;;19,8;18,9;19,9;19,7;19;18,8;94;94;94;163;,3;0;
2021/03/01;0800 UTC;0;933,7;933,8;933,5;;19,8;18,9;20;19,8;19;18,9;94;94;94;152;1,1;0;
2021/03/01;0900 UTC;,4;934,2;934,2;933,6;2,9;19,9;19;19,9;19,7;19;18,8;95;94;95;82;1;,1;
2021/03/01;1000 UTC;,4;935,1;935,1;934,2;57,5;19,9;19;20;19,8;19;18,9;95;94;94;204;2;0;
2021/03/01;1100 UTC;1,8;935,6;935,6;935,1;107,3;20;19,1;20,1;19,8;19,1;18,9;94;94;94;290;1,1;0;
2021/03/01;1200 UTC;,6;936;936,1;935,6;703;21,1;19,7;21,3;20;20,1;19;94;92;92;33;1,1;,1;
2021/03/01;1300 UTC;,2;935,9;936,1;935,9;1431;23,4;20,1;23,4;21;20,7;19,6;92;82;82;93;2,8;1,2;
2021/03/01;1400 UTC;0;935,5;936;935,5;1686,4;23,9;19,6;24,1;23,4;20,7;19,6;84;77;77;73;4,4;,9;
2021/03/01;1500 UTC;0;934,5;935,5;934,5;1353,3;25;19,9;25,6;23,9;20,9;19,5;78;70;73;79;2,8;1,2;
2021/03/01;1600 UTC;3,6;934,5;934,6;934,3;354,6;20,3;18,7;25,1;20,3;21;18,4;90;72;90;358;8,1;1,1;
2021/03/01;1700 UTC;1,8;934;934,5;933,8;289,1;21;19,4;21;20,3;19,4;18,6;91;87;91;318;5,2;,9;
2021/03/01;1800 UTC;1,2;932,7;934;932,7;285,1;21,1;19,5;21,2;20,9;19,7;19,2;91;90;91;285;3,9;0;
2021/03/01;1900 UTC;,2;932,6;932,7;932,5;400,8;21,9;19,9;22,1;21,1;20,3;19,6;91;88;89;326;2,7;,1;
2021/03/01;2000 UTC;,2;932,7;932,8;932,6;150,8;20,9;19,3;21,9;20,8;19,8;19,1;90;87;90;266;3,5;1,1;
2021/03/01;2100 UTC;,4;932,5;932,8;932,4;162,2;21;19,3;21,1;20,9;19,4;19,2;91;89;90;279;3,2;,7;
2021/03/01;2200 UTC;0;932,8;932,8;932,5;1;20,6;19;21;20,6;19,3;19;91;90;91;303;3,1;,6;
2021/03/01;2300 UTC;0;933,5;933,5;932,8;;20,4;19;20,6;20,4;19,1;18,9;91;91;91;318;2,4;,1;
2021/03/02;0000 UTC;0;934,2;934,2;933,5;;20,4;19;20,5;20,3;19,2;19;92;91;92;304;1,5;,1;
2021/03/02;0100 UTC;0;935;935,1;934,3;;20,3;19;20,6;20,3;19,2;19;92;92;92;136;1,5;0;
2021/03/02;0200 UTC;0;935,3;935,3;935;;20,3;19,1;20,3;20,1;19,2;19;93;92;93;94;1,2;0;
2021/03/02;0300 UTC;0;935,2;935,4;935,2;;20,1;19;20,3;20,1;19,2;19;94;93;94;240;,4;0;
2021/03/02;0400 UTC;,2;935;935,2;935;;20,3;19,2;20,3;20,1;19,3;19;94;94;94;281;,7;0;
2021/03/02;0500 UTC;,8;934,7;935;934,7;;20,2;19,2;20,3;20,1;19,3;19,1;94;94;94;57;1;0;
2021/03/02;0600 UTC;4,8;934,3;934,7;934,2;;20,1;19,1;20,2;20,1;19,2;19,1;94;94;94;255;,9;0;
2021/03/02;0700 UTC;1;934,5;934,5;934,2;;20,3;19,3;20,3;20,1;19,3;19,1;94;94;94;292;,9;0;
2021/03/02;0800 UTC;0;935,1;935,1;934,5;;20,3;19,4;20,4;20,2;19,5;19,3;94;94;94;299;1,6;,3;
2021/03/02;0900 UTC;,2;935,8;935,8;935,1;8,4;20,3;19,4;20,5;20,3;19,5;19,4;94;94;94;198;1,9;0;
2021/03/02;1000 UTC;0;936,7;936,7;935,8;414,8;21,1;19,8;21,3;20,3;20,2;19,4;94;93;93;338;1,6;,1;
2021/03/02;1100 UTC;0;937,5;937,5;936,7;307,5;20,8;19,1;21,2;20,7;19,8;19,1;93;90;90;212;2,1;0;
2021/03/02;1200 UTC;,2;938,1;938,1;937,5;719,8;22,1;19,8;22,2;20,8;19,8;18,9;90;83;87;111;2,6;,8;
2021/03/02;1300 UTC;0;938,4;938,4;938,1;1509,4;24,5;19,7;24,9;22;21;19,2;88;74;75;9;3,2;,4;
2021/03/02;1400 UTC;0;937,9;938,4;937,9;1553,8;23,9;19,6;24,5;23,5;20,1;19,2;80;75;77;349;6,4;3,4;
2021/03/02;1500 UTC;0;937,5;937,9;937,5;1503,4;24,5;19,9;24,8;23,9;20,2;19,4;78;73;76;346;7,7;3;
2021/03/02;1600 UTC;0;936,8;937,5;936,8;1853,9;24,1;19,8;24,8;23,7;20,4;19,4;79;73;77;337;9,1;3,7;
2021/03/02;1700 UTC;0;935,6;936,8;935,6;1989,5;25,2;19,5;25,2;23,9;20,2;18,7;78;71;71;343;8,8;3;
2021/03/02;1800 UTC;0;935,2;935,6;935,2;1432,1;24,9;19,9;25,2;24,2;19,9;18,8;75;69;74;336;8,1;2,5;
2021/03/02;1900 UTC;0;934,6;935,2;934,6;1102,7;23,6;19;25;23,5;19,8;18,5;76;69;75;326;6,2;1,2;
2021/03/02;2000 UTC;0;934,8;934,9;934,6;669,7;23;18,5;23,8;23;19,2;18,4;78;74;76;324;5;1,9;
2021/03/02;2100 UTC;0;935,1;935,1;934,7;236,8;22,8;18,8;23,1;22,8;19,2;18,3;80;75;78;323;5;,7;
2021/03/02;2200 UTC;0;935,7;935,8;935,1;5,8;21,5;18,8;22,8;21,5;19,1;18,7;84;78;84;88;3,3;0;
2021/03/02;2300 UTC;0;936,5;936,5;935,6;;21,2;18,7;21,6;21,2;18,9;18,7;86;84;86;289;1,6;0;
2021/03/03;0000 UTC;0;937,5;937,5;936,5;;20,8;18,5;21,2;20,6;18,8;18,2;88;86;87;279;1,8;,1;
2021/03/03;0100 UTC;0;937,9;937,9;937,5;;20;18,4;20,8;20;18,5;18,3;90;86;90;290;1;0;
2021/03/03;0200 UTC;0;937,9;938;937,7;;20;18,3;20;19,8;18,4;18,1;91;90;90;284;2,3;,9;
2021/03/03;0300 UTC;0;937,8;937,9;937,6;;20,2;18,3;20,3;20;18,4;18,3;90;89;89;241;2,3;,5;
2021/03/03;0400 UTC;0;937,8;938;937,8;;19,9;18,3;20,3;19,9;18,5;18,3;91;89;91;134;1,7;,1;
2021/03/03;0500 UTC;0;937,6;937,8;937,5;;20;18,4;20;19,8;18,5;18,3;92;91;91;277;1;0;
2021/03/03;0600 UTC;0;937,5;937,6;937,4;;20,4;18,2;20,4;20;18,6;18,1;91;87;87;65;1;0;
2021/03/03;0700 UTC;8,2;937,3;937,9;937,2;;19,8;18,7;20,4;19,7;18,8;18,1;93;87;93;278;2,6;,3;
2021/03/03;0800 UTC;,2;937,8;937,8;937,3;;20;18,9;20;19,8;18,9;18,7;94;93;94;295;1,9;,1;
2021/03/03;0900 UTC;0;938,2;938,2;937,8;6,5;19,9;18,9;20;19,9;19;18,8;94;94;94;229;1,1;0;
2021/03/03;1000 UTC;0;938,8;938,8;938,2;489,3;21,6;20,1;21,7;19,9;20,5;18,9;94;91;91;295;,9;0;
2021/03/03;1100 UTC;0;939,6;939,6;938,8;1186,2;23,4;19,7;23,9;21,4;20,4;19,2;91;78;80;121;2;,6;
2021/03/03;1200 UTC;0;939,8;939,8;939,6;1879,8;24,8;19,9;25,1;23,3;20,8;19,5;81;74;74;142;3,1;,9;
2021/03/03;1300 UTC;0;939,6;939,8;939,6;2673;26,3;20,1;26,9;24,6;21;19,2;77;65;68;32;3,8;1,2;
2021/03/03;1400 UTC;0;939,3;939,7;939,3;3084,7;27,8;19,9;28;25,9;20,6;19,1;70;60;62;56;6,1;1,8;
2021/03/03;1500 UTC;0;938,5;939,3;938,5;3707,3;29,2;20;29,5;27,8;21,1;19,2;65;54;58;14;5,8;2,3;
2021/03/03;1600 UTC;5,4;937,8;938,6;937,8;1446;25,3;22,8;29,7;22,4;22,9;18,6;88;53;86;261;10,3;,4;
2021/03/03;1700 UTC;0;936,9;937,8;936,9;2989,2;25,6;19,7;29,4;25,4;23,1;19,3;86;58;70;334;6,9;3,1;
2021/03/03;1800 UTC;0;936;936,9;936;918,4;27,2;20,3;27,3;25,1;21,3;19,9;76;65;66;287;5,7;,1;
2021/03/03;1900 UTC;0;935,6;936;935,6;575,8;27,3;20,5;27,5;26,7;21,4;19,7;72;64;66;294;3,6;,8;
2021/03/03;2000 UTC;0;935,7;935,7;935,5;392,4;25,7;20,7;27,3;25,7;21,4;20,3;76;66;74;281;5,7;2,4;
2021/03/03;2100 UTC;0;935,9;935,9;935,7;167;24,9;20,5;25,7;24,9;20,8;20,2;77;73;77;282;5,6;1,5;
2021/03/03;2200 UTC;0;936,6;936,6;935,9;,5;23,5;20,1;24,9;23,5;20,5;20,1;81;77;81;292;3,3;,3;
2021/03/03;2300 UTC;0;937,4;937,4;936,6;;22,8;19,4;23,5;22,8;20,1;19,4;82;80;81;296;3,5;,6;
2021/03/04;0000 UTC;0;938,2;938,2;937,4;;22,7;19;22,8;22,4;19,5;18,9;82;80;80;341;3,3;1,4;
2021/03/04;0100 UTC;0;938,8;938,9;938,2;;22,7;20,3;23;22,6;20,3;19;86;80;86;174;5;0;
2021/03/04;0200 UTC;0;939,2;939,2;938,7;;22,4;20,4;22,7;22,4;20,5;20;88;86;88;158;1,8;0;
2021/03/04;0300 UTC;23,6;939,2;940;939,1;0;20,1;19;22,6;19,8;20,6;18,4;94;87;94;219;8,2;,7;
2021/03/04;0400 UTC;1,4;938,6;939,2;938,6;;19,8;18,8;20,1;19,5;19,1;18,6;94;94;94;250;4,1;0;
2021/03/04;0500 UTC;0;938,3;938,6;938,3;;19,8;18,9;19,9;19,7;19;18,8;94;94;94;300;1,1;0;
2021/03/04;0600 UTC;0;938,2;938,4;938,2;;20,1;19,1;20,1;19,8;19,1;18,8;94;94;94;122;,9;0;
2021/03/04;0700 UTC;5,6;938;938,2;938;;20,1;19,1;20,2;19,9;19,3;18,9;94;94;94;62;1,5;,3;
2021/03/04;0800 UTC;,2;938,4;938,5;937,9;;20,1;19,2;20,1;19,9;19,2;18,9;94;94;94;299;1,4;0;
2021/03/04;0900 UTC;0;939;939,1;938,4;0;20,2;19,2;20,2;20;19,2;19,1;94;94;94;299;1,6;0;
2021/03/04;1000 UTC;0;939,9;939,9;939;68,3;20,6;19,5;20,6;20,2;19,6;19,2;94;93;93;328;4,6;2;
2021/03/04;1100 UTC;7,6;939,8;940,2;939,8;198,7;20,8;19,6;20,8;19,9;19,7;18,8;93;93;93;277;4,6;2;
2021/03/04;1200 UTC;0;940,2;940,2;939,8;404,5;20,7;18,9;21,1;20,5;19,9;18,6;93;89;90;303;5,4;,4;
2021/03/04;1300 UTC;,2;940,1;940,2;940,1;699;21,5;19;21,6;20,7;19,3;18,4;90;83;85;1;3,9;1,3;
2021/03/04;1400 UTC;,4;940;940,3;940;836,7;22;20;22;21,3;20;18,3;88;80;88;10;3,9;,6;
2021/03/04;1500 UTC;,4;939,7;940,1;939,7;1304,9;23,3;20,3;23,3;22;20,6;19,6;88;82;83;358;3,5;,8;
2021/03/04;1600 UTC;0;938,4;939,7;938,4;1391,5;24,7;20,3;24,7;23,3;21,1;19,5;84;74;77;271;3,5;1,6;
2021/03/04;1700 UTC;0;937,6;938,4;937,6;1661,3;26,3;19,5;26,5;24,7;20,7;18,9;77;63;66;279;3,6;1,6;
2021/03/04;1800 UTC;0;936,7;937,6;936,7;2939,5;28,4;19,7;29,4;26,2;20,9;18,8;69;54;59;287;4,7;1,6;
2021/03/04;1900 UTC;0;935,9;936,7;935,9;2126,7;27,1;19,8;29,4;26,9;20,4;18,6;65;55;64;292;5,3;,8;
2021/03/04;2000 UTC;0;936;936,1;935,9;490,6;26;19,9;27,3;26;20,3;19,4;69;63;69;275;3,6;,3;
2021/03/04;2100 UTC;0;935,6;936;935,5;97,6;24,2;20,5;26;24,2;20,6;19,5;80;69;80;251;1,8;0;
2021/03/04;2200 UTC;0;936,3;936,3;935,6;;23,2;20,6;24,2;23,2;20,7;20,4;86;80;86;269;1,7;,4;
2021/03/04;2300 UTC;0;937;937;936,3;;22,5;20;23,2;22,5;20,6;20;86;85;86;261;2,5;1,1;
2021/03/05;0000 UTC;0;937,7;937,7;937;;21,8;19,7;22,5;21,8;20,1;19,7;89;86;88;287;2,5;,3;
2021/03/05;0100 UTC;0;937,6;937,7;937,5;;22,3;19,7;22,3;21,7;19,9;19,7;88;85;86;256;1,6;,1;
2021/03/05;0200 UTC;0;937,5;937,7;937,4;;21,5;19,6;22,3;21,5;19,8;19,5;89;86;89;269;1,6;,9;
2021/03/05;0300 UTC;0;937,3;937,5;937,3;;21,2;19,5;21,5;21,1;19,6;19,3;90;89;90;323;1,8;0;
2021/03/05;0400 UTC;0;937,1;937,3;936,9;;20,9;19,4;21,4;20,9;19,6;19,2;91;89;91;288;1,4;,1;
2021/03/05;0500 UTC;0;936,6;937,1;936,6;;21,1;19,4;21,3;20,9;19,6;19,3;91;90;90;275;1,8;,2;
2021/03/05;0600 UTC;0;936,3;936,6;936,3;;21,6;19,5;21,6;21,1;19,6;19,4;90;88;88;275;1,7;,2;
2021/03/05;0700 UTC;0;936,4;936,4;936,2;;21,6;19,8;22;21,5;19,9;19,5;90;88;90;72;2,3;0;
2021/03/05;0800 UTC;0;936,5;936,6;936,3;;22;19,9;22;21,4;20;19,7;90;88;88;129;2,1;,3;
2021/03/05;0900 UTC;0;936,6;936,6;936,5;;21,7;20,1;22,2;21,6;20,1;19,5;90;85;90;269;2,3;,1;
2021/03/05;1000 UTC;0;937;937,1;936,6;108,3;21,8;19,6;21,8;21,3;20,2;19,4;90;87;87;280;3,1;,1;
2021/03/05;1100 UTC;0;937,6;937,6;937;432,8;23;19,9;23;21,8;19,9;18,9;87;81;83;244;1,8;,4;
2021/03/05;1200 UTC;0;938,2;938,2;937,6;837,5;25,1;21,6;25,1;23;21,6;20;84;80;81;338;2,2;,5;
2021/03/05;1300 UTC;0;938;938,2;938;2032,8;27,5;20,6;27,5;24,9;21,4;19,9;81;64;66;295;3,8;1,2;
2021/03/05;1400 UTC;0;937,3;938;937,3;2538,2;27;19,5;28,1;27;21;19,5;67;61;63;291;6,1;1,7;
2021/03/05;1500 UTC;0;936,5;937,3;936,5;1315,1;26,2;20,7;28,1;26;21,2;19,6;72;60;72;357;5,3;2;
2021/03/05;1600 UTC;,4;935,2;936,5;935,2;2574,4;28,5;19,7;29,5;26,2;22,2;18,1;73;51;59;300;6,4;1,9;
2021/03/05;1700 UTC;0;934,3;935,2;934,3;2494,1;28,2;20;29,5;26,5;22;19,3;73;55;61;316;7;2,3;
2021/03/05;1800 UTC;,8;933,5;934,3;933,5;2047,7;28,4;20,9;29,5;26,2;22,3;18,5;75;56;64;310;6,6;2,2;
2021/03/05;1900 UTC;0;933,4;933,5;932,9;1386;27;19,8;28,8;27;20,7;18,6;65;56;65;287;8,4;2,3;
2021/03/05;2000 UTC;0;933,8;934;933,4;449;24,8;18,2;27;24,8;20;17,9;69;65;67;282;5,9;2,3;
2021/03/05;2100 UTC;0;933,9;933,9;933,7;181,2;24,2;18,9;24,8;24,2;19;18;73;66;72;282;4,9;,7;
2021/03/05;2200 UTC;0;934,6;934,6;933,9;4,1;22,8;19,1;24,2;22,8;19,1;18,8;79;73;79;336;2,6;,9;
2021/03/05;2300 UTC;0;935,5;935,5;934,6;;22,9;19,2;22,9;22,6;19,3;19;81;79;80;292;2,2;,1;
2021/03/06;0000 UTC;0;936;936;935,5;;21,6;18,6;23,7;21,6;19,4;18,1;83;72;83;319;7,2;,9;
2021/03/06;0100 UTC;,4;936,3;936,3;935,9;;21;18,8;21,6;20,9;18,9;18,4;88;83;87;294;2,7;,8;
2021/03/06;0200 UTC;,2;936,5;936,7;936,3;;21,3;18,9;21,7;20,9;19,2;18,7;88;83;86;303;4,6;1,1;
2021/03/06;0300 UTC;,8;936,2;936,5;936,2;;20,3;18,6;21,3;20,3;18,9;18,6;91;86;90;327;4,2;1,4;
2021/03/06;0400 UTC;,2;935,8;936,2;935,7;;20,4;18,9;20,4;20,3;18,9;18,6;91;90;91;303;3,5;0;
2021/03/06;0500 UTC;0;935,5;935,8;935,5;;20,6;19,2;20,6;20,4;19,2;18,9;92;91;92;307;1,8;,1;
2021/03/06;0600 UTC;,2;935;935,5;935;;20,5;19,3;20,6;20,4;19,3;19,1;93;92;93;243;1,1;0;
2021/03/06;0700 UTC;0;935;935,1;934,9;;20,5;19,3;20,6;20,4;19,4;19,2;93;93;93;202;0;0;
2021/03/06;0800 UTC;0;935,2;935,2;935;;20,7;19,2;20,9;20,5;19,4;19,2;93;90;91;157;1,4;0;
2021/03/06;0900 UTC;,2;935,6;935,6;935,2;,9;21;19,1;21,1;20,7;19,3;19,1;91;88;89;296;2,2;,2;
2021/03/06;1000 UTC;0;935,9;935,9;935,5;229,7;21,6;19,5;21,6;20,9;19,6;19,1;90;88;88;266;2,5;,5;
2021/03/06;1100 UTC;0;936,5;936,5;935,8;729,5;23,6;19,9;23,6;21,6;20,4;19,5;88;80;80;158;1,5;0;
2021/03/06;1200 UTC;0;937,4;937,4;936,5;853,6;24,5;18,7;24,6;23,5;20,8;18,7;81;70;70;265;3,2;1,5;
2021/03/06;1300 UTC;0;937,7;937,7;937,4;1252,4;25,6;18,9;25,7;24,4;19,4;18,1;71;64;66;283;3,7;1,2;
2021/03/06;1400 UTC;0;937,8;937,8;937,7;2011,1;27,1;19,6;27,4;25,6;20,1;18,5;68;61;64;291;5,3;2;
2021/03/06;1500 UTC;0;937,2;937,8;937,2;2114,1;28;19,7;28,1;26,6;20,2;18,7;66;60;60;295;7,5;2,1;
2021/03/06;1600 UTC;0;935,9;937,2;935,9;2857,6;28,3;19,8;29,2;27,8;20,1;18,2;62;54;60;309;7;2;
2021/03/06;1700 UTC;0;934,8;935,9;934,8;2080;25,4;19,4;29,6;25,4;20,5;18,7;69;54;69;252;7,6;3,3;
2021/03/06;1800 UTC;0;933,8;934,8;933,8;1745,3;27,7;19,7;28,2;25,4;20,8;19,2;72;61;62;281;7,6;1,8;
2021/03/06;1900 UTC;0;934;934,1;933,8;1581,9;27,3;19,8;28,5;27,2;20,8;19,1;64;59;63;300;6,2;1,2;
2021/03/06;2000 UTC;0;934,1;934,1;933,9;876,6;27,4;19,4;28,6;27,3;20,3;19,1;64;58;62;274;4,5;1,9;
2021/03/06;2100 UTC;0;934,9;934,9;934,1;125,2;26,1;20,3;27,4;26,1;20,7;19,4;71;61;71;1;3,6;,2;
2021/03/06;2200 UTC;0;935,4;935,4;934,9;;25,2;20,9;26,1;25,2;21;20,3;77;71;77;307;1,5;,1;
2021/03/06;2300 UTC;0;936,2;936,2;935,3;;24,5;20,9;25,2;24,5;21,3;20,7;82;77;81;305;1,5;0;
2021/03/07;0000 UTC;2,6;937,8;937,9;936,2;;22;19,8;24,7;22;21,6;19,8;87;80;87;122;3,8;,2;
2021/03/07;0100 UTC;7,6;938,3;938,3;937,6;;21,1;19,8;22;21,1;20,6;19,6;93;87;92;329;7,5;2,7;
2021/03/07;0200 UTC;17,2;938,4;938,9;938,3;;20,8;19,6;21,1;20,8;19,8;19,5;93;91;93;315;7,5;,7;
2021/03/07;0300 UTC;3,2;937,8;938,5;937,7;;20,2;19,1;20,8;20,2;19,7;19,1;93;93;93;317;4,4;1,1;
2021/03/07;0400 UTC;1;937,4;937,8;937,4;;20,2;19,1;20,3;20,2;19,1;19;93;93;93;318;3,2;,9;
2021/03/07;0500 UTC;,2;937;937,4;936,9;;20,2;19,2;20,3;20,2;19,2;19,1;94;93;94;314;3;,3;
2021/03/07;0600 UTC;,2;936,5;937;936,5;;20,3;19,3;20,4;20,2;19,3;19,2;94;94;94;307;2;,4;
2021/03/07;0700 UTC;1,2;936,4;936,5;936,3;;20,1;18,9;20,3;20,1;19,3;18,9;94;93;93;85;2,4;,4;
2021/03/07;0800 UTC;,8;936,5;936,6;936,4;;20,1;19;20,2;20;19,1;18,9;94;93;93;72;1,9;,6;
2021/03/07;0900 UTC;,4;936,9;936,9;936,5;;20;18,9;20,2;19,9;19,1;18,8;94;93;93;46;2;,5;
2021/03/07;1000 UTC;,2;937,7;937,7;936,9;115,8;20,5;19,2;20,5;20;19,3;18,8;93;92;93;349;3,1;,6;
2021/03/07;1100 UTC;0;938,4;938,4;937,7;348,4;21;19,3;21;20,5;19,6;19;93;90;90;66;2,8;0;
2021/03/07;1200 UTC;,4;938,7;938,7;938,4;593,9;21,8;19,9;22;21;20,2;19,2;91;88;89;324;2,2;,6;
2021/03/07;1300 UTC;1;938,8;938,9;938,7;520,4;22,2;20,1;22,4;21,8;20,8;19,9;91;88;88;284;2,4;,7;
2021/03/07;1400 UTC;,6;938,3;938,8;938,3;950,5;23,5;20,5;23,5;22,1;20,9;19,9;89;83;83;340;3,9;1,3;
2021/03/07;1500 UTC;0;937,6;938,3;937,6;1558,3;24,8;20,4;25,1;23,5;21,2;19,5;84;74;77;327;6,4;2,6;
2021/03/07;1600 UTC;0;936,3;937,6;936,3;2030,9;26,4;19,2;27,3;24,6;20,9;19;78;65;65;324;8;2,9;
2021/03/07;1700 UTC;0;935,6;936,3;935,5;3256,4;27,5;19,5;28,7;26,4;20,5;18,5;68;56;62;285;9,3;3,8;
2021/03/07;1800 UTC;0;935;935,6;934,8;1358,3;25,9;19,8;27,5;25,8;20,6;19,1;71;61;69;283;9,3;2,8;
2021/03/07;1900 UTC;0;935,2;935,4;935;1174,9;24,9;19,9;25,9;24,7;20,5;19,4;74;68;74;289;8,7;2,6;
2021/03/07;2000 UTC;0;935,4;935,5;935,2;441,3;22,1;19,6;25,7;22,1;20,4;18,9;86;72;86;236;6;,8;
2021/03/07;2100 UTC;,2;934,9;935,4;934,8;92,7;22;19,9;22,2;21,9;20,2;19,7;89;86;88;73;2,8;0;
2021/03/07;2200 UTC;0;936;936;934,9;;21,6;20;22,1;21,6;20,3;20;91;88;91;160;1,3;0;
2021/03/07;2300 UTC;0;937,1;937,1;936;;21,6;19,9;21,9;21,6;20,3;19,9;91;90;90;138;2,9;,9;
2021/03/08;0000 UTC;0;937,2;937,3;937,1;;21,5;20,3;21,6;21,5;20,3;20;92;90;92;117;2,9;1;
2021/03/08;0100 UTC;0;937,4;937,4;937,2;;21,4;20,1;21,6;21,3;20,3;20,1;93;92;93;73;2,7;,3;
2021/03/08;0200 UTC;0;937,6;937,7;937,3;;21,3;20,2;21,4;21,2;20,3;20,1;93;93;93;39;1,3;0;
2021/03/08;0300 UTC;0;937,3;937,6;937,3;;21,3;20,2;21,3;21,2;20,2;20;93;93;93;311;,4;0;
2021/03/08;0400 UTC;0;936,8;937,3;936,8;;21,3;20,1;21,4;21,2;20,3;20,1;93;93;93;293;,9;0;
2021/03/08;0500 UTC;0;936,3;936,8;936,3;;21,1;19,6;21,3;21;20,2;19,6;93;91;91;347;1,8;,8;
2021/03/08;0600 UTC;,2;936,3;936,4;936,3;;21;19,1;21,2;21;19,6;19;91;87;89;284;2,7;,4;
2021/03/08;0700 UTC;0;936,1;936,3;935,9;;20,7;18,9;21;20,7;19,1;18,8;90;88;90;318;2,5;,2;
2021/03/08;0800 UTC;0;936,4;936,4;936;;20,5;18,7;20,7;20,4;19;18,7;91;89;89;313;1,8;,2;
2021/03/08;0900 UTC;0;936,6;936,7;936,3;;20,3;18,9;20,6;20,3;19;18,7;91;89;91;21;1,6;,2;
2021/03/08;1000 UTC;0;936,8;936,9;936,4;139,5;20,8;19;20,8;20,2;19,2;18,9;92;90;90;83;1,7;,3;
2021/03/08;1100 UTC;0;937,5;937,6;936,7;517,4;21,9;19,3;21,9;20,8;19,7;18,9;90;85;85;314;2,1;,6;
2021/03/08;1200 UTC;0;938;938;937,5;1265;23,7;18,7;24,4;21,9;20,3;18,7;86;73;73;11;2,9;1,2;
2021/03/08;1300 UTC;0;938,4;938,5;938;2570,6;26,5;19,5;26,9;23,6;20,3;18,5;76;63;65;340;5,1;2,4;
2021/03/08;1400 UTC;0;938,1;938,5;938,1;2353,1;26,6;19,2;27;25,6;20,6;19,1;71;63;64;343;5,7;1,9;
2021/03/08;1500 UTC;0;937,3;938,1;937,3;2661;27,2;20,1;28,2;26,6;20,4;18,3;68;57;65;321;6,1;1,6;
2021/03/08;1600 UTC;,6;936,3;937,3;936,3;2657,1;26,8;20;27,6;24,7;22,1;19,1;79;61;66;326;7,2;3,1;
2021/03/08;1700 UTC;0;935,7;936,3;935,7;1594,9;24,9;19,5;26,9;24,9;19,9;18,5;72;63;72;300;8,5;2,7;
2021/03/08;1800 UTC;0;935,4;935,8;935,4;1546,6;24,9;19,1;25;24,1;19,9;19;77;70;70;299;8,5;2,8;
2021/03/08;1900 UTC;0;935,4;935,4;935,3;1377,4;24,2;18,8;25,3;24,1;19,6;18,4;73;69;72;302;9,4;2,5;
2021/03/08;2000 UTC;0;935,5;935,5;935,2;475,9;23,7;19,4;24,2;23,6;19,4;18,6;77;72;77;321;7,1;1,6;
2021/03/08;2100 UTC;0;935,9;935,9;935,5;88,3;22;18,4;23,7;22;19,2;18;81;75;80;318;5,9;1,3;
2021/03/08;2200 UTC;0;936;936,1;935,9;;21,5;19,2;22;21,5;19,3;18,3;87;80;87;333;4,3;1;
2021/03/08;2300 UTC;0;936,2;936,3;936;;21,6;19,4;21,6;21,3;19,5;19,2;88;87;87;281;3,1;,3;
2021/03/09;0000 UTC;0;936,3;936,3;936;;21,4;19,3;21,6;21,3;19,5;19,3;89;87;88;298;2,6;,4;
2021/03/09;0100 UTC;0;937,1;937,2;936,3;;21,6;19,2;21,6;21,3;19,3;19,2;88;86;86;275;2,7;1,3;
2021/03/09;0200 UTC;0;937,2;937,2;937,1;;21,3;19,3;21,6;21,2;19,3;19,1;89;86;89;283;2,7;,6;
2021/03/09;0300 UTC;0;936,9;937,2;936,6;;21,1;19,3;21,3;21,1;19,4;19,2;90;89;89;348;2,2;0;
2021/03/09;0400 UTC;0;936,4;936,9;936,4;;21;19,4;21,2;21;19,4;19,3;91;89;91;22;1,4;0;
2021/03/09;0500 UTC;0;936;936,5;936;;20,9;19,4;21,1;20,9;19,5;19,3;91;91;91;14;1;,1;
2021/03/09;0600 UTC;0;935,6;936,1;935,6;;20,8;19,1;20,9;20,8;19,5;19,1;92;90;90;294;2,3;,7;
2021/03/09;0700 UTC;0;935,1;935,6;935;;20,6;19,1;20,9;20,6;19,3;19;91;90;91;308;4,4;,6;
2021/03/09;0800 UTC;0;935,3;935,3;935;;20,7;19;20,7;20,5;19,1;18,9;91;90;90;318;3,7;1,3;
2021/03/09;0900 UTC;0;934,8;935,3;934,7;,1;20,9;19;20,9;20,7;19;18,9;90;89;89;326;6,3;2,2;
2021/03/09;1000 UTC;0;935,9;935,9;934,8;111,3;21,2;19,3;21,2;20,9;19,3;18,9;89;89;89;320;5,7;,7;
2021/03/09;1100 UTC;0;936,6;936,6;935,9;534,9;22,7;19,3;22,9;21,2;19,8;19,3;89;81;81;288;3,8;1,3;
2021/03/09;1200 UTC;0;937,1;937,1;936,6;679,5;23,5;19,9;23,5;22,6;19,9;19,2;83;79;80;276;5,3;1,8;
2021/03/09;1300 UTC;0;936,8;937,1;936,8;2031,7;26,9;20,5;26,9;23,5;20,6;19,2;80;68;68;324;6,8;2,2;
2021/03/09;1400 UTC;0;936,7;936,9;936,6;3393,5;27,3;19,7;27,6;26;20,6;19,1;70;61;63;293;6,8;2,4;
2021/03/09;1500 UTC;0;935,9;936,7;935,9;3394,4;28,4;19,7;28,4;27;20,3;19;65;58;59;278;7,1;2,9;
2021/03/09;1600 UTC;0;934,7;935,9;934,7;2370,6;28;20,2;28,5;27,4;20,4;17,9;64;55;63;281;6,8;2,4;
2021/03/09;1700 UTC;0;933,5;934,7;933,5;2670,1;29,1;19,5;29,7;27,4;20,8;18,9;64;54;56;277;6,4;2,9;
2021/03/09;1800 UTC;0;933,1;933,5;933;2689,6;29,4;18,6;29,9;29,1;20,3;18,6;58;52;52;291;7,2;2,5;
2021/03/09;1900 UTC;0;932,9;933,1;932,8;1750,3;29,4;17,3;29,8;28,6;19,5;16,8;57;46;48;315;5,9;1,4;
2021/03/09;2000 UTC;0;932,6;933;932,6;940,8;25,4;19;29,8;25,4;19,8;16,1;69;44;68;84;5,6;1,1;
2021/03/09;2100 UTC;0;932,7;932,8;932,6;166,4;24;19,6;25,4;23,9;19,8;18,5;77;66;76;306;3,6;,9;
2021/03/09;2200 UTC;0;933,7;933,7;932,7;;23,3;20;24,2;23,3;20,1;19,6;82;76;82;187;2,6;,6;
2021/03/09;2300 UTC;0;934,1;934,1;933,7;;22,2;20,1;23,3;22,2;20,2;20;88;82;88;78;1,9;,1;
2021/03/10;0000 UTC;0;935;935;934,1;;22,3;20,1;22,4;22,2;20,3;20;88;87;88;338;1,2;0;
2021/03/10;0100 UTC;0;935,4;935,4;935;;22,5;20,2;22,5;22,1;20,2;20;88;87;87;270;1,8;,1;
2021/03/10;0200 UTC;0;935,6;935,6;935,3;;22,2;19,8;22,5;22,1;20,1;19,8;87;86;86;282;2,1;,7;
2021/03/10;0300 UTC;0;935,2;935,6;935,2;;21,8;19,6;22,2;21,8;19,8;19,5;87;86;87;285;2,1;,3;
2021/03/10;0400 UTC;0;935,1;935,3;935,1;;21,8;19,3;21,9;21,6;19,6;19,3;88;85;85;310;3,2;,3;
2021/03/10;0500 UTC;0;934,2;935,1;934,2;;21,3;18,9;21,9;21,3;19,3;18,9;87;85;87;311;2,9;,9;
2021/03/10;0600 UTC;0;933,6;934,2;933,6;;21,2;18,9;21,3;21,1;19;18,9;87;86;87;325;3,5;1,4;
2021/03/10;0700 UTC;0;933,9;933,9;933,6;;21,2;18,9;21,2;21,1;18,9;18,8;87;86;87;320;3,9;1,2;
2021/03/10;0800 UTC;0;934,1;934,1;933,9;;21,4;19,1;21,6;21,1;19,2;18,9;87;86;87;321;3,9;1,7;
2021/03/10;0900 UTC;0;934,8;934,8;934;;21,7;19,5;21,7;21,2;19,5;19,1;88;87;87;332;4,1;1,1;
2021/03/10;1000 UTC;0;935,5;935,5;934,7;146,8;22;19,8;22;21,7;19,8;19,4;87;86;87;12;5,8;,9;
2021/03/10;1100 UTC;0;936,4;936,4;935,5;306,6;22,4;19,9;22,4;21,7;20;19,5;88;86;86;349;3,1;1,1;
2021/03/10;1200 UTC;0;936,6;936,6;936,4;1229,2;24,8;20,2;24,8;22,4;20,6;19,7;86;75;76;311;4,4;1,8;
2021/03/10;1300 UTC;0;936,6;936,7;936,5;2254,9;26,5;20,7;26,8;24,8;20,9;19,9;76;68;71;345;6,4;2,6;
2021/03/10;1400 UTC;0;936,1;936,6;936,1;2655,7;27,4;19,5;28,8;26,2;21,2;19,5;71;59;62;318;6,3;1,5;
2021/03/10;1500 UTC;0;935,7;936,1;935,6;1557,9;26,8;20,7;27,4;26,3;21,1;19,5;72;62;69;352;6,7;3,1;
2021/03/10;1600 UTC;0;934,4;935,7;934,4;2938,8;27,7;19,9;28,1;26;21,3;19,9;72;63;63;330;8;2,7;
2021/03/10;1700 UTC;0;934,2;934,4;934;2267,3;27,5;20;28,5;27;20,7;19,5;67;60;64;331;7,2;2,5;
2021/03/10;1800 UTC;0;933;934,2;933;2053,1;28,3;20;28,8;27,4;20,6;19,4;65;60;61;346;7,1;2,5;
2021/03/10;1900 UTC;0;932,6;933;932,5;1227,8;27,9;20,3;29,4;27;21,1;19,3;67;56;63;331;5,8;2;
2021/03/10;2000 UTC;0;933;933;932,6;851,8;26,5;20;28,1;26,5;20,6;19,5;68;61;67;327;6,1;1,6;
2021/03/10;2100 UTC;0;933,1;933,2;933;155,9;25,8;19,7;26,5;25,8;20,3;19,5;70;67;69;298;3,7;,3;
2021/03/10;2200 UTC;0;933,3;933,3;933,1;;24,6;20;25,8;24,6;20,2;19,6;76;69;76;281;1,9;,3;
2021/03/10;2300 UTC;0;933,9;933,9;933,3;;23,8;20,3;24,6;23,8;20,4;20,1;81;76;81;321;2,2;,3;
2021/03/11;0000 UTC;0;934,7;934,7;933,9;;23,5;20,1;23,8;23,5;20,4;20,1;82;80;81;277;1,9;,6;
2021/03/11;0100 UTC;0;935,4;935,4;934,7;;22,9;20;23,5;22,9;20,2;20;84;81;84;286;2,8;,7;
2021/03/11;0200 UTC;0;935,6;935,6;935,4;;22,7;20,1;22,9;22,6;20,2;20;86;84;85;293;2,5;,1;
2021/03/11;0300 UTC;0;935,5;935,7;935,5;;22,4;20,1;22,7;22,4;20,2;20,1;87;85;87;299;1,8;,1;
2021/03/11;0400 UTC;0;935,2;935,6;935,2;;22,1;19,9;22,5;22,1;20,1;19,9;88;86;88;319;3,5;,8;
2021/03/11;0500 UTC;0;934,7;935,2;934,7;;21,9;19,8;22,1;21,9;20;19,8;88;88;88;284;4,1;1;
2021/03/11;0600 UTC;0;934,6;934,8;934,5;;21,5;19,6;21,9;21,5;19,9;19,5;88;87;88;288;2,8;,1;
2021/03/11;0700 UTC;0;934,7;934,7;934,5;;21,3;19,1;21,5;21,3;19,6;19,1;90;87;87;282;2,1;,5;
2021/03/11;0800 UTC;0;934,8;934,8;934,7;;20,7;18,5;21,4;20,7;19,1;18,5;88;87;87;293;3,2;,9;
2021/03/11;0900 UTC;0;935,8;935,8;934,7;,4;20,3;18,3;20,8;20,3;18,5;18,1;88;86;88;224;2,7;,3;
2021/03/11;1000 UTC;0;936,4;936,4;935,8;370,1;22,9;18,9;22,9;20,2;18,9;18;89;77;78;300;2;,3;
2021/03/11;1100 UTC;0;937,3;937,3;936,4;1250,7;25;20,1;25;22,8;20,4;18,7;79;74;74;332;7,9;3,7;
2021/03/11;1200 UTC;0;937,8;937,8;937,3;2118,8;26,5;19,6;26,8;24,8;20,4;19,6;75;66;66;335;9;3,3;
2021/03/11;1300 UTC;0;937,8;938;937,8;2966,9;27,5;20,4;27,7;26,5;20,5;19,6;68;62;65;348;7,8;3,2;
2021/03/11;1400 UTC;0;937,8;937,9;937,7;2962;28,1;19,7;29;27,3;20,8;19,1;65;58;61;299;6,8;2;
2021/03/11;1500 UTC;0;937;937,8;937;2709;29,6;19,6;30;28,1;20,7;18;62;50;55;308;6,9;2,1;
2021/03/11;1600 UTC;0;936,2;937;936,2;3227,2;29,6;19,4;30,4;29,2;19,8;18;56;48;54;322;6;1,9;
2021/03/11;1700 UTC;0;935,5;936,2;935,5;2008,6;29,5;19,9;30,1;28,4;20,4;18,7;61;53;56;319;6,9;1,9;
2021/03/11;1800 UTC;0;934,9;935,5;934,8;2327,3;28,7;19,1;30,9;28,7;20,1;18,5;57;49;56;323;6,4;2,4;
2021/03/11;1900 UTC;0;935;935,1;934,8;723,2;25,5;20,1;28,7;25,3;20,4;18,8;72;56;72;331;12,6;2,8;
2021/03/11;2000 UTC;0;934,5;935;934,4;402,2;25,1;20,4;25,5;24,9;20,6;20;76;72;75;286;6,9;1,5;
2021/03/11;2100 UTC;0;934,8;934,8;933,9;132,9;24;19,5;25,1;24;20,3;19,4;76;71;76;333;4,9;1,2;
2021/03/11;2200 UTC;0;936,1;936,1;934,8;;22,6;19,8;24;22,5;19,8;19,4;84;76;84;355;4,5;1,9;
2021/03/11;2300 UTC;0;936,6;936,6;936,1;;22,2;19,8;22,6;22,2;20;19,8;87;84;87;320;4,7;1,4;
2021/03/12;0000 UTC;0;937,3;937,3;936,6;;21,8;19,6;22,2;21,8;19,9;19,6;88;87;87;318;4,1;1,1;
2021/03/12;0100 UTC;0;938,1;938,1;937,3;;21,3;19,5;21,8;21,3;19,7;19,4;89;87;89;311;3,1;,4;
2021/03/12;0200 UTC;0;938,6;938,6;938,1;;21,4;19,2;21,6;21,3;19,5;19,2;89;87;87;296;2,4;,2;
2021/03/12;0300 UTC;0;938,2;938,6;938,2;;21,2;19,2;21,8;21,1;19,4;19,1;88;86;88;323;3,6;,8;
2021/03/12;0400 UTC;0;937,7;938,2;937,7;;21,4;19;21,5;21,2;19,3;19;89;86;86;298;2,2;,3;
2021/03/12;0500 UTC;0;936,8;937,7;936,8;;21,2;18,7;21,4;21,2;19;18,7;87;86;86;312;3,3;,5;
2021/03/12;0600 UTC;0;936,2;936,8;936,2;;21,4;18,4;21,4;21,2;18,7;18,4;86;83;83;280;2,7;,7;
2021/03/12;0700 UTC;0;936,4;936,4;936,1;;20,5;18,8;21,4;20,5;18,8;18,2;90;83;90;115;2,1;,5;
2021/03/12;0800 UTC;0;936,9;936,9;936,3;;20,2;18,9;20,5;20,1;19;18,7;92;90;92;356;1,3;0;
2021/03/12;0900 UTC;0;937,5;937,5;936,8;2,1;20,2;18,7;20,4;20;18,9;18,6;92;90;91;235;2,4;0;
2021/03/12;1000 UTC;0;938,4;938,4;937,5;320,1;20,9;19,1;21,5;20,2;19,3;18,7;92;87;90;98;3,2;2,2;
2021/03/12;1100 UTC;0;939,1;939,1;938,4;974,4;23,5;19,8;23,5;20,9;20,2;19,2;91;80;80;1;4;,8;
2021/03/12;1200 UTC;0;939,5;939,6;939,1;1486;24,4;19,7;24,7;23,5;20,2;19;80;73;75;202;2,4;,1;
2021/03/12;1300 UTC;0;939,3;939,6;939,3;1770,4;26,4;20,3;26,8;24,4;20,9;19,5;75;67;69;289;2,4;,8;
2021/03/12;1400 UTC;0;938,9;939,3;938,9;2458,5;27,8;17,7;28,3;26,1;20,3;17,3;69;51;54;155;2,7;,7;
2021/03/12;1500 UTC;0;938,2;938,9;938,2;1740,2;29;19;29;27,6;19,9;16;60;48;55;112;2,7;,2;
2021/03/12;1600 UTC;0;937;938,2;937;3171,3;29,5;17,9;30,7;29;18,9;16,7;55;44;50;70;3,6;1,7;
2021/03/12;1700 UTC;0;935,6;937;935,6;2521,9;30,9;18,2;31,3;29,2;19,3;17,5;55;45;47;330;3,6;,4;
2021/03/12;1800 UTC;0;934,3;935,6;934,3;1857,5;30,2;18,6;31,6;29;19,6;17,4;53;46;50;69;4,2;1,5;
2021/03/12;1900 UTC;0;933,9;934,4;933,9;2006;30,2;18;31,6;30;19,7;17,2;52;44;48;123;4,7;2,1;
2021/03/12;2000 UTC;0;933,8;933,9;933,6;777,1;28,4;17,3;30,8;28,3;18,2;17,3;53;46;51;139;5,1;,8;
2021/03/12;2100 UTC;0;934,4;934,4;933,8;105,2;27;17,9;28,4;27;18,7;17,2;59;51;57;129;2,6;0;
2021/03/12;2200 UTC;0;935,5;935,5;934,4;;25,9;19,9;27;25,9;20;17,7;70;57;70;263;0;0;
2021/03/12;2300 UTC;0;936,3;936,3;935,5;;25,2;19,9;25,9;24,8;20,5;19,8;75;70;73;176;1,7;,3;
2021/03/13;0000 UTC;0;937,1;937,1;936,3;;24,6;19,9;25,7;24,6;20;19,4;75;69;75;358;1,9;0;
2021/03/13;0100 UTC;0;937,5;937,5;937,1;;24,3;19,3;24,6;24;19,9;19,2;76;74;74;278;1,9;,6;
2021/03/13;0200 UTC;0;937,6;937,7;937,5;;23,3;18,8;24,4;23,3;19,2;18,4;76;71;76;237;2,5;0;
2021/03/13;0300 UTC;0;937,1;937,6;937,1;;22,8;17,9;25,1;22,8;18,4;17,5;76;63;74;245;3,7;0;
2021/03/13;0400 UTC;0;936,7;937,1;936,7;;22,7;18,2;23,4;22,6;18,3;17,8;76;72;75;259;1,6;,1;
2021/03/13;0500 UTC;0;936,2;936,7;936,2;;21,6;18,3;22,7;21,6;18,4;18,1;82;75;81;271;1,4;,2;
2021/03/13;0600 UTC;0;935,7;936,2;935,7;;21,4;18,3;21,8;21,4;18,5;18,3;83;81;83;273;1,7;,7;
2021/03/13;0700 UTC;0;936,1;936,1;935,7;;21,1;18,1;21,7;21,1;18,3;18,1;83;80;83;290;1,7;0;
2021/03/13;0800 UTC;0;936,7;936,7;936,1;;20,9;18,4;21,3;20,9;18,4;18;85;83;85;296;,8;0;
2021/03/13;0900 UTC;0;937,3;937,3;936,7;,1;20,6;18,3;20,9;20,5;18,5;18,3;88;85;87;282;0;0;
2021/03/13;1000 UTC;0;937,5;937,6;937,2;366,9;22,8;18,9;22,8;20,6;19,1;18,3;87;79;79;314;1,1;0;
2021/03/13;1100 UTC;0;938,2;938,2;937,5;1194,4;25,9;18,9;26,4;22,8;20;18,5;79;63;66;300;1,6;,1;
2021/03/13;1200 UTC;0;938,4;938,4;938,2;1315;27;19,4;27;25,5;19,7;18,2;67;61;63;110;1,9;,4;
2021/03/13;1300 UTC;0;938,2;938,4;938,2;2047,4;27,9;20,1;27,9;26,8;20,5;19;67;61;63;59;4,2;1;
2021/03/13;1400 UTC;0;938,1;938,3;938,1;2766,5;29,1;19,2;29,2;27,5;20,3;18,4;63;53;55;281;5,8;,6;
2021/03/13;1500 UTC;0;937,5;938,1;937,5;3423,4;30,1;19;30,3;28,6;20,8;18,5;60;50;51;73;6,1;1,6;
2021/03/13;1600 UTC;0;936,2;937,5;936,2;3459,6;31,5;17,9;31,5;29,9;19,8;17,2;54;43;45;15;5,2;1,7;
2021/03/13;1700 UTC;0;935;936,2;935;2932,6;31,2;17,6;32,2;30,5;18,6;15,9;47;38;44;77;5,7;1,4;
2021/03/13;1800 UTC;0;933,5;935;933,5;2002,5;30,6;18,7;32;30,6;19,1;17,2;50;42;49;17;5,8;1,5;
2021/03/13;1900 UTC;0;933,6;933,8;933,4;1137,9;30;19,2;31,2;29,9;19,6;17,9;54;46;52;322;3,4;1,5;
2021/03/13;2000 UTC;0;934,3;934,3;933,4;634;28,7;19,7;30,2;28,7;20,1;19;59;52;58;324;3,7;1,3;
2021/03/13;2100 UTC;2,4;936;936;934,3;98,9;22;19,2;28,7;22;19,6;18,5;84;57;84;81;9,6;2,8;
2021/03/13;2200 UTC;1,8;937;937;935,5;;21,1;19;22,1;21;19,6;18;88;80;88;150;8,6;1;
2021/03/13;2300 UTC;25,8;938,2;938,2;937;;20,3;19,3;21,1;19,9;19,3;18,5;94;87;94;169;5,6;,9;
2021/03/14;0000 UTC;1,2;938,6;938,7;938,2;;20,2;19,2;20,5;20,1;19,4;19,1;94;94;94;141;5,1;1,6;
2021/03/14;0100 UTC;2,8;939,4;939,4;938,6;;20,2;19,2;20,3;20,1;19,3;19,1;94;94;94;148;4,2;,1;
2021/03/14;0200 UTC;2,2;939,6;939,6;939,2;;20,3;19,2;20,3;20,1;19,3;19;94;93;94;346;1,6;,1;
2021/03/14;0300 UTC;7;939,9;940,3;939,6;,4;18,9;17,6;20,3;18,9;19,3;17,4;94;89;92;354;9,2;1,5;
2021/03/14;0400 UTC;7,4;939,7;939,9;939,7;;19,2;18,1;19,3;18,9;18,1;17,6;94;92;94;15;4,2;0;
2021/03/14;0500 UTC;1,6;938,5;939,7;938,5;;19,4;18,4;19,5;19,2;18,5;18,1;94;94;94;341;1,1;0;
2021/03/14;0600 UTC;1;937,4;938,5;937,4;;19,5;18,5;19,6;19,2;18,5;18,2;94;94;94;337;1,7;,3;
2021/03/14;0700 UTC;0;936,7;937,4;936,7;;19,9;18,7;19,9;19,5;18,8;18,5;94;93;93;338;3,8;1,9;
2021/03/14;0800 UTC;0;936,9;936,9;936,7;;19,4;18;19,9;19,4;18,7;18;93;92;92;317;3,8;,4;
2021/03/14;0900 UTC;0;937,2;937,2;936,8;1,1;19,7;17,7;19,8;19,3;18,1;17,7;92;88;88;251;2,8;,1;
2021/03/14;1000 UTC;0;937,8;937,9;937,2;119,3;20,4;17,6;20,7;19,7;17,9;17,1;89;80;84;247;2,5;,2;
2021/03/14;1100 UTC;,2;938,9;938,9;937,9;588,5;21,7;18,9;21,7;20,4;19,2;17,8;86;83;84;123;2,6;1,2;
2021/03/14;1200 UTC;0;939,5;939,5;938,9;1265,6;22,6;18,9;23,1;21,8;19,2;18;85;75;80;87;4,3;1,5;
2021/03/14;1300 UTC;0;939,8;939,8;939,5;829,5;23,1;19,3;23,2;22,2;19,6;18,6;83;78;79;96;3,3;1,4;
2021/03/14;1400 UTC;0;939,8;939,9;939,8;702,5;23,5;19,2;23,5;22,9;19,7;18,6;80;77;77;82;2,9;,4;
2021/03/14;1500 UTC;0;939,4;939,9;939,4;813,4;24;19,3;24,2;23,4;19,6;18,5;77;73;75;78;1,6;,7;
2021/03/14;1600 UTC;0;938,3;939,4;938,3;1039,5;25,4;20;25,4;24;20,1;19,2;77;72;72;151;1,9;,3;
2021/03/14;1700 UTC;0;937,2;938,3;937,2;1035;25,5;19,3;25,9;25,3;20,2;19,2;72;67;69;275;4;1,5;
2021/03/14;1800 UTC;0;936,7;937,2;936,7;1090,1;25,8;19,5;25,9;24,8;20,1;19,3;74;67;68;233;4,8;1,5;
2021/03/14;1900 UTC;0;935,9;936,7;935,9;1081,6;26;19,1;26,4;25,7;20,5;19,1;71;66;66;239;4,5;,9;
2021/03/14;2000 UTC;0;936;936;935,8;771,7;26,4;19,9;26,7;25,6;20,7;19,1;71;66;68;101;3,3;1,7;
2021/03/14;2100 UTC;0;936,9;937;936;144,7;24,7;20,2;26,4;24,7;20,5;19,6;76;67;76;96;4,4;1,8;
2021/03/14;2200 UTC;0;937,7;937,7;936,9;;22,7;18,2;24,7;22,7;20,6;18,1;80;73;76;44;6,3;1,2;
2021/03/14;2300 UTC;0;938,5;938,5;937,7;;21,5;18,6;22,7;21,5;18,7;18,1;84;76;84;352;5,8;2,3;
2021/03/15;0000 UTC;0;938,7;938,8;938,5;;21,3;19,2;21,5;21,2;19,3;18,7;88;84;88;308;5,8;,6;
2021/03/15;0100 UTC;1,2;939;939;938,7;;20,8;19,5;21,2;20,8;19,6;19,2;92;88;92;177;3,4;0;
2021/03/15;0200 UTC;,2;939,3;939,3;938,9;;20,6;19,4;21;20,6;19,7;19,4;93;92;93;109;2,2;,8;
2021/03/15;0300 UTC;0;939,2;939,4;939,2;;20,4;19,1;20,7;20,3;19,5;19,1;93;93;93;4;2,8;,2;
2021/03/15;0400 UTC;0;938,6;939,2;938,6;;20,4;18,7;20,5;20,3;19,1;18,7;93;90;90;64;3;,2;
2021/03/15;0500 UTC;0;938,3;938,6;938,3;;20,3;18,9;20,4;20,2;18,9;18,6;92;90;92;282;1,6;,2;
2021/03/15;0600 UTC;0;937,5;938,3;937,5;;20,1;18,9;20,3;20,1;19;18,8;93;92;93;292;1,6;,2;
2021/03/15;0700 UTC;0;937;937,5;937;;20,1;18,8;20,2;20,1;18,9;18,8;93;92;92;300;2,3;,4;
2021/03/15;0800 UTC;0;936,8;937,1;936,8;;20;18,5;20,1;19,9;18,8;18,4;92;91;91;251;3,2;,3;
2021/03/15;0900 UTC;0;937,1;937,1;936,8;,9;19,5;18,3;20,1;19,5;18,6;18,3;92;91;92;166;1,9;,2;
2021/03/15;1000 UTC;0;937,6;937,6;937,1;297,8;21;19,1;21;19,5;19,6;18,2;93;88;88;314;1,1;0;
2021/03/15;1100 UTC;0;938,5;938,5;937,6;1000,4;23;19,3;23;20,9;19,8;18,9;90;79;80;120;2,6;1,2;
2021/03/15;1200 UTC;0;938,8;938,8;938,5;2072,6;24,5;19,2;25;23;20;18,7;81;69;73;101;4;2,2;
2021/03/15;1300 UTC;0;938,4;938,8;938,4;2467,3;26;19,6;26;24,4;20,4;18,8;75;67;68;146;4,6;1;
2021/03/15;1400 UTC;0;938,2;938,5;938,2;3088,2;28,1;17,5;28,4;25,9;20,1;17,1;69;52;53;56;4,3;1,6;
2021/03/15;1500 UTC;0;937,6;938,2;937,6;2397,7;27,8;19;28,5;27,4;19,7;17;62;51;59;293;3,7;,6;
2021/03/15;1600 UTC;0;936,8;937,6;936,8;2817,2;29;18,9;30;27,8;20;17,8;62;50;54;349;3,4;1,3;
2021/03/15;1700 UTC;0;935,6;936,8;935,6;2623,1;29,3;17,5;30,1;28,7;19,6;16,7;56;46;49;65;3,5;1;
2021/03/15;1800 UTC;0;934,7;935,5;934,7;1953,4;29,4;18;30,5;28,6;19,7;17;57;47;50;351;3,8;1,7;
2021/03/15;1900 UTC;0;934,2;934,7;934,2;1700,9;28,9;17,5;30,8;28,9;19,2;15,9;53;42;50;272;4;1,3;
2021/03/15;2000 UTC;0;934;934,2;934;339;27,6;19;29;27,6;19,6;17,7;61;50;60;265;4,2;1,5;
2021/03/15;2100 UTC;0;934,6;934,6;933,9;100,9;26;19,9;27,6;26;20;19,1;69;60;69;295;3,7;,3;
2021/03/15;2200 UTC;0;935,3;935,3;934,6;;25,1;20,1;26;25,1;20,4;19,9;75;69;74;318;2,1;0;
2021/03/15;2300 UTC;0;936;936;935,3;;24,6;20,8;25,3;24,6;20,8;20;79;73;79;286;1,5;,2;
2021/03/16;0000 UTC;0;937,1;937,1;936;;24,6;20,5;24,7;24,5;21;20,4;80;78;78;253;1,5;,1;
2021/03/16;0100 UTC;0;937,4;937,5;937,1;;24,3;20,6;24,7;24,2;20,8;20,2;81;77;80;300;,9;0;
2021/03/16;0200 UTC;0;937,6;937,6;937,4;;23,6;20,4;24,3;23,6;20,7;20;82;79;82;221;1,1;,1;
2021/03/16;0300 UTC;0;937,3;937,6;937,3;;23,3;20,5;23,6;23,3;20,7;20,3;85;82;85;333;1,3;0;
2021/03/16;0400 UTC;0;936,6;937,3;936,6;;23,1;20;23,3;22,8;20,6;20;87;83;83;102;3,8;1,6;
2021/03/16;0500 UTC;0;936,1;936,6;936,1;;22,6;19,8;23,1;22,5;20,2;19,8;86;83;84;96;3,8;0;
2021/03/16;0600 UTC;0;935,7;936,1;935,7;;22,1;19,6;22,6;22,1;19,8;19,6;86;84;86;91;2,8;1,5;
2021/03/16;0700 UTC;0;935,7;935,8;935,6;;21,8;19,7;22,1;21,7;19,8;19,6;88;86;88;265;2,8;0;
2021/03/16;0800 UTC;0;935,8;935,9;935,7;;21,6;19,8;21,9;21,6;19,9;19,6;89;88;89;275;1;0;
2021/03/16;0900 UTC;0;936,3;936,3;935,8;;21,5;19,8;21,7;21,4;20;19,7;90;89;90;108;0;0;
2021/03/16;1000 UTC;0;936,9;936,9;936,3;205,9;22,9;20,4;22,9;21,4;20,6;19,8;91;85;86;322;0;0;
2021/03/16;1100 UTC;0;937,6;937,6;936,9;629,1;24,4;20,8;24,4;22,9;21;20,1;86;80;80;320;1,5;0;
2021/03/16;1200 UTC;0;937,9;938;937,6;892,3;26,3;20,9;26,4;24,4;21,4;20,5;80;71;72;309;2,2;,5;
2021/03/16;1300 UTC;0;937,6;937,9;937,6;1851,7;27,8;20,5;28,2;26,3;21,6;20,1;72;62;64;352;3,6;1,4;
2021/03/16;1400 UTC;0;937;937,6;937;2602,5;29,1;19,7;29,5;27,7;21,9;19,7;67;57;57;349;5,1;2,3;
2021/03/16;1500 UTC;0;936,2;937;936,2;3618,4;29,9;20,9;30,6;29;21,1;18,6;60;51;58;341;5,7;2,7;
2021/03/16;1600 UTC;0;935;936,2;935;3734,8;30,8;20,5;30,8;29,6;21,4;18,3;59;49;54;348;8,2;2,4;
2021/03/16;1700 UTC;0;934,1;935;934,1;1588,2;28,6;17;30,8;28,5;20,3;16,1;56;46;49;36;7;,8;
2021/03/16;1800 UTC;0;933,2;934,1;933,2;617,4;28,1;19,5;28,8;28,1;19,9;17,5;60;49;59;360;2,3;,5;
2021/03/16;1900 UTC;0;933;933,2;933;334,9;26,5;20,4;28,1;26,5;20,7;18,5;71;56;69;139;2,4;0;
2021/03/16;2000 UTC;0;933,4;933,4;932,9;633,7;27,4;20,2;27,9;26,5;21,1;20;70;63;65;76;3,9;1,3;
2021/03/16;2100 UTC;0;933,6;933,7;933,4;124,5;25,5;20,6;27,4;25,5;20,9;19,9;74;64;74;286;2,6;0;
2021/03/16;2200 UTC;0;934,5;934,5;933,5;;25,2;20,1;25,5;25,2;20,9;20;76;73;73;23;1,3;0;
2021/03/16;2300 UTC;0;935,2;935,2;934,5;;25,1;20,7;25,2;24,8;20,9;20,3;79;73;77;270;1,9;,6;
2021/03/17;0000 UTC;0;936;936;935,2;;24,2;20,8;25,3;24,2;20,8;19,7;81;72;81;136;4,2;1,6;
2021/03/17;0100 UTC;0;936,4;936,4;936;;23,7;20,8;24,2;23,7;20,9;20,6;84;81;84;253;4,2;,1;
2021/03/17;0200 UTC;0;937,3;937,3;936,1;;22,9;19;23,7;22,9;20,9;19;85;79;79;297;8,1;1,9;
2021/03/17;0300 UTC;3,2;936,5;937,3;936,5;;20,2;18,4;22,9;20,1;18,7;18,2;90;78;90;269;8,1;1,9;
2021/03/17;0400 UTC;0;935,9;936,5;935,8;;20,4;18,7;20,5;20;18,8;18,4;91;89;90;342;4,9;1,7;
2021/03/17;0500 UTC;0;935,2;935,9;935,2;;20,7;18,9;21,1;20,4;19,1;18,6;90;87;90;284;4;1,1;
2021/03/17;0600 UTC;0;935,6;935,6;935,2;;20,9;19;20,9;20,6;19,2;18,9;90;89;89;75;3,6;,5;
2021/03/17;0700 UTC;0;935,8;936,1;935,6;;20,8;19,6;21,1;20,7;19,6;19;93;88;93;99;4,4;,1;
2021/03/17;0800 UTC;,6;935,8;935,9;935,7;;20,7;19,5;20,9;20,6;19,7;19,4;93;93;93;189;1;0;
2021/03/17;0900 UTC;,2;935,3;935,8;935,3;;20,8;19,7;20,9;20,7;19,8;19,5;94;93;94;256;1;0;
2021/03/17;1000 UTC;,2;936,6;936,6;935,3;83,2;21;19,9;21;20,6;19,9;19,5;94;93;94;239;1;0;
2021/03/17;1100 UTC;0;937,3;937,3;936,6;501;22,1;20;22,3;20,9;20,6;19,8;94;88;88;12;1,3;,2;
2021/03/17;1200 UTC;0;937,2;937,3;937,1;1404,2;24,2;19,9;24,3;22,1;20,4;19,1;88;76;77;91;2,3;,7;
2021/03/17;1300 UTC;0;937,2;937,4;937,2;2299;25,8;20,3;26;23,9;21,1;19,4;79;71;72;80;4;2;
2021/03/17;1400 UTC;0;937,1;937,2;937,1;3363,7;27;19,9;27,6;25,8;21,2;19,6;73;64;65;59;5;1,9;
2021/03/17;1500 UTC;0;936,5;937,2;936,5;3261,4;28,2;19,9;28,2;26,7;20,9;18,5;69;57;61;24;5,3;1,4;
2021/03/17;1600 UTC;0;934,9;936,5;934,9;2210,6;25,8;19,9;29,2;25,6;20,5;18,6;70;55;70;124;4,3;,5;
2021/03/17;1700 UTC;0;933,9;934,9;933,9;1017,8;25,2;20,3;25,8;24,9;20,5;18,7;75;67;74;90;5,4;3,2;
2021/03/17;1800 UTC;0;933,2;933,9;933,1;3409,9;28;20;28,1;25,2;21,7;19,1;75;61;62;82;5,2;1,9;
2021/03/17;1900 UTC;0;932,5;933,2;932,5;1166,8;26,1;20,1;28,3;26;20,4;19,4;70;59;70;301;5,5;1,4;
2021/03/17;2000 UTC;0;932,4;932,5;932,1;200,3;24,6;19,5;26;24,6;20;19,5;75;69;73;304;2,8;,5;
2021/03/17;2100 UTC;0;933,3;933,3;932,2;70,3;23,5;19,3;24,6;23,5;19,8;19,2;78;73;78;308;3,3;,7;
2021/03/17;2200 UTC;0;934,2;934,2;933,3;;23,1;19,6;23,5;23;19,7;19,2;81;77;81;287;2,7;,5;
2021/03/17;2300 UTC;0;934,9;934,9;934,2;;22,9;20,1;23,2;22,9;20,1;19,5;84;80;84;227;3,1;0;
2021/03/18;0000 UTC;0;935,7;935,7;934,9;;22,9;20,2;22,9;22,7;20,3;20;86;84;85;272;1,8;,6;
2021/03/18;0100 UTC;0;936,3;936,3;935,7;;22,4;20,1;22,9;22,4;20,2;20;87;84;87;280;1,8;,4;
2021/03/18;0200 UTC;0;936,2;936,3;936,2;;22,1;20;22,5;22,1;20,1;19,9;88;86;88;74;2;,3;
2021/03/18;0300 UTC;0;935,7;936,2;935,6;;21,9;20,2;22,1;21,7;20,2;19,9;90;88;90;280;2,2;,8;
2021/03/18;0400 UTC;0;935,1;935,7;935,1;;21,4;19,7;21,9;21,4;20,2;19,7;90;89;90;304;2,2;,2;
2021/03/18;0500 UTC;0;934,6;935,1;934,6;;21,4;19,7;21,7;21,4;20;19,7;91;90;90;269;1,5;0;
2021/03/18;0600 UTC;0;934,2;934,6;934,2;;20,9;19,5;21,4;20,9;19,7;19,4;92;90;92;68;1,5;,2;
2021/03/18;0700 UTC;0;934,2;934,3;934,1;;20,8;19,4;20,9;20,7;19,5;19,4;92;92;92;272;1,5;0;
2021/03/18;0800 UTC;0;934,4;934,4;934,1;;20,9;19,4;21,1;20,7;19,6;19,4;92;91;91;244;1;0;
2021/03/18;0900 UTC;0;934,9;934,9;934,4;2,9;20,8;19,4;20,9;20,6;19,4;19,1;92;91;92;121;1,3;,2;
2021/03/18;1000 UTC;0;935,3;935,3;934,9;377,5;23,2;19,9;23,3;20,8;20,5;19,4;92;82;82;252;1,1;0;
2021/03/18;1100 UTC;0;935,7;935,7;935,3;1169,1;26,2;20,4;26,2;23,2;20,9;19,6;83;69;71;16;1,7;,4;
2021/03/18;1200 UTC;0;936,6;936,6;935,7;2047,2;26,7;19,7;27,1;25,7;21,1;19,4;73;65;65;355;4,9;2,4;
2021/03/18;1300 UTC;0;936,6;936,7;936,6;2300,1;27,4;18,9;27,7;26,3;20;17,6;66;57;60;334;6,6;2,7;
2021/03/18;1400 UTC;0;936,3;936,6;936,3;2891,1;27,9;19,9;28,4;26,7;20,2;18,5;63;58;62;352;6,1;2,8;
2021/03/18;1500 UTC;0;935,4;936,3;935,4;3361,2;29,2;19,2;29,7;26,9;20,6;18,3;65;53;55;347;6,4;2;
2021/03/18;1600 UTC;0;934,5;935,4;934,5;1533,9;28,1;18,5;29,7;27,6;20;18;61;53;56;318;6;1,7;
2021/03/18;1700 UTC;0;933,4;934,5;933,4;1663,7;27,9;18,3;28,5;27,8;20;18;61;54;56;355;4,6;1,5;
2021/03/18;1800 UTC;0;933,1;933,4;932,9;1818;27,2;19,7;28,9;27,2;19,9;18,4;64;54;64;61;8;2,7;
2021/03/18;1900 UTC;6;933,9;933,9;933,1;257,6;21,4;19,4;27,1;21,3;20,2;17,9;91;64;89;322;10,3;,4;
2021/03/18;2000 UTC;,6;934;934;933,5;61,9;21,1;19,5;21,4;20,8;19,7;18,7;91;86;91;203;2,2;0;
2021/03/18;2100 UTC;,2;934;934;933,9;14,2;21,1;19,7;21,4;21;19,9;19,3;92;90;92;330;1;0;
2021/03/18;2200 UTC;0;934,8;934,8;934;;21,4;20,2;21,5;21,1;20,3;19,7;93;92;93;259;1,8;,3;
2021/03/18;2300 UTC;,2;935,5;935,5;934,7;;21,3;20,1;21,4;21,2;20,2;19,9;93;92;92;166;1,9;0;
2021/03/19;0000 UTC;0;935,9;935,9;935,4;;21,3;20;21,4;21,3;20,2;20;93;92;93;11;1,3;,3;
2021/03/19;0100 UTC;0;936;936,1;935,9;;21,6;20,4;21,6;21,2;20,4;20;93;92;93;200;1,3;0;
2021/03/19;0200 UTC;0;935,9;936,1;935,9;;21,3;20,1;21,6;21,3;20,4;20,1;93;92;93;95;1,4;0;
2021/03/19;0300 UTC;0;936;936,1;935,9;;21,3;20,2;21,3;21,2;20,2;20;94;93;94;100;1,8;,6;
2021/03/19;0400 UTC;0;935,5;936;935,5;;21;19,9;21,3;21;20,2;19,9;94;93;93;161;1,5;0;
2021/03/19;0500 UTC;0;934,8;935,5;934,8;;21,1;19,8;21,2;21;19,9;19,7;93;92;92;335;0;0;
2021/03/19;0600 UTC;0;934,9;934,9;934,6;;21,3;19,9;21,3;21;19,9;19,7;92;92;92;111;2,1;,9;
2021/03/19;0700 UTC;0;935;935;934,9;;21,1;19,9;21,3;21;20;19,8;93;92;93;92;3,4;,8;
2021/03/19;0800 UTC;0;935,3;935,3;934,9;;21;19,8;21,1;21;19,9;19,8;93;93;93;106;1,9;,5;
2021/03/19;0900 UTC;,2;935,9;935,9;935,3;;20,9;19,6;21,1;20,8;19,8;19,5;93;92;92;91;1,8;,5;
2021/03/19;1000 UTC;0;936,8;936,8;935,9;198,6;21,7;19,6;21,7;20,9;19,8;19,5;92;88;88;99;3,8;1,7;
2021/03/19;1100 UTC;0;937,3;937,3;936,8;563,3;23,1;19,9;23,2;21,6;20,4;19,5;89;82;82;93;3,4;2,1;
2021/03/19;1200 UTC;0;938,1;938,2;937,3;1130,6;23,2;19,5;23,4;22,6;20,2;19,4;85;80;80;87;5,7;2;
2021/03/19;1300 UTC;0;938,3;938,4;938,1;1380,4;23,3;19,7;24,4;23,1;20,6;19,5;82;77;80;352;6,3;2,5;
2021/03/19;1400 UTC;0;938,5;938,5;938,3;1711,9;24;19,8;24,7;23,1;20,5;19,4;82;76;77;341;7,6;3,6;
2021/03/19;1500 UTC;0;938,2;938,6;938,2;1316,3;23,8;18,8;24,8;23,8;20,6;18,6;79;71;73;341;7,1;3;
2021/03/19;1600 UTC;0;936,8;938,2;936,8;1366,4;24,5;19,8;25,2;23,6;20,5;18,8;81;72;75;330;7,1;2,3;
2021/03/19;1700 UTC;0;935,7;936,8;935,7;1581,8;25,1;19,1;25,5;23,8;20,2;18,4;76;69;69;343;6,6;1,8;
2021/03/19;1800 UTC;0;935,2;935,7;935,2;1009,6;24;18,8;25,2;24;19,4;18,2;75;67;73;341;6,1;2,9;
2021/03/19;1900 UTC;0;935,4;935,4;935;962,5;24,1;19,3;24,9;24;19,9;19;76;71;74;352;6,2;2;
2021/03/19;2000 UTC;0;935,8;935,8;935,4;344,5;23,8;19,9;24,1;23,7;20;19,1;79;74;79;62;5,1;,4;
2021/03/19;2100 UTC;0;935,9;935,9;935,7;68,7;22,7;19,8;23,8;22,7;20,1;19,6;85;78;84;122;1,8;0;
2021/03/19;2200 UTC;0;936,2;936,3;935,9;;22,2;19,9;22,7;22,2;19,9;19,6;87;83;87;94;1,3;0;
2021/03/19;2300 UTC;0;936,3;936,3;936,1;;21,7;19,9;22,2;21,5;20;19,7;90;87;90;249;,8;0;
2021/03/20;0000 UTC;0;937,1;937,1;936,3;;21,4;19,7;21,8;21,4;20;19,5;90;89;90;293;1,6;,1;
2021/03/20;0100 UTC;0;937,6;937,6;937,1;;21,6;19,7;21,7;21,4;19,8;19,6;90;89;89;156;1,1;0;
2021/03/20;0200 UTC;0;937,6;937,7;937,5;;21;19,6;21,6;21;19,8;19,6;91;89;91;269;,8;0;
2021/03/20;0300 UTC;0;937,2;937,6;937,2;;20,6;19,3;21,1;20,6;19,7;19,3;92;91;92;279;1,1;0;
2021/03/20;0400 UTC;0;937,1;937,2;937;;20,3;19;20,7;20,2;19,4;18,9;92;92;92;271;1,4;0;
2021/03/20;0500 UTC;0;937,3;937,4;937,1;;20,3;19;20,3;20;19;18,8;93;92;92;245;0;0;
2021/03/20;0600 UTC;0;937;937,3;936,9;;20;18,7;20,3;20;19;18,7;92;92;92;312;1,5;0;
2021/03/20;0700 UTC;0;937,3;937,3;936,9;;20;18,8;20,1;19,9;18,9;18,7;93;92;93;257;1;0;
2021/03/20;0800 UTC;0;938;938;937,3;;19,4;18,3;20;19,4;18,8;18,3;93;93;93;285;1,2;0;
2021/03/20;0900 UTC;0;938,7;938,7;938;1,3;19,6;18,5;19,7;19,4;18,6;18,3;93;93;93;244;1,3;0;
2021/03/20;1000 UTC;0;939,4;939,4;938,7;324,2;22,5;19,7;22,5;19,5;19,7;18,3;93;84;84;247;1,1;0;
2021/03/20;1100 UTC;0;940,5;940,5;939,4;1066,3;23,6;20;23,8;22,3;20,4;19,2;86;80;80;73;2,7;1,3;
2021/03/20;1200 UTC;0;941,1;941,1;940,5;1249,9;23,6;20,5;24,5;23,2;20,6;19,7;83;77;83;71;3,9;1,2;
2021/03/20;1300 UTC;3,8;941,3;941,5;941,1;437,2;20,2;18,4;23,6;20,2;20,7;18,4;91;82;89;348;7,2;1,4;
2021/03/20;1400 UTC;,2;941,2;941,4;941,1;702,6;21,3;19,3;21,3;20,2;19,5;18,4;91;88;88;120;4,4;,7;
2021/03/20;1500 UTC;0;940,5;941,2;940,5;1635,6;24,1;19,4;24,2;21,2;19,7;18,4;89;73;75;101;2,7;1;
2021/03/20;1600 UTC;0;939,1;940,5;939,1;3040,8;26,5;19,7;26,5;23,9;20,3;18,4;77;63;66;104;4;1,4;
2021/03/20;1700 UTC;0;938,2;939,1;938,2;3209,7;27,9;19,1;28,2;26,5;20,7;19;69;58;59;140;5,2;1,1;
2021/03/20;1800 UTC;0;937,4;938,2;937,4;2339,7;28,8;19,5;29,6;27,3;21;18,5;65;56;57;22;4,5;1,1;
2021/03/20;1900 UTC;0;937,1;937,4;937,1;1895;28,8;19,5;29,8;28,3;21;18,8;61;54;57;58;3,4;,6;
2021/03/20;2000 UTC;0;936,9;937,2;936,7;1122,8;26,8;20,5;29,5;26,3;20,8;18,7;70;54;69;92;7,4;1,6;
2021/03/20;2100 UTC;0;937,7;937,9;936,9;181,5;25,3;20,2;26,8;25,3;20,7;19,9;73;67;73;91;4,3;1,4;
2021/03/20;2200 UTC;0;937,9;938;937,7;;23,5;19,1;25,3;23,5;20,4;18,7;76;72;76;71;4,3;,3;
2021/03/20;2300 UTC;0;938,5;938,6;937,9;;22,6;19,4;23,5;22,5;19,6;19;83;76;82;93;2,2;,4;
2021/03/21;0000 UTC;0;938,8;938,9;938,5;;22,2;18,3;22,6;21,9;19,5;18,3;84;78;78;103;4,6;1,1;
2021/03/21;0100 UTC;0;939,6;939,6;938,7;;21,5;18,8;22,3;21,5;18,9;18,2;85;78;85;190;3,1;0;
2021/03/21;0200 UTC;0;939,3;939,6;939,3;;21,3;18,6;21,5;21,1;19;18,5;86;84;84;283;1,1;0;
2021/03/21;0300 UTC;0;938,7;939,3;938,7;;21,4;18,5;21,4;21,1;18,8;18,5;86;84;84;275;1,8;,2;
2021/03/21;0400 UTC;0;938,6;938,8;938,5;;21,5;18,7;21,7;21,2;18,9;18,5;87;83;84;248;1,7;,3;
2021/03/21;0500 UTC;0;938,5;938,7;938,4;;20,9;18,4;21,5;20,9;18,8;18,4;86;84;86;257;1,7;0;
2021/03/21;0600 UTC;0;938,2;938,5;938,1;;20,5;18,2;21;20,5;18,7;18,2;89;86;87;250;2;,6;
2021/03/21;0700 UTC;0;938,2;938,3;938,1;;20,2;18,2;20,6;20,2;18,3;18;88;86;88;281;1,7;,4;
2021/03/21;0800 UTC;0;938,6;938,6;938,2;;20,4;18,3;20,5;20,2;18,4;17,9;88;86;88;231;2,1;0;
2021/03/21;0900 UTC;0;939,2;939,2;938,6;,9;20,1;18,2;20,4;20;18,3;18,1;89;87;89;254;1;0;
2021/03/21;1000 UTC;0;939,7;939,7;939,2;337,7;22,6;18,5;22,6;20,1;18,9;18,1;89;77;78;276;1,3;,1;
2021/03/21;1100 UTC;0;940,4;940,4;939,7;1156,4;24,6;18,9;24,7;22,6;19,2;18,1;78;67;70;141;3,4;1,1;
2021/03/21;1200 UTC;0;940,7;940,8;940,4;2024,8;26,6;19,1;26,7;24,6;19,8;18,5;71;63;63;77;3,7;1,5;
2021/03/21;1300 UTC;0;940,7;940,8;940,6;2781,6;28;18,9;28;26,1;19,9;18,5;67;58;58;87;7,2;2,9;
2021/03/21;1400 UTC;0;940,6;940,7;940,6;3304,5;28,3;18,4;28,8;27,3;19,5;17,7;61;53;55;28;7,9;2;
2021/03/21;1500 UTC;0;940,2;940,7;940,2;3449,9;29,4;19,3;29,6;27,9;20,2;18,2;59;52;55;81;6,7;1,7;
2021/03/21;1600 UTC;0;939,3;940,2;939,3;3106,2;29,2;17,1;30,4;28,9;20,1;16,5;56;45;48;73;5,5;2,2;
2021/03/21;1700 UTC;0;938,1;939,3;938,1;3482,5;30,7;16,2;31,2;29,2;18,5;15,5;50;39;42;64;5,5;2,1;
2021/03/21;1800 UTC;0;937,2;938,1;937,2;2744,7;30,8;16,3;31,2;30,2;16,9;14,7;45;38;42;70;5,1;1,6;
2021/03/21;1900 UTC;0;936,6;937,2;936,5;1942,8;30,4;17;31,2;29,6;17;15,2;46;39;45;132;5,4;1;
2021/03/21;2000 UTC;0;936,5;936,7;936,5;984,6;29,4;16,9;31;28,6;17,3;15,8;49;42;47;122;6;1,7;
2021/03/21;2100 UTC;0;937,2;937,3;936,5;178,3;25,7;18,5;29,7;25,7;18,5;16,7;64;46;64;92;11,1;,1;
2021/03/21;2200 UTC;0;938;938;937,3;;24,8;17,6;25,7;24,5;18,6;17,6;69;64;64;102;2,3;,3;
2021/03/21;2300 UTC;0;938,7;938,7;938;;24,1;17,8;24,9;23,8;17,9;17,4;69;63;68;101;1,7;0;
2021/03/22;0000 UTC;0;939,4;939,4;938,7;;23,8;17,3;24,4;23,6;17,9;17,1;69;65;67;336;4,6;1,7;
2021/03/22;0100 UTC;0;939,3;939,4;939,2;;22,2;17,8;23,8;22,2;18;17,2;76;67;76;213;4,6;0;
2021/03/22;0200 UTC;0;939,3;939,4;939,2;;21,1;18,1;22,2;21,1;18,2;17,7;83;75;83;306;0;0;
2021/03/22;0300 UTC;0;939;939,3;939;;20,7;18;21,2;20,7;18,3;17,9;84;82;84;280;1,2;0;
2021/03/22;0400 UTC;0;938,8;939;938,7;;20,6;18,1;20,8;20,5;18,2;17,9;86;84;86;276;1,7;,2;
2021/03/22;0500 UTC;0;938,5;938,8;938,5;;20,6;18;20,6;20,3;18,1;17,8;87;85;85;264;1,3;,3;
2021/03/22;0600 UTC;0;938,1;938,5;938,1;;20,4;17,7;20,8;20,4;18;17,7;85;83;84;332;1,2;0;
2021/03/22;0700 UTC;0;937,8;938,1;937,7;;20,5;17,5;21,6;20,1;18;17,3;86;77;83;184;1,5;0;
2021/03/22;0800 UTC;0;937,7;937,9;937,7;;19,8;17,8;20,5;19,8;17,8;17,5;88;83;88;63;0;0;
2021/03/22;0900 UTC;0;938,4;938,4;937,7;;20,3;17,5;20,3;19,7;17,9;17,5;89;84;84;103;0;0;
2021/03/22;1000 UTC;0;938,8;938,8;938,4;346,7;22,9;18,2;22,9;20,3;18,2;17,5;84;74;75;99;2,6;1,4;
2021/03/22;1100 UTC;0;939,4;939,4;938,8;1210,9;24,6;18,1;24,7;22,9;18,2;17,6;74;65;67;90;4,7;2,5;
2021/03/22;1200 UTC;0;939,8;939,8;939,4;2065;25,8;18,2;26,3;24,7;19,1;17,8;67;62;63;84;6,4;2,5;
2021/03/22;1300 UTC;0;939,8;939,8;939,7;2794,9;27,5;18,4;28;25,8;19,1;17,8;64;56;58;84;8,1;3;
2021/03/22;1400 UTC;0;939,4;939,8;939,4;3295,9;28,5;18,7;28,9;27,2;19,3;17,9;59;54;55;95;6,6;2,5;
2021/03/22;1500 UTC;0;938,8;939,4;938,8;3217,4;29,5;18,3;30,1;28,2;18,9;17,5;56;49;51;85;5,4;2,5;
2021/03/22;1600 UTC;0;938,3;938,8;938,3;2546,9;29,6;17,7;30,2;28,5;19,1;17,3;54;48;49;351;5,8;2,9;
2021/03/22;1700 UTC;0;937,2;938,3;937,2;3212,8;30,7;16,8;31;29,5;18,7;16,3;52;42;43;44;5,7;1,8;
2021/03/22;1800 UTC;0;936,3;937,2;936,3;2546,4;29,5;17,9;31,6;29,2;18,8;16,3;50;43;50;288;5,8;1,1;
2021/03/22;1900 UTC;0;935,3;936,3;935,3;1521,7;30,7;18,7;30,7;29,3;18,9;16,8;51;45;49;62;4,5;,4;
2021/03/22;2000 UTC;0;935,4;935,4;935,1;1130,4;29,8;17,7;30,7;29,8;18,9;16,9;50;45;48;79;4,1;1,2;
2021/03/22;2100 UTC;0;935,8;935,8;935,2;119,4;27,9;18,9;29,8;27,9;19;17,3;58;48;58;116;4,9;1,3;
2021/03/22;2200 UTC;0;936,5;936,5;935,8;;26,6;19,4;27,9;26,5;19,5;18,8;65;58;65;92;3,4;1,3;
2021/03/22;2300 UTC;0;937,2;937,2;936,5;;25,5;19,2;26,6;25,5;19,8;18,9;69;64;68;94;2,2;0;
2021/03/23;0000 UTC;0;938,1;938,1;937,1;;24,8;19,2;25,7;24,8;19,4;18,6;72;66;71;266;,4;0;
2021/03/23;0100 UTC;0;938,8;938,8;938,1;;23,4;18,9;24,8;23,4;19,6;18,9;77;71;76;291;1,6;,1;
2021/03/23;0200 UTC;0;938,8;938,9;938,7;;22,7;18,4;23,4;22,7;19;18,2;77;75;77;272;1,6;,2;
2021/03/23;0300 UTC;0;938,6;938,9;938,5;;22,6;17,8;22,7;22,5;18,3;17,6;77;74;75;288;2,4;0;
2021/03/23;0400 UTC;0;938,3;938,6;938,3;;22;17,9;22,6;22;18,2;17,7;78;75;77;266;1,7;,3;
2021/03/23;0500 UTC;0;938,2;938,3;938,2;;21,8;17,4;22,1;21,7;18;17,3;78;76;76;254;1,7;,4;
2021/03/23;0600 UTC;0;937,8;938,2;937,8;;21,5;17,5;21,8;21,3;17,6;17,2;79;76;78;256;1,7;,4;
2021/03/23;0700 UTC;0;937,8;938;937,8;;21,1;17,4;21,5;20,9;17,6;17,3;81;78;80;273;1,8;,7;
2021/03/23;0800 UTC;0;938,3;938,3;937,8;;21;17,2;21,4;20,9;17,5;16,9;81;76;79;274;2,2;0;
2021/03/23;0900 UTC;0;938,6;938,6;938,3;;20,5;17,2;21;20,4;17,5;17,1;83;79;81;242;1,8;,7;
2021/03/23;1000 UTC;0;939,3;939,3;938,6;115,2;21;17,3;21;20,4;17,5;17,1;83;80;80;252;1,8;,2;
2021/03/23;1100 UTC;0;939,8;939,8;939,3;892,8;24,8;17,8;24,9;21;18,5;17,3;81;63;65;183;1,6;,3;
2021/03/23;1200 UTC;0;940;940,2;939,8;1140,2;24,7;18,2;25,5;24,3;18,9;16,9;71;62;67;73;2,8;,9;
2021/03/23;1300 UTC;0;940;940,3;940;1901,8;27;16,8;27;24,7;19,2;16,6;70;53;53;82;4,8;2,1;
2021/03/23;1400 UTC;0;939,5;940;939,5;2628;27,9;16,8;28,7;27;18,2;16,2;56;48;51;92;5,6;2,5;
2021/03/23;1500 UTC;0;938,7;939,5;938,7;2914,6;29,9;14,2;30,5;27,6;17,9;14,2;55;38;38;87;7,3;4,2;
2021/03/23;1600 UTC;0;938,2;938,7;938,2;2098,7;28,8;15,8;30,3;28,3;16,9;14,1;47;38;45;82;7,3;2,9;
2021/03/23;1700 UTC;0;937,5;938,2;937,5;2554,8;29,2;16,7;30,2;28,5;17,2;14,9;48;40;47;60;7,3;1,9;
2021/03/23;1800 UTC;0;937,1;937,6;937,1;1220,7;28,8;16,8;29,2;28,4;16,9;15;49;43;48;47;3,9;,9;
2021/03/23;1900 UTC;0;936,8;937,1;936,8;927,8;28;16,9;29,2;28;17,9;15,4;52;43;51;103;2,8;,9;
2021/03/23;2000 UTC;0;936,5;936,8;936,5;487,8;26,8;17,5;28,7;26,7;17,5;15,7;57;45;57;112;2,9;,7;
2021/03/23;2100 UTC;0;936,2;936,5;936,2;121,4;25;18,4;26,8;25;18,5;16,8;67;55;67;128;1,9;0;
2021/03/23;2200 UTC;0;936,4;936,4;936,2;;24,2;19;25;24;19;18,3;73;67;73;231;0;0;
2021/03/23;2300 UTC;0;937,1;937,1;936,4;;22,9;19;24,2;22,9;19,4;18,6;79;71;79;291;,7;0;
2021/03/24;0000 UTC;0;937,7;937,7;937,1;;22;18,4;22,9;22;18,9;18,4;81;78;80;267;1,4;,1;
2021/03/24;0100 UTC;0;938,2;938,2;937,7;;21,8;18,1;22;21,7;18,4;17,7;80;77;80;274;1,7;0;
2021/03/24;0200 UTC;0;938,3;938,4;938,2;;21,6;17,5;21,8;21,3;18,1;17,4;80;77;78;257;1,5;,7;
2021/03/24;0300 UTC;0;938;938,3;938;;21,1;17,5;21,6;21,1;17,7;17,2;81;77;80;262;1,5;0;
2021/03/24;0400 UTC;0;937,9;938;937,9;;20,8;17,2;21,1;20,6;17,5;17,1;82;80;80;255;1,4;,7;
2021/03/24;0500 UTC;0;937,8;938;937,8;;20,5;17,2;20,8;20,4;17,3;16,9;82;79;81;259;1,4;,3;
2021/03/24;0600 UTC;0;937,6;937,8;937,5;;20,2;17;20,5;20,2;17,2;16,9;82;80;82;275;1;0;
2021/03/24;0700 UTC;0;937,4;937,6;937,4;;19,7;16,8;20,2;19,7;17,1;16,8;84;82;83;265;1,5;0;
2021/03/24;0800 UTC;0;938,1;938,1;937,4;;20;16,8;20,1;19,6;16,9;16,7;84;81;82;254;2,1;,1;
2021/03/24;0900 UTC;0;938,9;938,9;938,1;;19,4;16,8;20;19,3;16,9;16,6;85;81;85;278;1,4;0;
2021/03/24;1000 UTC;0;939,8;939,8;938,9;280,2;22;17,6;22;19,4;17,6;16,8;85;76;76;286;1,6;,4;
2021/03/24;1100 UTC;0;940,2;940,2;939,7;1234,9;25,4;17,6;25,4;22;18,9;17,3;76;62;62;124;4,1;1,2;
2021/03/24;1200 UTC;0;940,4;940,5;940,2;2059,6;27,2;17,7;27,2;24,9;19,1;17,3;67;56;56;102;4,1;2,1;
2021/03/24;1300 UTC;0;940,3;940,4;940,3;2246,3;28,7;17,9;28,7;27;18,4;16,8;57;51;52;82;5,9;2,7;
2021/03/24;1400 UTC;0;939,7;940,3;939,7;2132,9;29,3;16,4;29,6;28,5;18,6;16,2;55;45;46;82;7,5;3,4;
2021/03/24;1500 UTC;0;939;939,7;939;2243,1;31;15,6;31,2;29,2;16,8;15,2;47;39;40;96;7,5;3,4;
2021/03/24;1600 UTC;0;938,2;939;938,2;2494,4;30,7;15,1;31,3;30,1;17,2;13,8;44;37;39;99;8,4;4;
2021/03/24;1700 UTC;0;937,4;938,2;937,4;2618,8;30,3;14,2;32,4;30,2;16,9;14,1;44;36;38;101;8,2;3,6;
2021/03/24;1800 UTC;0;936,9;937,4;936,9;1262,7;29,7;14,2;30,5;29,7;15;13,1;40;35;39;100;7,4;2,4;
2021/03/24;1900 UTC;0;936,3;936,9;936,3;696,2;29,1;15,4;29,8;28,3;16,3;13,9;48;38;43;103;4,8;1,6;
2021/03/24;2000 UTC;0;936;936,3;936;443,3;27,1;17;29,2;27,1;17,5;15,2;56;43;54;225;3,5;0;
2021/03/24;2100 UTC;0;935,7;936;935,7;85,1;25,4;17,6;27,1;25,4;17,9;17,1;62;54;62;200;0;0;
2021/03/24;2200 UTC;0;935,8;935,8;935,6;;23,9;18,8;25,4;23,9;19,2;17,4;73;62;73;276;1,6;,3;
2021/03/24;2300 UTC;0;936,4;936,4;935,8;;23,2;18,9;24;23,2;19;18,4;77;73;77;257;1,7;,2;
2021/03/25;0000 UTC;0;937,3;937,3;936,4;;22,5;17,9;23,2;22,5;18,9;17,8;77;74;75;269;1,7;,7;
2021/03/25;0100 UTC;0;938,3;938,3;937,3;;22;17,3;22,5;22;18;17,3;76;74;75;269;1,8;,3;
2021/03/25;0200 UTC;0;938,4;938,5;938,2;;21,4;17;22;21,4;17,4;16,9;76;74;76;271;1,9;,5;
2021/03/25;0300 UTC;0;938,1;938,5;938,1;;21,2;16,4;21,6;21,1;16,9;16,3;77;74;74;264;1,9;,9;
2021/03/25;0400 UTC;0;937,9;938,2;937,9;;20,5;16,3;21,3;20,5;16,3;16,1;77;73;77;268;1,9;,8;
2021/03/25;0500 UTC;0;937,4;937,9;937,4;;20,2;16,1;20,7;20;16,3;16;78;75;77;267;2;,7;
2021/03/25;0600 UTC;0;937,4;937,5;937,3;;20;16;20,5;20;16,1;15,8;78;75;78;269;1,8;0;
2021/03/25;0700 UTC;0;937,2;937,4;937,1;;19,9;16,2;20,1;19,8;16,2;16;80;78;79;263;1,4;0;
2021/03/25;0800 UTC;0;937,6;937,6;937,2;;19,5;16,1;20,1;19,5;16,4;16;81;78;81;284;,5;0;
2021/03/25;0900 UTC;0;938,4;938,4;937,6;;19,4;16,3;19,6;19,4;16,3;16,2;83;81;82;246;0;0;
2021/03/25;1000 UTC;0;939,3;939,3;938,4;258,8;21,3;16,9;21,3;19,4;17;16,2;82;76;76;247;0;0;
2021/03/25;1100 UTC;0;939,6;939,6;939,2;1475,5;26,7;16,2;26,7;21,3;17,9;15,2;76;53;53;81;3,2;1,6;
2021/03/25;1200 UTC;0;939,8;939,8;939,6;2222,6;27,7;16,9;28;26,3;17,4;15,5;54;50;52;78;3,9;1,6;
2021/03/25;1300 UTC;0;940,1;940,1;939,8;1317,6;26,3;17,2;27,9;26,2;17,3;16;58;50;57;63;3,7;1,4;
2021/03/25;1400 UTC;0;939,6;940,1;939,6;1508,1;27,8;18,4;27,8;26,4;18,5;16,9;60;54;57;49;4,6;1,1;
2021/03/25;1500 UTC;0;939;939,6;939;2191,4;29,5;17;29,9;27,8;18,8;16,6;57;46;47;44;3,9;1,5;
2021/03/25;1600 UTC;0;937,9;939;937,9;2944,8;30,9;15,8;31;29,5;17,8;15,6;48;40;40;67;5,7;2,4;
2021/03/25;1700 UTC;0;937,1;938;937,1;3206,3;31,7;14,9;32,3;30,7;16,7;14,3;42;34;36;67;5,8;2,6;
2021/03/25;1800 UTC;0;936,8;937,1;936,7;1315,3;30,7;15,4;31,9;30,2;15,7;13,7;40;34;40;75;6,6;1,3;
2021/03/25;1900 UTC;0;936,7;936,8;936,7;890,3;29,3;16,4;30,7;29,3;16,7;15;46;39;46;60;3,3;,9;
2021/03/25;2000 UTC;0;936,6;936,7;936,5;861,2;29,2;15,2;30,4;29,1;17,1;15,2;47;41;43;77;2,7;,1;
2021/03/25;2100 UTC;0;936,6;936,6;936,5;114,6;26,5;17,2;29,2;26,4;17,4;14,8;57;41;57;271;2;0;
2021/03/25;2200 UTC;0;937,1;937,1;936,6;;25,5;18,5;26,7;25,4;18,8;17,3;66;57;66;274;1,8;,6;
2021/03/25;2300 UTC;0;938;938;937,1;;23,9;18,9;25,6;23,9;19,1;18,3;74;64;74;314;1,6;,3;
2021/03/26;0000 UTC;0;938,5;938,5;938;;23,6;18,5;23,9;23,3;19,1;18,1;76;72;73;271;2,7;1,5;
2021/03/26;0100 UTC;0;938,8;938,8;938,5;;23;18,1;23,9;23;18,4;17,6;74;68;74;276;2,7;,8;
2021/03/26;0200 UTC;0;938,8;938,9;938,8;;22,4;17,6;23,1;22,3;18,1;17,5;75;73;74;268;2,7;,8;
2021/03/26;0300 UTC;0;938,6;938,8;938,6;;21,9;17,4;22,5;21,9;17,7;17,3;76;74;76;280;1,7;0;
2021/03/26;0400 UTC;0;938;938,6;938;;21,9;17,3;22;21,5;17,5;17,3;78;75;75;265;2;1;
2021/03/26;0500 UTC;0;937,6;938;937,6;;21,2;17,4;21,9;21,1;17,4;17,1;79;75;79;228;2;0;
2021/03/26;0600 UTC;0;937,5;937,7;937,5;;20,5;17,3;21,2;20,3;17,5;17,1;83;78;82;260;1,2;,2;
2021/03/26;0700 UTC;0;937,5;937,5;937,3;;20,2;17;20,8;20,2;17,3;16,8;82;78;82;261;1,6;,4;
2021/03/26;0800 UTC;0;937,7;937,7;937,4;;20,5;16,8;20,5;20,2;17,1;16,8;82;79;79;260;1,7;,6;
2021/03/26;0900 UTC;0;937,9;937,9;937,7;,1;20,2;16,6;20,5;20,1;17;16,6;82;79;80;259;1,7;,3;
2021/03/26;1000 UTC;0;938,6;938,6;937,9;348,2;22,4;16,2;22,4;20,2;16,7;16;80;67;68;207;1,2;0;
2021/03/26;1100 UTC;0;939,2;939,3;938,6;736,8;24,5;16,4;24,5;22,4;16,8;15,5;69;59;61;98;2,8;1,1;
2021/03/26;1200 UTC;0;939,4;939,4;939,2;2003,3;28,2;13,7;28,2;24,5;17;12,9;61;40;41;32;4,5;1,6;
2021/03/26;1300 UTC;0;939,4;939,6;939,4;2169,7;28,1;14,3;28,6;27,1;15,4;12,8;46;39;43;24;5,5;1,9;
2021/03/26;1400 UTC;0;939,1;939,4;939,1;2817,2;29;14,9;29,7;28;15,8;14;45;40;42;7;5,2;1,2;
2021/03/26;1500 UTC;0;938,1;939,1;938,1;2320,4;30,8;14;30,9;28,7;14,5;11,5;42;32;36;22;5,5;1,9;
2021/03/26;1600 UTC;0;937,4;938,1;937,4;2613,1;30,5;12,5;31,5;30,2;14;10,8;36;30;33;356;6,1;2,1;
2021/03/26;1700 UTC;0;936,7;937,4;936,7;2240;30,4;12,6;30,7;29,6;15,5;11,6;41;32;34;342;6,6;2,4;
2021/03/26;1800 UTC;0;936,2;936,7;936,2;2263,1;30;12,6;31,6;29,7;13,5;11,4;36;31;34;348;6,1;1,9;
2021/03/26;1900 UTC;0;936,3;936,3;936,2;1372,3;29,4;13;30,6;29,4;13,9;11,6;39;32;37;335;3,9;1;
2021/03/26;2000 UTC;0;936,4;936,4;936,2;569,2;27,6;15,1;29,4;27,6;15,6;12,7;47;36;47;313;3,4;,6;
2021/03/26;2100 UTC;0;936,6;936,6;936,4;112,6;25,6;15,2;27,6;25,6;16,2;15;56;47;53;285;2,6;,5;
2021/03/26;2200 UTC;0;937;937;936,6;;23,6;15,5;25,6;23,6;15,9;15,2;62;53;61;270;2;,9;
2021/03/26;2300 UTC;0;937,4;937,4;937;;22,6;14;23,5;22,5;15,4;13,9;61;58;58;266;2,2;1,1;
2021/03/27;0000 UTC;0;938,1;938,1;937,4;;21,7;13,6;22,6;21,7;14,1;13,3;60;58;60;271;2,4;1;
2021/03/27;0100 UTC;0;938,2;938,3;938,1;;21,8;13,2;21,8;21,4;13,7;13,2;61;58;58;263;2,9;1,1;
2021/03/27;0200 UTC;0;937,9;938,2;937,9;;20,9;13,3;21,8;20,4;13,6;13;65;58;62;265;2,3;1,2;
2021/03/27;0300 UTC;0;937,5;937,9;937,5;;20,5;12,9;21;20,4;13,3;12,9;64;61;62;271;2,6;1,4;
2021/03/27;0400 UTC;0;937,2;937,5;937,2;;20,4;12,9;21;20,4;13,1;12,4;62;59;62;264;2,4;,9;
2021/03/27;0500 UTC;0;936,7;937,2;936,7;;20,6;12,5;20,6;19,7;13,1;12,5;66;60;60;267;2,4;1,1;
2021/03/27;0600 UTC;0;936,7;936,8;936,6;;18,9;13,1;20,6;18;13,7;12,4;74;60;69;267;1,9;0;
2021/03/27;0700 UTC;0;936,7;936,8;936,6;;18,3;13,8;19,3;18,3;13,8;13;75;68;75;269;1,9;,8;
2021/03/27;0800 UTC;0;937,2;937,2;936,7;;18,3;13,6;18,7;18,2;13,8;13,4;75;72;74;224;1,8;,1;
2021/03/27;0900 UTC;0;937,6;937,6;937,2;;17,6;14;18,4;17,4;14;13,5;80;74;80;276;1,3;,3;
2021/03/27;1000 UTC;0;938,4;938,4;937,6;311,9;20,8;14,8;20,8;17,6;14,8;14,1;80;68;68;284;2;,8;
2021/03/27;1100 UTC;0;939;939;938,4;1207;26,5;14,2;26,5;20,8;15,1;13,3;69;46;47;352;1,9;0;
2021/03/27;1200 UTC;0;939,2;939,3;939;2052,3;27,9;13,6;28,5;26,3;15,8;12,2;48;37;41;80;2,4;1,1;
2021/03/27;1300 UTC;0;939,1;939,3;939,1;2781,1;29,8;14,5;29,8;28;16;11,8;46;34;39;75;4;1,7;
2021/03/27;1400 UTC;0;938,8;939,1;938,8;3282,4;30,6;12,8;30,7;29,5;14,9;12,6;40;34;34;103;5,2;2,5;
2021/03/27;1500 UTC;0;938;938,8;938;3509,9;30,7;12,2;31,1;29,9;14,5;12;38;32;32;20;5,2;2,2;
2021/03/27;1600 UTC;0;937,1;938;937,1;3495,8;31;11,2;32,2;30,3;12,9;9,8;33;27;30;65;6;1,9;
2021/03/27;1700 UTC;0;936,3;937,1;936,3;3190,2;32;12,8;32,5;31;13,1;10,7;33;28;31;37;4,9;1,4;
2021/03/27;1800 UTC;0;935,6;936,4;935,6;2658,4;31,6;11,5;32,2;31;12,7;11;32;28;29;298;4,7;1,2;
2021/03/27;1900 UTC;0;935,4;935,6;935,4;1874;31,2;10,8;31,9;31,1;12,8;10,6;32;28;29;75;5,3;1;
2021/03/27;2000 UTC;0;935,2;935,4;935,2;976,2;30,3;11,1;31,9;30,3;12,4;9,8;32;27;31;75;3;,9;
2021/03/27;2100 UTC;0;935,4;935,4;935,2;85,8;26,9;13,6;30,3;26,9;14,4;11;45;31;44;159;1,9;,2;
2021/03/27;2200 UTC;0;935,8;935,8;935,4;;24,5;16;26,9;24,5;16;12,6;59;42;59;266;1,6;,4;
2021/03/27;2300 UTC;0;936,7;936,7;935,8;;22,8;16;24,5;22,8;16,3;15,3;65;58;65;292;1,8;,3;
2021/03/28;0000 UTC;0;937,3;937,3;936,7;;22,1;14,6;22,8;22,1;16,1;14,3;67;60;62;263;2,3;,5;
2021/03/28;0100 UTC;0;937,4;937,5;937,3;;22;14,2;22,5;21,7;15;14,1;66;60;61;263;2,7;1,3;
2021/03/28;0200 UTC;0;937,4;937,5;937,3;;21,8;13,8;22,1;21,7;14,2;13,7;62;59;60;265;2,5;,9;
2021/03/28;0300 UTC;0;937;937,4;936,9;;21,5;13,9;22;21,1;14;13,4;64;59;62;261;3;1,5;
2021/03/28;0400 UTC;0;936,9;937;936,8;;20,8;14,1;21,7;20,8;14,2;13,5;66;60;66;252;3,1;,7;
2021/03/28;0500 UTC;0;936,6;936,9;936,5;;20,3;13,7;21,1;20,3;14,2;13,7;67;64;66;218;2,5;,1;
2021/03/28;0600 UTC;0;936,5;936,7;936,4;;19,6;14,4;20,6;19,1;14,5;13,7;74;65;72;275;1,6;,5;
2021/03/28;0700 UTC;0;936,6;936,6;936,4;;19;14,2;19,6;18,6;14,6;14,1;78;72;74;275;3,1;,3;
2021/03/28;0800 UTC;0;936,9;936,9;936,6;;18,6;14,3;19,1;18,6;14,3;14,1;76;73;76;273;1,9;1,1;
2021/03/28;0900 UTC;0;937,2;937,2;936,9;;19,2;13,8;19,2;18;14,4;13,7;78;71;71;260;2,6;1,2;
2021/03/28;1000 UTC;0;938,1;938,1;937,2;302,2;21,6;14,6;21,8;19,2;15,6;13,6;71;63;64;283;4;,2;
2021/03/28;1100 UTC;0;938,8;938,8;938,1;1200,6;25,6;14,6;25,6;21,4;16;14,5;67;51;51;206;2;,1;
2021/03/28;1200 UTC;0;939;939;938,7;2029,5;28,2;13,9;28,4;25,6;15,1;13;52;39;41;123;3,8;1,5;
2021/03/28;1300 UTC;0;938,5;939;938,5;2738,3;29,8;15,1;29,8;27,7;15,7;13,1;46;40;41;131;3,9;1,5;
2021/03/28;1400 UTC;0;938;938,5;938;3234,9;31,6;14,4;31,6;29,8;15,7;12,5;42;32;35;45;5,5;1,4;
2021/03/28;1500 UTC;0;937,3;938;937,3;3473,5;32;12,7;32,4;31,2;13,7;10,3;35;26;31;78;7,2;3;
2021/03/28;1600 UTC;0;936,5;937,3;936,5;3451,4;32,1;11,4;32,7;31,6;12,8;8,9;31;24;28;63;6,9;2,1;
2021/03/28;1700 UTC;0;935,7;936,6;935,7;3167,4;32,5;11,9;32,8;31,6;13,2;10,5;32;27;28;91;6,6;3,8;
2021/03/28;1800 UTC;0;935,1;935,7;935,1;2625,6;32,4;13,1;33,1;31,7;13,3;11,4;32;28;31;58;7,1;1,8;
2021/03/28;1900 UTC;0;934,6;935,1;934,5;1904,8;31,9;12,7;32,6;31,7;13,3;11,4;33;29;31;114;7,2;2,4;
2021/03/28;2000 UTC;0;934,4;934,6;934,4;963,5;30,8;14,3;32,1;30,8;14,3;12,4;37;30;37;80;4,4;,7;
2021/03/28;2100 UTC;0;934,7;934,7;934,4;94,4;27,3;15,2;30,8;27,3;15,7;13;48;34;48;145;2,1;0;
2021/03/28;2200 UTC;0;935,4;935,4;934,7;;25;17,5;27,3;25;17,5;14,7;63;47;63;326;1,6;,6;
2021/03/28;2300 UTC;0;935,7;935,7;935,4;;24,2;16,1;24,9;24,2;17,6;15,8;65;59;61;272;2,6;1,1;
2021/03/29;0000 UTC;0;936,1;936,1;935,7;;23,5;15;24,3;23,5;16,2;15;64;57;59;269;2,4;,8;
2021/03/29;0100 UTC;0;936,4;936,4;936,1;;22,8;15,3;23,6;22,4;15,9;14,9;67;59;63;264;2,6;,9;
2021/03/29;0200 UTC;0;936,4;936,6;936,4;;22,5;15,4;23;22,4;15,6;15;65;61;64;266;2,4;1,3;
2021/03/29;0300 UTC;0;936,3;936,5;936,3;;22,3;15,3;22,6;22,1;15,6;15,2;66;63;65;255;2,4;,8;
2021/03/29;0400 UTC;0;935,8;936,3;935,8;;21,6;15,5;22,4;21,6;15,5;15,3;68;64;68;260;2,2;,9;
2021/03/29;0500 UTC;0;935,6;935,8;935,6;;22,1;15,3;22,2;21,5;15,5;15,3;69;65;65;241;2;,9;
2021/03/29;0600 UTC;0;935,9;935,9;935,6;;20,4;15,9;22,1;20;16,2;15,2;78;65;75;288;1,5;,5;
2021/03/29;0700 UTC;0;936;936,1;935,9;;20,2;15,6;20,6;20,1;15,9;15,3;76;72;75;284;1,7;0;
2021/03/29;0800 UTC;0;936,3;936,3;936;;20;15,6;20,3;19,8;15,8;15,5;77;74;76;271;2,2;1;
2021/03/29;0900 UTC;0;936,7;936,7;936,3;;20,8;15,6;20,9;20;15,6;15,5;76;72;72;263;2,3;,8;
2021/03/29;1000 UTC;0;937,4;937,4;936,7;284,7;23,3;16,4;23,3;20,8;16,9;15,6;73;65;65;276;1,7;,3;
2021/03/29;1100 UTC;0;938,2;938,2;937,4;1158,8;26,1;16,5;27,3;23,3;18,1;16,1;66;53;55;144;1,6;,3;
2021/03/29;1200 UTC;0;938,6;938,6;938,2;1984,1;29,9;16,3;29,9;26;17,4;15,5;56;43;44;52;2,3;1;
2021/03/29;1300 UTC;0;938,6;938,7;938,6;2701,1;30,3;16,2;30,8;29,5;17,1;14,6;46;39;43;64;4,5;1,9;
2021/03/29;1400 UTC;0;938,2;938,6;938,2;3185,6;31,7;15,9;31,8;30,3;17,5;15,4;45;38;39;36;4,3;1,4;
2021/03/29;1500 UTC;0;937,4;938,2;937,4;3522,1;32,7;14,8;33;31,4;16,4;13,7;39;32;34;51;5,6;2;
2021/03/29;1600 UTC;0;936,7;937,4;936,7;3400,6;33,1;13,8;33,6;32,3;15,7;12,3;36;29;31;54;5,6;1,8;
2021/03/29;1700 UTC;0;936;936,7;936;3185,5;33,4;13,5;34,2;32,6;14,7;12,5;33;29;30;66;6,8;1,7;
2021/03/29;1800 UTC;0;935,2;936;935,2;2593,2;32,9;13,1;33,8;32,6;13,9;12,4;31;29;30;66;4,7;1,7;
2021/03/29;1900 UTC;0;934,7;935,2;934,7;1811;32,8;13,1;33,4;32,5;14,3;12,6;32;29;30;77;4,8;1,7;
2021/03/29;2000 UTC;0;934,7;934,8;934,7;917,6;31,6;12,8;32,8;31,6;13,7;12,4;32;30;32;83;3,7;,7;
2021/03/29;2100 UTC;0;934,7;934,9;934,7;92,4;27,9;15,5;31,6;27,9;16;12,8;47;32;47;105;2,3;0;
2021/03/29;2200 UTC;0;935;935;934,7;;25,7;17,7;28,2;25,6;17,9;15,3;62;47;61;272;1,9;,9;
2021/03/29;2300 UTC;0;935,7;935,7;935;;24,6;17;25,7;24,4;17,6;16,6;63;60;63;266;2,2;1;
2021/03/30;0000 UTC;0;936,3;936,3;935,7;;24,4;15,7;24,8;24,4;16,9;15,6;63;57;58;268;2,6;,8;
2021/03/30;0100 UTC;0;936,5;936,5;936,3;;23,9;15,4;24,4;23,8;16;15,2;61;58;59;270;2,5;1,2;
2021/03/30;0200 UTC;0;936,3;936,5;936,3;;23,9;15,1;24;23,7;15,4;15;60;57;58;270;2,7;1,3;
2021/03/30;0300 UTC;0;936,2;936,3;936,2;;24,1;15,9;24,1;23,2;15,9;15,1;63;58;60;255;2,2;,5;
2021/03/30;0400 UTC;0;935,9;936,2;935,8;;23,8;16,2;24,3;23,8;16,3;15,8;63;60;62;265;2,1;,9;
2021/03/30;0500 UTC;0;935,4;935,9;935,4;;22,9;16,7;23,8;22,9;16,7;16,2;68;62;68;266;2,6;1,3;
2021/03/30;0600 UTC;0;935;935,4;935;;22,6;16,8;22,9;22,6;16,8;16,6;70;68;70;268;2,7;1,3;
2021/03/30;0700 UTC;0;935,2;935,2;935;;22,1;16,8;22,6;22,1;16,8;16,7;72;70;72;249;2,3;1,1;
2021/03/30;0800 UTC;0;935,2;935,3;935,1;;21,5;16,9;22,1;21,5;16,9;16,7;75;72;75;264;2,2;1,1;
2021/03/30;0900 UTC;0;935,6;935,6;935,2;;21,7;17,1;21,7;21,3;17,2;16,8;77;75;75;263;2,2;,8;
2021/03/30;1000 UTC;0;936,4;936,4;935,6;274,5;23,7;17,6;23,7;21,7;17,8;17,1;75;69;69;248;1,7;,5;
2021/03/30;1100 UTC;0;937,1;937,1;936,3;1138,1;27,5;19;27,5;23,7;19,7;17,7;69;60;60;76;1,9;,5;
2021/03/30;1200 UTC;0;937,5;937,5;937,1;1950,3;29,2;18,5;29,2;27,4;19;17,5;61;52;52;105;3,2;,6;
2021/03/30;1300 UTC;0;937,5;937,6;937,4;2637,5;29,8;18,3;30,2;28,7;18,9;17,6;54;47;50;129;5,4;1,4;
2021/03/30;1400 UTC;0;936,9;937,5;936,9;3122,2;31,5;18,4;31,5;29,7;18,7;17;50;43;46;113;5,9;1,1;
2021/03/30;1500 UTC;0;936,2;936,9;936,2;3513,6;32,4;17,2;32,6;31;18,8;16,8;47;39;40;74;4,7;2,2;
2021/03/30;1600 UTC;0;935,3;936,2;935,3;3656,7;32,6;15,7;33,3;32,1;17,8;15,4;42;35;36;53;4,5;1,9;
2021/03/30;1700 UTC;0;934,5;935,3;934,5;2903,9;33,6;16,8;33,9;32,4;17,1;14,8;39;33;37;345;4,2;2,2;
2021/03/30;1800 UTC;0;933,9;934,5;933,9;2470,8;31,7;17,1;34,1;31,7;18,2;15,2;42;33;41;184;4,2;,7;
2021/03/30;1900 UTC;0;933,2;933,9;933,1;1072,6;30,6;17,2;32,2;29,8;18,1;16,5;49;40;45;172;4,6;,2;
2021/03/30;2000 UTC;0;933,5;933,6;933,1;276,4;29,7;17,6;30,7;29,4;17,9;16,4;50;43;48;240;2,1;,6;
2021/03/30;2100 UTC;0;933,7;934;933,5;59,5;27,3;17;29,8;27,1;19,4;16,8;57;47;53;243;4,3;1,5;
2021/03/30;2200 UTC;0;934,2;934,2;933,7;;25,4;17;27,3;25,1;17,4;16,9;61;53;60;257;4,5;1;
2021/03/30;2300 UTC;0;934,6;934,6;934,2;;24,2;16,8;25,4;24,1;17,2;16,5;64;60;63;225;1,8;0;
2021/03/31;0000 UTC;0;934,8;934,9;934,6;;23,2;18;24,3;23,1;18,6;16,8;76;63;73;282;2,4;1;
2021/03/31;0100 UTC;0;935,4;935,4;934,7;;22,9;18,4;23,4;22,9;18,4;17,9;76;71;76;275;2,3;,1;
2021/03/31;0200 UTC;0;935,4;935,5;935,3;;22,8;17,6;23,2;22,8;18,4;17,5;76;71;72;271;2,3;,9;
2021/03/31;0300 UTC;0;934,8;935,4;934,8;;22,8;16,8;23;22,4;17,8;16,7;74;69;69;276;2,5;1,1;
2021/03/31;0400 UTC;0;934,9;935;934,8;;23,1;16,6;23,1;22,7;16,8;16,6;69;67;67;251;2,6;1,1;
2021/03/31;0500 UTC;0;934,6;934,9;934,6;;23,1;17,1;23,6;23,1;17,2;16,4;69;64;69;203;2,6;0;
2021/03/31;0600 UTC;0;934,5;934,7;934,5;;21,7;17,4;23,1;21,6;17,5;17;77;69;77;278;1,4;0;
2021/03/31;0700 UTC;0;934,2;934,5;934,1;;21;17,5;21,9;21;17,6;17,3;81;75;81;284;1,8;,3;
2021/03/31;0800 UTC;0;934,7;934,7;934,2;;21,6;17,7;21,7;21;17,8;17,5;81;78;79;317;1,8;0;
2021/03/31;0900 UTC;0;934,9;934,9;934,5;;20,9;17,7;21,6;20,9;17,8;17,5;82;78;82;250;1,5;0;
2021/03/31;1000 UTC;0;935,5;935,5;934,9;283,7;23,9;18,1;23,9;20,9;18,8;17,6;83;70;70;310;0;0;
2021/03/31;1100 UTC;0;936;936;935,5;1124,2;25,6;17,9;26,1;23,5;18,6;17,3;72;60;62;123;3,3;1,2;
2021/03/31;1200 UTC;0;936,4;936,4;936;1949;27,1;18,5;27,4;25,6;18,6;17,7;63;57;59;135;5,4;2,2;
2021/03/31;1300 UTC;0;936,2;936,4;936,2;2644,3;28,1;17,9;28,5;27,1;18,8;17,8;59;52;54;122;5,4;2,2;
2021/03/31;1400 UTC;0;935,8;936,2;935,8;3109,2;29,5;18,3;30,1;28;19,3;17,7;56;48;51;80;5,1;2,3;
2021/03/31;1500 UTC;0;935,1;935,8;935,1;2943,2;29,2;18,1;31;29,1;19,3;17,4;54;46;52;153;5,1;1,2;
2021/03/31;1600 UTC;0;934,1;935,1;934;2335,3;31,3;17,8;31,9;28,7;18,7;17,2;53;44;45;72;5,4;1,6;
2021/03/31;1700 UTC;0;933,2;934,1;933,2;1132,2;32,2;18,2;32,3;29,4;19,3;17,3;52;43;43;357;4;,9;
2021/03/31;1800 UTC;0;932,1;933,2;932,1;2408;32,2;17,4;32,9;30,8;18;16,4;46;39;41;21;5,2;,8;
2021/03/31;1900 UTC;0;931,4;932,1;931,4;1097,5;30,5;16,5;32,6;30,5;17,7;16;46;38;43;349;3,4;1;
2021/03/31;2000 UTC;0;931,7;931,7;931,2;172,8;28,2;18,7;30,5;28;18,8;16,4;57;42;56;338;2,2;,5;
2021/03/31;2100 UTC;0;931,5;931,8;931,5;19,1;26,3;18,5;28,3;26,2;18,9;17,9;63;55;63;308;4,4;1,2;
2021/03/31;2200 UTC;0;932,5;932,5;931,5;;25,2;18,7;26,6;25,2;18,9;18,3;67;62;67;293;4,4;,7;
2021/03/31;2300 UTC;0;933,3;933,3;932,5;;25,2;18,2;25,3;24,5;19,1;18;71;64;65;100;2,3;0;
2021/04/01;0000 UTC;0;933,8;933,8;933,3;;24,4;19;25,3;24,3;19;18;72;64;72;259;2,1;1,1;
2021/04/01;0100 UTC;0;934,1;934,2;933,8;;23,8;18,6;24,8;23,8;19;18,1;73;67;73;294;2,5;,2;
2021/04/01;0200 UTC;0;934,3;934,3;934,1;;22,9;18,7;23,8;22,9;19;18,6;78;73;77;306;2;,1;
2021/04/01;0300 UTC;0;934,2;934,3;934,1;;22,8;18,6;23,1;22,8;18,7;18,5;77;76;77;273;2,1;,3;
2021/04/01;0400 UTC;0;934,2;934,3;934,2;;22,3;18,7;22,9;22,2;18,8;18,5;80;77;80;304;2,3;,2;
2021/04/01;0500 UTC;0;933,9;934,3;933,9;;22,6;18;23,1;22,3;18,6;18;80;74;75;283;2,5;,8;
2021/04/01;0600 UTC;0;934;934;933,8;;22;18,1;22,6;22;18,2;17,9;79;75;79;279;2,8;,9;
2021/04/01;0700 UTC;0;934;934,1;934;;21,7;18,6;22;21,6;18,6;18,2;82;79;82;282;2,8;,4;
2021/04/01;0800 UTC;0;934,1;934,2;934;;21,4;18,7;21,9;21,3;18,8;18,6;85;82;85;281;2,9;,7;
2021/04/01;0900 UTC;0;934,2;934,2;934;;20,9;18,5;21,4;20,9;18,7;18,5;86;85;86;257;1,9;,7;
2021/04/01;1000 UTC;0;934,7;934,7;934,2;275,9;22,8;19,1;22,8;20,8;19,2;18,4;86;79;80;280;1,9;0;
2021/04/01;1100 UTC;0;935,4;935,4;934,7;985,8;26,6;17,5;27;22,8;19,6;17,5;80;57;58;147;1,5;,1;
2021/04/01;1200 UTC;0;935,9;935,9;935,4;1633,1;27,4;18,4;28;25,7;18,4;17;63;52;58;118;4;1,6;
2021/04/01;1300 UTC;0;935,8;935,9;935,8;2630,5;29,6;16,2;29,9;27,1;18,4;15,7;58;43;44;111;5,2;2,5;
2021/04/01;1400 UTC;0;935,5;935,8;935,5;3091,2;29,9;17,8;30,1;29;18,4;16,3;51;45;48;80;5,5;2,4;
2021/04/01;1500 UTC;0;934,6;935,5;934,6;3327,2;30,9;17,1;31,3;29,4;18,8;17,1;51;44;44;94;5,2;1,9;
2021/04/01;1600 UTC;0;933,8;934,6;933,8;3410,8;32,6;17;32,8;30,5;18,3;16,6;47;38;39;350;5,4;2,3;
2021/04/01;1700 UTC;0;932,9;933,8;932,9;2403,2;31,3;17,1;32,7;30,4;17,5;15,9;46;37;42;81;4,9;,8;
2021/04/01;1800 UTC;0;932,2;932,9;932,2;2036,1;32,3;16,7;32,5;30,8;17,4;16,1;43;38;39;61;3,2;1,1;
2021/04/01;1900 UTC;0;932;932,2;932;1081,7;30,3;17,6;32,5;30,3;17,7;16,2;47;38;47;352;3,5;1,2;
2021/04/01;2000 UTC;0;932,4;932,4;932;154,7;26,3;18,9;30,3;26,3;19;17,2;64;45;64;292;5;1,5;
2021/04/01;2100 UTC;0;932,5;932,7;932,4;52,5;26,3;18,3;26,3;25,3;19,5;18,3;70;61;61;297;4,6;,3;
2021/04/01;2200 UTC;0;933,1;933,1;932,5;;25,8;18,9;26,6;25,8;19;18,1;66;60;66;268;2,3;,5;
2021/04/01;2300 UTC;0;934;934;933,1;;25,5;19;25,8;25,2;19,3;18,8;69;66;67;249;2,2;,6;
2021/04/02;0000 UTC;0;934,6;934,6;934;;25,1;19,5;25,5;24,9;19,6;18,9;72;67;71;273;2;,5;
2021/04/02;0100 UTC;0;935,2;935,3;934,6;;24,6;20;25,1;24,5;20,3;19,3;77;70;75;302;1,7;,2;
2021/04/02;0200 UTC;0;935,6;935,6;935,2;;25;19,9;25;24,3;20,4;19,8;79;73;73;256;1,5;,1;
2021/04/02;0300 UTC;0;935,6;935,6;935,4;;24,4;18,5;25,4;24,4;20,1;18,5;74;67;70;230;2,9;1,2;
2021/04/02;0400 UTC;0;935,5;935,6;935,4;;23,7;18,2;24,4;23,6;18,6;18,2;73;70;71;247;3,6;,5;
2021/04/02;0500 UTC;0;935,1;935,5;935,1;;23,5;18,3;23,7;23,4;18,5;18,2;73;71;73;222;3;,1;
2021/04/02;0600 UTC;0;934,9;935,1;934,9;;23,2;18,6;23,6;23,2;18,6;18;75;71;75;224;1,6;0;
2021/04/02;0700 UTC;0;934,9;935;934,8;;22,8;18,2;23,4;22,8;18,6;18,1;76;72;75;255;,9;0;
2021/04/02;0800 UTC;0;935,8;935,8;934,9;;22,9;18,1;23;22,5;18,5;18,1;77;74;75;225;1,3;0;
2021/04/02;0900 UTC;0;936,3;936,3;935,8;2,3;22,6;18,3;23,1;22,6;18,3;17,9;77;73;77;242;3,2;1,2;
2021/04/02;1000 UTC;0;936,9;936,9;936,3;275,3;24,6;18,4;24,6;22,6;18,8;18,3;77;69;69;359;3;0;
2021/04/02;1100 UTC;0;937,5;937,5;936,9;986,7;25,8;18,1;26,2;24,6;19;18,1;70;62;63;129;2,8;1,3;
2021/04/02;1200 UTC;0;937,9;937,9;937,5;1735,9;27,6;18;27,7;25,7;18,8;17,7;66;55;56;100;3,6;1,6;
2021/04/02;1300 UTC;0;938,2;938,2;937,9;2680,5;28,6;18,3;29,6;27,4;18,7;17,6;57;50;54;72;5,7;2,4;
2021/04/02;1400 UTC;0;937,8;938,3;937,8;3115,3;30,9;19,3;30,9;28,5;19,7;18,3;57;50;50;21;6,1;1,7;
2021/04/02;1500 UTC;0;937,3;937,8;937,3;3352,8;31,5;18,5;31,6;29,6;19,8;18,1;52;46;46;48;4,7;2,2;
2021/04/02;1600 UTC;0;936,3;937,4;936,3;2123,2;30,9;16,8;31,9;30,3;19,5;16,8;49;43;43;21;5,3;1;
2021/04/02;1700 UTC;0;935,1;936,3;935,1;2690,5;32,5;17,4;33;30,7;18,6;16,6;47;38;41;32;4,7;1;
2021/04/02;1800 UTC;0;934,2;935,1;934,1;2508;31,9;16;33,2;31,9;18,3;15,9;42;37;39;65;4,1;1,7;
2021/04/02;1900 UTC;0;934,6;934,6;934,2;1191,3;29,7;17,4;32,6;29,7;17,9;15,7;48;37;48;40;5,9;1,7;
2021/04/02;2000 UTC;3;935,7;935,8;934,6;103,8;21,2;18,4;29,7;21,2;18,8;17,2;85;48;84;226;9,5;3;
2021/04/02;2100 UTC;7,6;935,5;935,6;935,2;69,7;22,4;20,3;22,7;21,2;20,5;18,6;90;84;88;275;9;0;
2021/04/02;2200 UTC;0;936,6;936,6;935,5;;23;20,9;23,1;22,4;21,2;20,3;90;86;88;128;,3;0;
2021/04/02;2300 UTC;0;937,4;937,4;936,6;;22,8;20,1;23;22,4;21,1;19,9;89;84;84;130;3,3;0;
2021/04/03;0000 UTC;0;937,6;937,6;937,1;;23;20,2;23;22,7;20,4;19,8;87;82;84;267;0;0;
2021/04/03;0100 UTC;0;937,7;937,8;937,6;;22,8;20,6;23,2;22,5;20,7;20,1;88;84;87;264;0;0;
2021/04/03;0200 UTC;0;938,5;938,5;937,7;;22,9;19,7;23;22,5;20,6;19,5;88;81;82;80;3,1;,8;
2021/04/03;0300 UTC;0;938,2;938,5;938,2;,6;22,8;19,1;23,2;22,8;19,8;19;83;79;80;94;3,6;,7;
2021/04/03;0400 UTC;0;937,9;938,3;937,9;;22,2;19,7;22,9;22,2;19,8;19;86;79;86;351;3,7;,9;
2021/04/03;0500 UTC;1,8;937,5;937,9;937,5;;21,6;19,8;22,5;21,6;19,9;19,2;90;82;90;305;2,4;0;
2021/04/03;0600 UTC;,6;937,3;937,6;937,3;;21,7;19,4;21,8;21,4;20;19,4;91;86;86;354;4,3;1,9;
2021/04/03;0700 UTC;0;937,6;937,7;937,3;;21,9;19,1;21,9;21,6;19,6;19;88;84;84;32;5,7;,5;
2021/04/03;0800 UTC;0;937,7;937,8;937,6;,5;22;18,8;22,2;21,8;19,1;18,7;84;81;82;250;4,9;,1;
2021/04/03;0900 UTC;0;938;938,1;937,7;;21,6;19;22;21,5;19,3;18,8;87;82;86;266;2,1;0;
2021/04/03;1000 UTC;0;938,4;938,5;938;49,2;21,6;19,7;21,7;21,5;19,8;19;89;86;89;130;1,9;,1;
2021/04/03;1100 UTC;,2;938,5;938,6;938,2;165;21,8;20,3;21,8;21,5;20,3;19,7;91;89;91;156;1,2;0;
2021/04/03;1200 UTC;,2;938,9;938,9;938,5;492,2;22,5;20,2;22,6;21,8;20,7;20;91;86;86;140;1,3;0;
2021/04/03;1300 UTC;0;939,3;939,3;938,9;1404,9;25;20,5;25;22,5;21,5;19,9;87;74;76;344;1,4;,1;
2021/04/03;1400 UTC;0;938,9;939,3;938,9;2710,9;27;20;27;24,7;21;19,5;79;65;65;94;4,3;2;
2021/04/03;1500 UTC;0;938;938,9;938;3417,4;28,2;20,4;28,4;26,8;21,2;19,7;67;62;63;104;6,3;2,3;
2021/04/03;1600 UTC;0;937,3;938;937,3;3151,2;29;20,6;30;27,8;21,5;19,9;66;57;60;164;5;,5;
2021/04/03;1700 UTC;0;936,7;937,3;936,7;2911,8;31,1;20,4;31,1;29,1;21,2;19,3;61;52;53;182;3,6;,6;
2021/04/03;1800 UTC;0;936,1;936,7;936;2275;30,9;18,2;31,1;29,8;20,8;18,2;55;46;47;188;4,7;,7;
2021/04/03;1900 UTC;0;935,7;936;935,6;894,7;28,8;19,9;31,7;28,6;20,1;18;59;44;59;136;3,4;1;
2021/04/03;2000 UTC;0;935,8;935,9;935,7;265,8;27,4;20,1;28,8;27,4;20,1;19,5;65;58;64;141;2,7;,1;
2021/04/03;2100 UTC;0;936;936;935,7;31,4;26,5;20,9;27,5;26,5;20,9;20,1;71;64;71;152;1,3;0;
2021/04/03;2200 UTC;0;936,9;936,9;936;;26,1;21,7;26,5;26,1;21,8;20,6;77;70;77;274;,8;0;
2021/04/03;2300 UTC;0;937,4;937,4;936,9;;25,3;21,4;26,1;25,2;21,9;21,4;81;76;79;280;0;0;
2021/04/04;0000 UTC;0;937,8;937,8;937,4;;24,5;21,5;25,3;24,5;21,6;20,9;83;79;83;261;,6;0;
2021/04/04;0100 UTC;0;938,1;938,1;937,8;;24,1;20,5;24,5;23,8;21,5;20,4;85;79;80;309;1,9;,4;
2021/04/04;0200 UTC;0;938,1;938,2;938;;23,2;20,4;24,1;23,2;20,6;20,3;84;80;84;299;2;,2;
2021/04/04;0300 UTC;0;937,7;938,1;937,6;;23,5;20,7;23,7;23,2;20,7;20,2;85;82;84;159;2,1;,2;
2021/04/04;0400 UTC;0;937,6;937,7;937,6;;23;20,3;23,6;23;20,9;20,3;87;84;85;7;2,6;0;
2021/04/04;0500 UTC;0;937,2;937,6;937,2;;22,6;20,3;23;22,6;20,4;20;87;85;87;25;0;0;
2021/04/04;0600 UTC;0;937,1;937,2;937;;22,2;20,3;22,6;22,1;20,5;20;89;87;89;241;0;0;
2021/04/04;0700 UTC;0;937;937,1;937;;21,7;20,1;22,2;21,7;20,3;20,1;90;89;90;244;0;0;
2021/04/04;0800 UTC;0;937;937,1;936,9;;21,5;19;21,8;21,5;20,1;19;90;86;86;220;0;0;
2021/04/04;0900 UTC;0;937,6;937,6;937;;21,5;18,8;21,5;21,4;19,4;18,7;88;85;85;119;1,8;,1;
2021/04/04;1000 UTC;0;938,2;938,2;937,5;245,1;22,8;18,6;22,9;21,5;19,4;18,5;85;77;77;157;1,8;0;
2021/04/04;1100 UTC;0;938,6;938,6;938,2;902,9;24,9;19,4;25;22,8;20,1;18,3;78;72;72;14;1,2;0;
2021/04/04;1200 UTC;0;939,1;939,1;938,6;2043,7;27;19,6;27;24,8;20,1;18,9;72;64;64;137;3,6;,8;
2021/04/04;1300 UTC;0;939;939,2;939;2111,9;28,7;20,1;28,9;26,8;20,2;18,9;67;56;60;81;3,6;1,5;
2021/04/04;1400 UTC;0;938,3;939;938,3;2976,9;29,3;20,6;29,6;28,4;20,6;18,8;60;54;59;132;5,7;1,9;
2021/04/04;1500 UTC;0;937,3;938,3;937,3;2873,9;30,5;19,7;30,7;29,2;20,9;18,8;60;51;53;127;5,7;1,2;
2021/04/04;1600 UTC;0;936,6;937,3;936,6;2349,5;30,4;19,4;31,6;29,9;20,2;17,7;55;45;52;79;4,3;1,2;
2021/04/04;1700 UTC;0;935,6;936,6;935,6;2631,9;30,3;18,8;32,1;30,2;19,4;17,6;52;43;50;88;4,4;2;
2021/04/04;1800 UTC;0;934,6;935,6;934,6;2455,2;31,3;19;31,8;30,1;20,5;18,3;54;46;48;40;4,2;1,5;
2021/04/04;1900 UTC;0;934,3;934,6;934,2;528,9;28,5;18,4;31,5;28,5;19,1;17;55;46;54;112;3,2;0;
2021/04/04;2000 UTC;0;934,7;934,7;934,3;185,1;27,2;19,1;29;27,2;19,5;18,4;62;54;61;154;3,8;0;
2021/04/04;2100 UTC;0;934,9;934,9;934,7;71,4;26,5;19,7;27,7;26,5;20,1;19;67;60;66;58;0;0;
2021/04/04;2200 UTC;0;935,2;935,2;934,8;;25,5;20,7;26,5;25,5;20,9;19,3;75;65;75;240;2,1;,3;
2021/04/04;2300 UTC;0;936,2;936,3;935,2;;24,7;18,3;25,5;24,5;20,9;18,3;79;67;67;131;3,5;,9;
2021/04/05;0000 UTC;0;936,6;936,6;936,2;;24,7;17,9;24,8;24,4;18,1;17,4;67;64;66;138;3,5;1,3;
2021/04/05;0100 UTC;0;937,7;937,8;936,6;;24;18,7;24,7;24;18,7;17,8;72;66;72;101;4,5;2;
2021/04/05;0200 UTC;0;938;938,2;937,7;;22,7;19,5;24;22,5;19,6;18,5;83;72;82;91;4,5;1,2;
2021/04/05;0300 UTC;0;936,9;938,1;936,9;;22,4;18,8;22,7;22,1;19,6;18,7;83;79;80;79;5,6;,2;
2021/04/05;0400 UTC;0;936;936,9;935,9;;22,3;19,2;22,5;22,3;19,2;18,5;83;79;83;79;1,5;,3;
2021/04/05;0500 UTC;,2;935,8;936;935,7;;21,8;18,8;22,3;21,7;19,4;18,5;86;81;83;140;2,2;,7;
2021/04/05;0600 UTC;0;935,7;935,8;935,6;;21,5;19;21,9;21,5;19,1;18,4;85;82;85;25;2,1;0;
2021/04/05;0700 UTC;0;935,7;935,8;935,6;;21,8;19;21,9;21,5;19,2;18,8;86;84;84;281;,7;0;
2021/04/05;0800 UTC;0;935,7;936;935,7;;20,9;18,9;21,9;20,9;19,3;18,9;88;84;88;121;0;0;
2021/04/05;0900 UTC;0;936,6;936,6;935,7;;21,3;19,1;21,3;20,9;19,1;18,8;88;86;88;267;1,6;0;
2021/04/05;1000 UTC;0;937,7;937,7;936,6;218,5;22,7;19,5;22,7;21,2;19,5;18,9;88;82;82;91;2;,3;
2021/04/05;1100 UTC;0;938,6;938,6;937,7;1090,4;24,1;19;24,2;22,6;19,7;18,7;82;73;73;137;3,8;1,1;
2021/04/05;1200 UTC;0;939;939,1;938,6;1893,5;26,1;19,6;26,2;24,1;19,6;18,5;74;65;67;110;3,9;1,2;
2021/04/05;1300 UTC;0;938,8;939;938,8;2557;28,3;19,7;28,4;26,1;20;18,8;67;57;60;75;5,1;2;
2021/04/05;1400 UTC;0;938,2;938,8;938,2;2562,5;28,4;20,1;29,2;27,7;20,7;19,3;63;58;61;115;7,3;2,5;
2021/04/05;1500 UTC;0;937,2;938,2;937,2;2311;30;19,9;30,1;28,1;20,9;19,5;61;55;55;83;5,6;1,9;
2021/04/05;1600 UTC;0;936;937,2;936;2209;30,4;19,3;30,7;29;20,4;18,9;59;50;52;48;5;1,3;
2021/04/05;1700 UTC;0;935;936;935;2856,4;26,6;18,4;32,3;26,6;20,2;17,9;61;46;61;349;9,9;4,6;
2021/04/05;1800 UTC;3;934,4;935,2;934,4;353,1;23,2;19,6;26,6;22,8;20,2;17,6;83;60;80;283;12,7;1,3;
2021/04/05;1900 UTC;0;934,1;934,6;934,1;377,8;24,4;20,8;24,4;23,2;21;19,2;82;76;80;345;6,5;,2;
2021/04/05;2000 UTC;0;935,5;935,5;934;829,6;24,2;19,6;25,8;24,2;21,5;19,6;81;69;75;100;7,5;3,4;
2021/04/05;2100 UTC;0;936,1;936,1;935,4;33,4;22,9;19,5;24,2;22,8;19,7;18,9;81;74;81;97;6,3;1,5;
2021/04/05;2200 UTC;0;936,7;936,7;935,9;;22,5;19,4;22,9;22,5;19,6;19,1;84;80;83;353;2,9;,2;
2021/04/05;2300 UTC;0;937,1;937,2;936,7;;22,5;19,3;22,9;22,4;19,8;19,1;84;79;83;358;2,6;,2;
2021/04/06;0000 UTC;0;937,4;937,6;937,1;;22,5;19,5;22,7;22,5;19,7;19,2;84;82;83;126;1,3;,2;
2021/04/06;0100 UTC;0;938;938;937,4;;21,9;19,7;22,5;21,9;19,9;19,5;88;83;87;65;2,1;,2;
2021/04/06;0200 UTC;0;938,3;938,3;937,9;;21,9;19,4;21,9;21,7;19,7;19,3;88;85;86;333;3;,7;
2021/04/06;0300 UTC;0;938;938,3;937,9;;21,9;19,3;22,1;21,7;19,5;19,1;87;83;85;171;3,4;,4;
2021/04/06;0400 UTC;0;937,2;938;937,2;;21,4;19,5;21,9;21,4;19,5;19,1;89;85;89;83;1,9;,1;
2021/04/06;0500 UTC;0;936,8;937,2;936,8;;20,9;19,6;21,4;20,9;19,7;19,4;92;89;92;156;2;,4;
2021/04/06;0600 UTC;0;936,8;937;936,7;;20,9;19,7;20,9;20,8;19,7;19,5;93;92;93;261;2;,6;
2021/04/06;0700 UTC;0;937,1;937,2;936,8;;20,7;19,6;20,9;20,6;19,6;19,4;93;93;93;46;2;0;
2021/04/06;0800 UTC;0;937;937,1;936,9;;20,8;19,6;20,9;20,7;19,7;19,5;93;93;93;6;,8;0;
2021/04/06;0900 UTC;0;937,3;937,3;937;;20,7;19,4;20,9;20,7;19,6;19,4;93;92;92;328;1;,2;
2021/04/06;1000 UTC;0;937,7;937,7;937,3;148,1;21,3;19,6;21,4;20,7;19,6;19,3;92;90;90;109;2,1;,6;
2021/04/06;1100 UTC;0;937,8;937,8;937,5;907,3;23,8;19,7;24,1;21,3;20,5;19,4;90;76;78;24;3,2;1,7;
2021/04/06;1200 UTC;0;938,4;938,4;937,8;1799,4;24,6;19,2;25,8;23,7;20,7;19,2;79;69;72;47;6,9;2,5;
2021/04/06;1300 UTC;0;938,7;938,8;938,4;2151,9;26,1;20,1;26,5;24,3;20,2;19,1;74;66;69;358;6,9;1,9;
2021/04/06;1400 UTC;0;938;938,9;938;2325,9;27,6;18,9;28,4;25,8;20,6;18,9;69;59;59;349;7,2;3,7;
2021/04/06;1500 UTC;0;937,7;938,1;937,7;2958,6;28,1;18,8;29,3;27,2;19,9;17,9;61;52;57;351;8,4;3,1;
2021/04/06;1600 UTC;0;937;937,8;937;2499,9;28;19;30;28;19,6;17,9;58;51;58;340;7,9;1,9;
2021/04/06;1700 UTC;0;935,8;937;935,8;2034,9;29,6;18,4;29,8;28;19,8;18,2;60;50;51;285;5,9;2,2;
2021/04/06;1800 UTC;0;934,8;935,8;934,8;2089,1;29,9;18,5;30,3;28,9;19,3;17,6;55;49;50;300;9,3;2,8;
2021/04/06;1900 UTC;0;934,7;934,8;934,7;944,1;27,5;19;29,9;27,5;19;17,9;60;50;60;300;9,3;2;
2021/04/06;2000 UTC;0;934,8;934,9;934,6;476,9;26,5;19;27,5;26,5;19,4;18,7;64;59;64;292;6,2;1;
2021/04/06;2100 UTC;0;935,3;935,3;934,8;77,5;24,9;19,1;26,5;24,9;19,1;18,9;70;63;70;307;4,1;,2;
2021/04/06;2200 UTC;0;936,4;936,4;935,4;;23,9;19,4;24,9;23,9;19,4;19,1;76;70;76;306;3,1;,5;
2021/04/06;2300 UTC;0;937,2;937,2;936,4;;23,8;19,8;23,9;23,7;19,8;19,3;78;76;78;295;3,3;,8;
2021/04/07;0000 UTC;0;937,5;937,6;937,2;;23,7;19,9;23,9;23,7;20;19,7;79;77;79;303;3,3;,5;
2021/04/07;0100 UTC;0;937,7;937,7;937,5;;23,3;19,9;23,7;23,3;20;19,8;82;79;81;318;2,5;,6;
2021/04/07;0200 UTC;0;937,6;937,7;937,4;;22,8;19,4;23,4;22,8;19,9;19,4;81;79;81;315;2,7;,5;
2021/04/07;0300 UTC;0;937,5;937,6;937,4;;22,4;19,4;22,9;22,4;19,5;19,3;83;81;83;283;2,2;,2;
2021/04/07;0400 UTC;0;937,7;937,8;937,5;;20,9;19,1;22,5;20,9;19,9;19;90;83;90;127;5,7;2;
2021/04/07;0500 UTC;0;937,4;937,8;937,4;;20,2;18,8;20,9;20,2;19,4;18,8;92;90;91;110;5,9;,8;
2021/04/07;0600 UTC;1,4;936,4;937,5;936,4;;20;18,7;20,4;20;19;18,6;93;91;93;63;3,3;,3;
2021/04/07;0700 UTC;0;936;936,5;935,8;;19,8;18,7;20;19,8;18,8;18,5;93;92;93;323;1,9;,5;
2021/04/07;0800 UTC;0;936,6;936,6;936;;19,8;18,7;19,9;19,7;18,8;18,5;94;93;94;224;1,9;0;
2021/04/07;0900 UTC;0;937,3;937,3;936,6;;19,5;18,5;19,8;19,4;18,7;18,4;94;93;94;96;1,4;0;
2021/04/07;1000 UTC;0;938,1;938,1;937,3;184,7;20,1;19;20,1;19,5;19,1;18,5;94;93;94;117;2;,7;
2021/04/07;1100 UTC;0;938,3;938,4;938,1;454,3;20,6;19,4;20,6;20;19,5;18,9;94;93;93;245;2,2;0;
2021/04/07;1200 UTC;0;938,7;938,7;938,3;1034,8;22,5;19,6;22,7;20,6;20,1;19,2;93;83;83;6;1,7;,7;
2021/04/07;1300 UTC;0;938,8;938,8;938,7;1381,9;23,9;19,7;24,3;22,5;20,3;19,2;85;76;77;16;1,8;,4;
2021/04/07;1400 UTC;0;938,3;938,8;938,3;2352,7;26,3;19,8;26,3;23,9;21,2;19,6;78;68;68;93;3,4;1,3;
2021/04/07;1500 UTC;0;937,3;938,3;937,3;2478,1;26,9;20;28;26,2;21,3;19,3;70;62;66;177;3,1;,9;
2021/04/07;1600 UTC;0;936,5;937,3;936,5;2106,4;27,2;20,2;28,6;26,7;20,6;19,5;68;60;66;135;3,6;1,1;
2021/04/07;1700 UTC;0;936;936,5;936;2137,1;27,7;19,6;29,1;27,2;21;19,4;66;59;61;89;4,5;1,5;
2021/04/07;1800 UTC;0;935,2;936;935,2;1331;26,9;19,8;29,3;26,9;20,6;19,4;65;57;65;123;4;1,7;
2021/04/07;1900 UTC;0;935,5;935,5;935,1;317,9;26,1;19,7;26,9;26,1;20,3;19,6;69;65;68;131;4,3;1,7;
2021/04/07;2000 UTC;0;935,7;935,9;935,5;114,2;25,4;19,8;26,1;25,4;20,1;19,7;71;68;71;136;3,5;1;
2021/04/07;2100 UTC;0;936,3;936,3;935,7;19,1;24,6;20;25,4;24,6;20,1;19,8;76;71;75;112;2,8;,2;
2021/04/07;2200 UTC;0;936,7;936,7;936,3;;24,2;19,6;24,6;24,2;19,9;19,6;76;75;76;125;2,1;0;
2021/04/07;2300 UTC;0;937,7;937,7;936,7;;23,4;19,7;24,2;23,4;20;19,6;81;76;80;127;3,5;1,6;
2021/04/08;0000 UTC;0;938,3;938,5;937,7;;22,2;18,4;23,4;22,2;19,6;18,4;80;75;79;159;4,5;1;
2021/04/08;0100 UTC;0;938,4;938,5;938,3;;21,6;18,7;22,2;21,5;18,8;18,4;84;79;84;31;2,4;0;
2021/04/08;0200 UTC;0;938,6;938,7;938,4;;21,4;18,7;21,6;21,4;18,9;18,6;85;83;85;144;0;0;
2021/04/08;0300 UTC;0;937,6;938,6;937,6;;21,1;18,8;21,5;21,1;18,8;18,6;86;85;86;111;0;0;
2021/04/08;0400 UTC;0;937,4;937,7;937,4;;21;18,9;21,1;21;18,9;18,7;88;87;88;98;1,8;,9;
2021/04/08;0500 UTC;0;937,2;937,5;937,2;;21,1;19;21,2;20,8;19;18,8;88;88;88;131;1,8;,2;
2021/04/08;0600 UTC;0;937;937,3;937;;20,6;18,9;21,1;20,6;19;18,9;90;88;90;71;1,7;,4;
2021/04/08;0700 UTC;0;937,3;937,3;937;;20,3;19;20,6;20,3;19;18,8;92;90;92;154;1,5;0;
2021/04/08;0800 UTC;0;937,7;937,7;937,3;;20,5;19;20,6;20,3;19,1;19;92;91;91;185;,7;0;
2021/04/08;0900 UTC;0;938,3;938,3;937,7;;20,5;18,9;20,7;20,5;19,2;18,9;91;90;91;348;1,4;0;
2021/04/08;1000 UTC;0;939;939;938,3;98,2;21,6;19,2;21,6;20,5;19,2;18,9;91;87;87;103;1,7;,8;
2021/04/08;1100 UTC;0;940,1;940,1;939;794,1;23,3;19,5;23,5;21,6;19,9;19,2;87;79;79;118;3,5;1,3;
2021/04/08;1200 UTC;0;940,7;940,7;940,1;1232,9;24,7;19,2;24,9;23,2;19,6;18,8;79;70;72;91;7,3;3,4;
2021/04/08;1300 UTC;0;940,8;941;940,6;1145,8;25,4;18,8;25,6;24,1;19,3;18,7;74;66;67;72;7,3;2,5;
2021/04/08;1400 UTC;0;940,2;940,8;940,2;2146,4;27,3;18,5;27,3;25,4;19,5;17,7;67;58;59;84;7;3,5;
2021/04/08;1500 UTC;0;939,3;940,2;939,3;3362,5;28,3;18,5;28,6;27,2;19,3;17,9;59;55;55;39;8,7;2,2;
2021/04/08;1600 UTC;0;938,5;939,3;938,5;2504,8;28;18,3;28,8;27,3;19,3;17,7;58;53;56;68;6,8;2,8;
2021/04/08;1700 UTC;0;937,7;938,5;937,7;1808;26,3;19,7;29,6;26,3;20,2;17,7;69;51;67;91;6,7;3,1;
2021/04/08;1800 UTC;0;937,6;937,7;937,6;500,6;25,3;19,5;26,9;24,7;20;18,6;74;63;70;57;6,1;1;
2021/04/08;1900 UTC;,2;937,1;937,7;937;464,2;26,4;18,6;26,4;25,3;19,5;18,6;70;62;62;85;5,5;2,4;
2021/04/08;2000 UTC;0;937,4;937,4;937,1;545;25,5;18,1;26,8;25,5;18,7;17,7;64;58;64;90;7,1;2,3;
2021/04/08;2100 UTC;0;938;938;937,4;57,7;24,8;17,6;25,5;24,7;18,2;17,6;66;63;65;95;4,3;,6;
2021/04/08;2200 UTC;0;938,5;938,5;938;;24,5;17,8;24,8;24;18,4;17,6;70;65;66;85;1,9;,2;
2021/04/08;2300 UTC;0;939;939;938,4;;24,1;18,2;24,5;23,9;18,5;17,8;71;66;70;148;1,9;0;
2021/04/09;0000 UTC;0;939,6;939,6;939;;22,7;18,6;24,1;22,7;18,9;18,1;78;70;78;140;1,8;0;
2021/04/09;0100 UTC;0;939,9;939,9;939,6;;22,9;18,3;23,1;22,7;18,9;18,2;78;74;75;99;1,9;0;
2021/04/09;0200 UTC;0;939,8;939,9;939,8;;22,4;18,2;22,9;22,3;18,5;18;78;75;77;148;0;0;
2021/04/09;0300 UTC;0;939,3;939,8;939,3;;22,1;17,7;22,7;22;18,4;17,7;80;75;76;89;2,8;1,3;
2021/04/09;0400 UTC;0;939,2;939,4;939,2;;22,4;17,1;22,4;21,8;17,8;17;78;72;72;111;3,1;2;
2021/04/09;0500 UTC;0;939,3;939,4;939,2;;21,5;16,9;22,4;21,3;17,2;16,9;77;72;75;106;3,1;1,8;
2021/04/09;0600 UTC;0;939,1;939,3;939,1;;21;16,5;21,6;21;17;16,4;75;72;75;94;4;1,7;
2021/04/09;0700 UTC;0;939,3;939,3;939,1;;20,5;16,5;21,6;20,5;16,6;16,3;78;72;78;94;4,8;1,3;
2021/04/09;0800 UTC;0;939,7;939,7;939,3;;20,6;16,2;21;20,4;16,5;16,2;78;75;76;110;3,9;1,8;
2021/04/09;0900 UTC;0;940,4;940,4;939,7;;20,3;16,2;20,9;20,2;16,4;15,9;78;73;77;93;4,5;1,5;
2021/04/09;1000 UTC;0;941,1;941,1;940,4;167,1;21,2;16,6;21,2;20,2;16,7;16,2;79;75;75;91;4,1;1,9;
2021/04/09;1100 UTC;0;941,6;941,6;941,1;1084,2;23,4;15,9;23,4;21,2;16,7;15,6;75;62;63;87;7,2;3,8;
2021/04/09;1200 UTC;0;941,9;942;941,5;1975,4;24,6;15,8;24,9;23,2;16,3;15,6;64;57;58;85;8,7;4,3;
2021/04/09;1300 UTC;0;941,8;942;941,8;2608,4;25,9;16,1;26,4;24,1;16,5;15,7;61;53;55;87;8,9;4,4;
2021/04/09;1400 UTC;0;941,2;941,8;941,2;3050,2;26,6;16,3;27,3;25,9;16,8;15,6;55;50;53;81;8,5;4;
2021/04/09;1500 UTC;0;940,4;941,2;940,4;3307,2;28,1;16,4;28,9;26,6;17,3;16;54;47;49;89;8;2,9;
2021/04/09;1600 UTC;0;939,4;940,4;939,4;3162,2;28,6;17,1;29;27,6;17,3;16,1;52;48;50;65;6,4;2,1;
2021/04/09;1700 UTC;0;938,8;939,4;938,7;2259,7;28,9;16,6;29,6;28,1;17,7;16,3;52;46;47;90;5,1;1,9;
2021/04/09;1800 UTC;0;938,3;938,8;938,3;2398,8;29,7;17;30,3;28,7;17,6;16,1;51;43;46;51;4,4;1,6;
2021/04/09;1900 UTC;0;938;938,3;938;1819,7;29,1;16,7;30;29,1;17,3;16,4;48;45;47;75;4,9;1,3;
2021/04/09;2000 UTC;0;937,7;938;937,7;692,1;28;16,9;29,1;28;17,4;16,5;51;47;51;109;5;2,7;
2021/04/09;2100 UTC;0;937,7;937,8;937,7;47,9;26;17,4;28;26;17,5;16,9;59;51;59;115;4,7;1,5;
2021/04/09;2200 UTC;0;938,2;938,2;937,7;;24,6;17,7;26;24,5;17,8;17,2;66;58;65;150;3,3;,4;
2021/04/09;2300 UTC;0;938,7;938,7;938,2;;23,6;17,9;24,6;23,6;17,9;17,6;71;65;70;154;2,2;0;
2021/04/10;0000 UTC;0;939,1;939,1;938,7;;22,7;17,7;23,6;22,7;18,2;17,7;75;70;74;150;,3;0;
2021/04/10;0100 UTC;0;939,3;939,3;939,1;;22,3;17,9;22,7;22,1;18,1;17,7;77;74;76;105;,6;0;
2021/04/10;0200 UTC;0;939,4;939,5;939,3;;21,4;17,9;22,3;21,4;18;17,6;80;76;80;323;0;0;
2021/04/10;0300 UTC;0;939,3;939,5;939,3;;21,7;17;21,8;21,3;18;17;81;75;75;101;1,6;0;
2021/04/10;0400 UTC;0;939;939,3;939;;21,3;16,5;21,7;20,9;17,1;16,5;78;74;74;112;1;0;
2021/04/10;0500 UTC;0;938,5;939;938,5;;20,2;16,3;21,3;20,2;16,6;16,1;79;74;79;126;1,4;,2;
2021/04/10;0600 UTC;0;938,4;938,5;938,3;;19,7;16,3;20,2;19,7;16,4;16,2;81;78;81;44;1,1;0;
2021/04/10;0700 UTC;0;938,4;938,4;938,3;;18,9;16,2;19,7;18,8;16,3;16,1;85;81;84;136;1,7;1;
2021/04/10;0800 UTC;0;938,6;938,6;938,4;;19,8;15,6;20,1;18,9;16,2;15,6;84;76;77;114;2,4;1,6;
2021/04/10;0900 UTC;0;939;939,1;938,6;;18,6;15,5;19,8;18,6;15,8;15,4;82;77;82;290;2,4;0;
2021/04/10;1000 UTC;0;939,5;939,5;939;238,4;21;16;21;18,5;16,4;15,5;84;71;73;23;1;0;
2021/04/10;1100 UTC;0;940,2;940,2;939,5;1182,7;23,8;16,4;23,8;21;16,7;15,7;73;63;63;89;4,6;2,4;
2021/04/10;1200 UTC;0;940,6;940,6;940,2;2017,4;25;16,8;25,2;23,3;16,8;15,9;64;59;60;89;6,5;2,7;
2021/04/10;1300 UTC;0;940,4;940,6;940,4;2672;26,6;16,1;27;24,8;17;15,8;60;52;52;89;6,6;3,8;
2021/04/10;1400 UTC;0;939,8;940,4;939,8;3115,5;27,6;15,5;28;26,2;16,6;15,5;55;47;48;86;7,3;3;
2021/04/10;1500 UTC;0;938,8;939,8;938,7;3371,9;29,3;15,5;29,6;27,6;16,3;15,2;49;42;43;90;8,1;3,4;
2021/04/10;1600 UTC;0;937,8;938,7;937,8;3385,1;29,9;15,1;30,1;28,7;15,8;13,8;45;39;41;15;8,1;1,8;
2021/04/10;1700 UTC;0;936,8;937,8;936,8;3107;29,9;13,7;30,6;29;15,3;12,5;41;35;37;82;5,8;2,4;
2021/04/10;1800 UTC;0;936,3;936,8;936,3;2546,5;30,1;13,9;30,5;29,2;14,5;12,5;39;34;37;35;5,1;1,4;
2021/04/10;1900 UTC;0;936;936,3;936;1221,3;29,7;12,7;30,4;28,3;14,5;12,3;42;34;35;103;4,9;2,6;
2021/04/10;2000 UTC;0;935,9;936;935,7;511,6;28,3;13,5;30;28,3;13,5;12,2;40;34;40;96;4,6;1,9;
2021/04/10;2100 UTC;0;936;936;935,9;47,2;24,7;15,3;28,3;24,7;15,3;13,3;56;40;56;130;3,8;0;
2021/04/10;2200 UTC;0;936,5;936,5;935,9;;23,8;14,6;24,7;23,7;15,6;14;59;55;56;232;0;0;
2021/04/10;2300 UTC;0;936,9;936,9;936,5;;22,5;16,3;23,9;22,5;16,4;14,6;68;56;68;283;1,2;,3;
2021/04/11;0000 UTC;0;937,5;937,5;936,9;;21,2;16;22,5;21,2;16,4;16;73;68;72;272;1,5;,3;
2021/04/11;0100 UTC;0;937,6;937,6;937,4;;20,9;15,1;21,3;20,8;16,1;15;72;68;69;267;1,8;,2;
2021/04/11;0200 UTC;0;937,4;937,6;937,4;;20;15,6;20,9;19,9;15,7;15,3;76;69;76;264;1,4;,3;
2021/04/11;0300 UTC;0;937;937,4;937;;19,4;14,8;20,1;19,4;15,5;14,8;76;74;75;271;1,4;0;
2021/04/11;0400 UTC;0;936,7;937;936,7;;18,7;14,5;19,5;18,7;15,1;14,4;77;73;76;267;1,5;0;
2021/04/11;0500 UTC;0;936,5;936,7;936,4;;18,5;14,3;19,1;18,5;14,7;14,1;77;75;76;274;1,7;,3;
2021/04/11;0600 UTC;0;936,5;936,6;936,4;;18,2;14,2;18,6;18,1;14,4;14,1;78;76;78;255;1,6;0;
2021/04/11;0700 UTC;0;936,9;936,9;936,5;;18,1;13,9;18,4;17,6;14,3;13,9;80;76;77;256;1,6;,7;
2021/04/11;0800 UTC;0;937,4;937,4;936,9;;17,7;13,8;18,1;17,5;14,1;13,8;79;77;78;266;1,6;,2;
2021/04/11;0900 UTC;0;938,1;938,1;937,4;;17,3;13,8;17,7;17,2;14;13,7;81;78;80;289;1,5;,1;
2021/04/11;1000 UTC;0;938,9;938,9;938,1;239,1;20,2;14,3;20,2;17,2;14,5;13,7;80;68;69;276;1,3;0;
2021/04/11;1100 UTC;0;939,7;939,7;938,9;1155,6;24,3;14,8;24,3;20,2;15,1;13,9;70;54;56;74;2;,4;
2021/04/11;1200 UTC;0;940,1;940,1;939,7;1982,5;26,2;14,8;26,3;24,1;15,1;14,1;56;49;50;77;3,3;1;
2021/04/11;1300 UTC;0;940,2;940,3;940,1;2637,3;27,2;15,1;27,9;25,9;15,9;14,5;52;46;48;76;3,8;1,5;
2021/04/11;1400 UTC;0;939,7;940,2;939,7;3102,5;29,5;12,6;29,7;27,2;15,8;12;49;35;36;21;3,9;,8;
2021/04/11;1500 UTC;0;938,9;939,7;938,9;3059,4;30,1;13,2;30,2;28,3;14,1;11,9;39;33;36;271;4,7;1,7;
2021/04/11;1600 UTC;0;937,8;938,9;937,8;3379,5;30;11,5;31,6;29,7;13,7;10,9;36;29;32;220;4,7;,8;
2021/04/11;1700 UTC;0;936,7;937,8;936,7;2473,8;30,3;10,8;31,9;28,8;13,3;10,8;37;29;30;156;4,1;1,2;
2021/04/11;1800 UTC;0;936,5;936,7;936,5;2536;30,4;10,4;32,1;30,1;12,5;10,4;32;29;29;165;4,8;,7;
2021/04/11;1900 UTC;0;936,3;936,5;936,3;1671;30,2;10,3;31,8;30,1;12,1;9,6;32;27;29;253;2,9;,5;
2021/04/11;2000 UTC;0;936,2;936,4;936,2;357,4;28,7;11,3;30,8;28,7;12,1;10,1;35;28;34;248;2,9;,2;
2021/04/11;2100 UTC;0;936,5;936,5;936,2;45,7;25,7;13,2;28,7;25,7;13,3;11,6;46;34;46;108;2,4;,3;
2021/04/11;2200 UTC;0;936,8;936,8;936,5;;23,1;15,4;25,7;23,1;15,4;13,1;62;46;62;330;1,3;,7;
2021/04/11;2300 UTC;0;937,8;937,8;936,8;;22,5;15,4;23,1;22,5;15,9;15;65;61;64;278;1,6;,3;
2021/04/12;0000 UTC;0;938,4;938,4;937,8;;21,7;14,8;22,5;21,6;15,5;14,7;67;64;65;263;1,6;,3;
2021/04/12;0100 UTC;0;938,6;938,6;938,4;;20,9;14,7;21,7;20,9;15,4;14,7;70;65;68;276;2,3;,4;
2021/04/12;0200 UTC;0;938,6;938,7;938,5;;20,7;14,5;21,1;20,7;14,8;14,4;68;66;68;267;1,7;,3;
2021/04/12;0300 UTC;0;938,3;938,7;938,3;;20;14,5;21,1;20;14,8;14,3;71;65;70;255;1,8;,7;
2021/04/12;0400 UTC;0;938,2;938,3;938,2;;19,3;14,4;20,1;19,3;14,7;14,3;73;70;73;274;1,6;,4;
2021/04/12;0500 UTC;0;937,8;938,3;937,8;;18,8;14,3;19,4;18,8;14,6;14,3;75;73;75;267;1,6;,4;
2021/04/12;0600 UTC;0;937,8;937,9;937,7;;18,7;14,3;19;18,6;14,3;14,1;76;74;76;270;1,9;,4;
2021/04/12;0700 UTC;0;937,9;937,9;937,7;;18,7;14,1;18,9;18,5;14,3;14;76;74;75;268;1,8;,8;
2021/04/12;0800 UTC;0;938;938;937,8;;18,5;14,3;18,8;18,5;14,4;14,1;76;74;76;261;1,7;,7;
2021/04/12;0900 UTC;0;938,3;938,3;938;;18,4;14,4;18,7;18,4;14,5;14,3;78;76;78;262;1,8;,5;
2021/04/12;1000 UTC;0;939,1;939,1;938,3;185,3;20,2;14,9;20,2;18,3;15;14,4;78;72;72;254;1,8;,6;
2021/04/12;1100 UTC;0;939,7;939,7;939,1;1129;25;15,4;25;20,2;16,1;14,8;72;55;55;86;2,2;,7;
2021/04/12;1200 UTC;0;940;940;939,7;1411,4;25,2;15,7;25,4;24,5;16,2;15;58;54;56;83;4;1,9;
2021/04/12;1300 UTC;0;940,2;940,2;940;2494,9;28,5;15,6;28,5;25,2;16,3;15,3;56;46;46;81;6,2;2,8;
2021/04/12;1400 UTC;0;939,6;940,2;939,6;2971,4;28,9;15,2;29,2;27,9;16,3;14,4;47;41;43;82;6,9;2,9;
2021/04/12;1500 UTC;0;938,6;939,6;938,6;3265,6;30;14;30,5;28,3;15,7;14;44;37;38;101;6,9;1,8;
2021/04/12;1600 UTC;0;937,7;938,6;937,7;2939;30,7;13,3;31,7;29,5;14,9;12,5;40;32;35;38;5,9;,7;
2021/04/12;1700 UTC;0;937;937,6;937;2879,1;30,7;13,9;31,6;30,4;14,3;12,6;37;32;36;358;4,4;1,1;
2021/04/12;1800 UTC;0;936,3;937;936,3;2028,7;30,3;14,3;31,3;30,2;15;13,3;38;34;38;100;5;1,5;
2021/04/12;1900 UTC;0;936,2;936,4;936,1;1561,9;31,3;12,9;31,9;30,3;14,9;12,2;38;31;33;321;5,9;,6;
2021/04/12;2000 UTC;0;936,2;936,3;936,2;303,6;29;13,8;31,6;29;14,1;12,6;40;32;39;68;3;,1;
2021/04/12;2100 UTC;0;936,4;936,4;936,1;36,6;26,7;14,6;29;26,2;15,5;13,6;50;39;48;183;2;0;
2021/04/12;2200 UTC;0;937,4;937,4;936,4;;24,8;17,4;26,7;24,8;17,4;14,7;64;48;64;285;1,8;0;
2021/04/12;2300 UTC;0;938,5;938,5;937,4;;23,6;16,9;24,8;23,5;17,4;16,8;68;63;66;257;1,6;,4;
2021/04/13;0000 UTC;0;938,7;938,9;938,5;;22,5;17,2;23,7;22,4;17,3;16,8;72;66;72;267;1,7;,1;
2021/04/13;0100 UTC;0;938,9;938,9;938,6;;22,4;16,9;22,6;22,4;17,2;16,8;72;70;71;254;2;,5;
2021/04/13;0200 UTC;0;939;939,1;938,8;;21,9;17;22,4;21,8;17;16,8;74;71;74;295;1,5;0;
2021/04/13;0300 UTC;0;938,7;939;938,7;;21,9;16,8;22;21,5;17;16,6;75;72;73;258;0;0;
2021/04/13;0400 UTC;0;938,5;938,7;938,5;;21,4;16,3;22,1;21,3;16,7;16,3;74;72;73;290;0;0;
2021/04/13;0500 UTC;0;938;938,6;938;;20,6;16,4;21,4;20,5;16,5;16,2;77;72;77;233;0;0;
2021/04/13;0600 UTC;0;937,8;938;937,8;;20,6;16,1;20,8;20,3;16,5;16;78;75;75;251;1,2;,1;
2021/04/13;0700 UTC;0;937,9;937,9;937,8;;20,1;15,9;20,6;20;16,1;15,9;77;75;77;251;1,4;0;
2021/04/13;0800 UTC;0;938,1;938,1;937,9;;19,8;15,9;20,3;19,8;16,2;15,8;78;76;78;261;0;0;
2021/04/13;0900 UTC;0;938,7;938,7;938,1;;19,4;15,9;19,8;19,4;16,1;15,9;80;78;80;262;0;0;
2021/04/13;1000 UTC;0;939,4;939,4;938,7;300,7;22,1;16,7;22,1;19,2;16,7;15,9;81;71;71;239;0;0;
2021/04/13;1100 UTC;0;940,2;940,2;939,4;1132,1;25;15,3;25;22,1;16,8;15,1;71;54;55;137;2,2;,6;
2021/04/13;1200 UTC;0;940,4;940,5;940,2;1914,5;26,9;13,3;27,5;25;15,8;12,8;56;42;43;116;5;2,3;
2021/04/13;1300 UTC;0;940,4;940,6;940,4;2561,2;28,8;13,6;29,3;26,9;13,9;12,8;44;37;39;87;6,9;2,9;
2021/04/13;1400 UTC;0;939,8;940,4;939,8;3005,4;30;12,4;30,9;28,8;14;11,3;40;31;34;85;7,5;3,4;
2021/04/13;1500 UTC;0;938,9;939,8;938,9;3242,5;30,4;14,4;30,9;29,8;14,8;12;39;32;38;61;7,5;2,1;
2021/04/13;1600 UTC;0;938,1;938,9;938,1;3188,7;31,2;15,1;31,8;30,1;15,7;14,4;40;35;38;8;6,7;1,9;
2021/04/13;1700 UTC;0;937,3;938,1;937,3;2908,2;31,1;15;32,5;30,3;15,8;14,2;40;35;38;68;5,1;2,1;
2021/04/13;1800 UTC;0;936,9;937,3;936,8;1930;31,4;14,6;32;30,4;15,6;13,4;40;34;36;94;4,5;1,5;
2021/04/13;1900 UTC;0;936,8;936,9;936,7;1282,7;31,1;14,4;31,8;30,2;15;13,2;38;33;36;156;4,8;1;
2021/04/13;2000 UTC;0;936,7;936,8;936,7;211,1;29,6;13,2;31,1;29,6;14,1;13;37;34;37;140;3,8;1,1;
2021/04/13;2100 UTC;0;936,8;936,9;936,7;73,9;27,3;15,5;29,6;27,3;15,5;13,3;48;37;48;121;3,6;,9;
2021/04/13;2200 UTC;0;937,3;937,3;936,8;;26,1;15,8;27,3;26;15,8;15,5;53;48;53;113;2,8;,2;
2021/04/13;2300 UTC;0;937,9;937,9;937,3;;24,5;16,2;26,1;24,5;16,2;15,6;60;53;60;1;1,3;0;
2021/04/14;0000 UTC;0;938,4;938,4;937,9;;22,7;16,4;24,5;22,7;16,6;16,2;68;60;68;277;0;0;
2021/04/14;0100 UTC;0;938,6;938,7;938,4;;21,6;16,3;22,7;21,6;16,6;16,2;72;68;72;269;1,8;0;
2021/04/14;0200 UTC;0;938,8;938,8;938,5;;21,3;15,2;21,6;21,3;16,3;15,1;72;68;68;255;2,1;1;
2021/04/14;0300 UTC;0;938,3;938,8;938,3;;20,8;14,9;21,3;20,7;15,3;14,8;71;68;69;248;2,3;1,1;
2021/04/14;0400 UTC;0;937,7;938,3;937,7;;20,5;14,7;20,8;20,4;15;14,7;71;69;69;258;1,8;,6;
2021/04/14;0500 UTC;0;937,2;937,8;937,2;;19,7;14,7;20,6;19,7;14,8;14,6;73;69;73;261;1,8;,7;
2021/04/14;0600 UTC;0;937;937,3;937;;19,5;14,5;19,8;19,5;14,7;14,5;73;72;73;247;1,5;,2;
2021/04/14;0700 UTC;0;937;937,1;936,9;;18,7;14,6;19,6;18,6;14,7;14,4;77;72;77;261;1,4;,2;
2021/04/14;0800 UTC;0;937,3;937,3;937;;18,3;14,5;18,9;18,3;14,7;14,4;78;76;78;266;1,5;0;
2021/04/14;0900 UTC;0;937,8;937,8;937,3;;18;14,4;18,4;17,7;14,5;14,2;80;78;80;261;2,1;1,1;
2021/04/14;1000 UTC;0;938,4;938,4;937,8;134,2;19,2;14,7;19,2;18;14,7;14,3;80;75;75;264;2;1;
2021/04/14;1100 UTC;0;938,7;938,7;938,3;946,3;24,2;14,5;24,2;19,2;15,6;14,5;75;55;55;234;1,9;0;
2021/04/14;1200 UTC;0;939,3;939,3;938,7;1949,9;27,1;13,5;27,1;24,2;15,4;13,1;55;42;43;90;2,6;,7;
2021/04/14;1300 UTC;0;939,4;939,4;939,3;2588,9;29;12,5;29,3;26,9;14,8;11,1;46;34;36;88;7;2,9;
2021/04/14;1400 UTC;0;939;939,4;939;3032,9;30,5;12,7;30,7;28,8;13,6;12;38;33;34;83;5,9;2,6;
2021/04/14;1500 UTC;0;938,2;939;938,2;3271,3;31,4;12,4;31,5;29,7;13,9;12;38;31;31;96;6,8;2,9;
2021/04/14;1600 UTC;0;937,3;938,2;937,3;3216,5;31;12,5;32;30,7;13,2;11,6;34;30;32;91;8;2,8;
2021/04/14;1700 UTC;0;936,4;937,3;936,4;2921,1;31,8;12,2;32,2;30,6;13,5;11,8;34;29;30;98;6,4;3;
2021/04/14;1800 UTC;0;935,6;936,4;935,6;2407,9;31,9;11,1;32,5;31,3;13;11,1;32;28;28;89;6,8;3,2;
2021/04/14;1900 UTC;0;935,3;935,6;935,2;1122,7;30,3;12,8;31,8;30,3;13,1;11,3;34;28;34;95;6,4;3,1;
2021/04/14;2000 UTC;0;935,6;935,6;935,2;378,1;29,1;13,6;31;29,1;13,6;12,7;39;33;39;84;6,1;2,2;
2021/04/14;2100 UTC;0;935,9;935,9;935,6;41,8;26;15,3;29,1;26;15,5;13,8;52;39;52;138;3,8;0;
2021/04/14;2200 UTC;0;936,6;936,6;935,9;;25,7;15,4;26,1;25,4;15,6;15,1;54;51;53;268;,7;0;
2021/04/14;2300 UTC;0;937,1;937,1;936,6;;23,6;16,3;25,7;23,6;16,9;15,4;65;53;64;303;1,3;,1;
2021/04/15;0000 UTC;0;937,6;937,6;937,1;;22,9;16,3;23,6;22,9;16,7;16,2;67;64;66;263;1,7;,4;
2021/04/15;0100 UTC;0;937,9;937,9;937,6;;23;16,5;23,3;22,8;16,6;16;67;64;67;271;1,4;0;
2021/04/15;0200 UTC;0;938,3;938,3;937,9;;22,1;16,2;23;21,7;16,8;16,2;73;67;69;272;1,6;0;
2021/04/15;0300 UTC;0;937,7;938,3;937,7;;22,1;16;22,2;21,8;16,2;15,9;70;68;68;250;1,6;0;
2021/04/15;0400 UTC;0;937,4;937,7;937,4;;21;16;22,1;21;16,3;15,9;74;68;73;254;1,5;0;
2021/04/15;0500 UTC;0;937,1;937,4;937,1;;21,2;16;21,4;21;16;15,6;73;71;72;286;1,5;0;
2021/04/15;0600 UTC;0;936,9;937,2;936,9;;19,9;15,7;21,2;19,9;16,1;15,5;77;72;77;271;0;0;
2021/04/15;0700 UTC;0;936,9;936,9;936,8;;19,9;15,4;20,1;19,7;15,8;15,4;77;75;76;253;1,5;,3;
2021/04/15;0800 UTC;0;937,1;937,2;936,8;;19,3;15,6;20;19,1;15,6;15,4;80;75;79;260;1,6;0;
2021/04/15;0900 UTC;0;937,6;937,6;937,1;;19,7;15,4;19,7;19,1;15,6;15,3;79;76;76;250;1,3;0;
2021/04/15;1000 UTC;0;938,4;938,4;937,6;223,6;22;16,1;22;19,6;16,2;15,3;76;69;69;331;0;0;
2021/04/15;1100 UTC;0;939,1;939,1;938,4;1084,1;25,3;16,5;25,3;22;16,7;15,7;69;57;58;87;3,2;1,7;
2021/04/15;1200 UTC;0;939,3;939,3;939,1;1887,9;26,9;15,8;27,5;25,3;16,6;15,3;58;49;51;35;3,9;1,4;
2021/04/15;1300 UTC;0;939,2;939,4;939,2;2520,4;28,3;15;28,9;26,9;16,4;14,7;51;44;44;354;5,3;2,2;
2021/04/15;1400 UTC;0;938,8;939,3;938,7;2958,8;29,4;16;30,1;28,1;17,1;14,8;48;43;44;44;5,3;1,6;
2021/04/15;1500 UTC;0;937,9;938,8;937,9;3199,9;30;14,9;30,4;29,4;17,2;14,9;46;40;40;338;5,2;1,6;
2021/04/15;1600 UTC;0;937,2;937,9;937,1;2785,4;31,2;15,7;31,2;29;16,2;14,4;44;38;39;49;5,5;1,1;
2021/04/15;1700 UTC;0;936,2;937,2;936,2;2529,2;30,3;14,9;31,7;28,7;16;14,5;45;37;39;64;4,9;2,2;
2021/04/15;1800 UTC;0;935,6;936,2;935,6;2219,7;31,1;14,6;31,9;30,2;15,3;14;40;34;37;345;4,9;,8;
2021/04/15;1900 UTC;0;935,4;935,7;935,4;1464,6;30,7;14,6;31,5;30,4;14,9;13,5;38;35;38;64;3,5;1;
2021/04/15;2000 UTC;0;935,6;935,6;935,4;170,2;28,8;14,7;30,8;28,8;15,4;13,8;43;36;42;62;2,7;,1;
2021/04/15;2100 UTC;0;935,5;935,7;935,5;18,8;26,1;15,9;28,8;26,1;16,1;14,5;53;42;53;171;1,4;0;
2021/04/15;2200 UTC;0;935,9;935,9;935,6;;24,1;17,6;26,2;24,1;17,6;15,7;67;53;67;309;1,3;,5;
2021/04/15;2300 UTC;0;936,5;936,5;935,9;;23,8;17,3;24,4;23,8;17,7;16,7;68;63;67;272;1,7;0;
2021/04/16;0000 UTC;0;937,1;937,1;936,5;;23,4;17,4;23,8;22,9;17,4;16,9;70;66;69;248;0;0;
2021/04/16;0100 UTC;0;937,2;937,3;937;;22,3;16,7;23,6;22,3;17,4;16,7;71;67;71;303;0;0;
2021/04/16;0200 UTC;0;937,3;937,4;937,2;;22,4;16,4;22,5;22,1;16,8;16,3;71;69;69;268;1,6;,1;
2021/04/16;0300 UTC;0;937,2;937,4;937,2;;21,6;16,3;22,4;21,4;16,5;16,3;74;69;72;253;2,1;,4;
2021/04/16;0400 UTC;0;936,9;937,2;936,9;;21,1;16,4;22;21,1;16,6;16,3;75;70;75;308;1,6;,1;
2021/04/16;0500 UTC;0;936,5;936,9;936,5;;22;16,1;22,3;21;16,7;16;75;69;69;190;1,7;0;
2021/04/16;0600 UTC;0;936,3;936,5;936,2;;20,4;16,2;22;20,4;16,4;16,1;77;69;77;160;0;0;
2021/04/16;0700 UTC;0;936,3;936,3;936,2;;19,8;16,2;20,5;19,8;16,5;16,2;80;77;80;332;0;0;
2021/04/16;0800 UTC;0;936,3;936,3;936,2;;19,9;16,3;19,9;19,5;16,4;16,2;81;80;80;208;1,5;0;
2021/04/16;0900 UTC;0;936,9;936,9;936,3;;20,1;16,3;20,1;19,6;16,4;16,1;80;79;79;212;0;0;
2021/04/16;1000 UTC;0;937,6;937,6;936,9;279;22;17,2;22,3;20,1;17,4;16,3;79;73;74;10;1,5;0;
2021/04/16;1100 UTC;0;938,1;938,1;937,6;806,5;25,2;17,8;25,4;22;18,1;17,1;75;63;63;54;1,5;,1;
2021/04/16;1200 UTC;0;938,5;938,5;938,1;1815,4;27,5;17,3;28;24,9;18,7;17,3;66;53;54;75;3,4;1,5;
2021/04/16;1300 UTC;0;938,4;938,7;938,4;2506,4;28,9;16,1;29,3;27,3;17,6;15,2;55;44;46;80;4,7;1,9;
2021/04/16;1400 UTC;0;937,9;938,4;937,9;2878,7;29;15,7;30,1;28,5;16,8;15,4;48;43;45;37;5,5;2,1;
2021/04/16;1500 UTC;0;936,9;937,9;936,9;3244,7;30,8;15,6;31,1;29;16,5;15,2;45;39;40;77;6,1;2,2;
2021/04/16;1600 UTC;0;936,1;936,9;936,1;3068,2;31,5;14,4;31,8;29,1;16,3;14,1;43;35;36;86;5,5;2;
2021/04/16;1700 UTC;0;935,3;936,1;935,3;2795,8;31,1;14;32;30,5;15,7;14;40;34;35;64;6,5;1,4;
2021/04/16;1800 UTC;0;934,6;935,3;934,5;2362,6;31,5;14,7;32,1;30,9;14,9;13,5;38;33;36;23;5,1;1,4;
2021/04/16;1900 UTC;0;934,2;934,6;934,2;1111;29,3;16;31,6;29,2;16;14,3;45;36;45;350;4;1,4;
2021/04/16;2000 UTC;0;934,4;934,5;934,3;154,8;27,2;16,5;29,3;27,2;17,3;16,1;53;45;52;300;3,3;1,1;
2021/04/16;2100 UTC;0;934,3;934,5;934,3;28,9;25,9;17,1;27,2;25,9;17,1;16,4;58;52;58;318;3,1;,5;
2021/04/16;2200 UTC;0;934,8;934,8;934,3;;25,6;18;25,9;25,6;18,2;17,2;63;58;63;290;1,9;0;
2021/04/16;2300 UTC;0;935,6;935,6;934,8;;25;18,1;25,6;24,9;18,5;17,8;67;62;66;268;1,7;,2;
2021/04/17;0000 UTC;0;936;936;935,6;;24;18,6;25,2;24;18,6;17,7;72;64;72;311;1,5;,7;
2021/04/17;0100 UTC;0;936,3;936,3;936;;23,8;17,9;24,2;23,8;18,7;17,3;72;66;69;264;1,9;,8;
2021/04/17;0200 UTC;0;936,2;936,3;936,1;;23,3;17,3;23,9;22,9;18;17,2;74;67;69;272;1,7;,6;
2021/04/17;0300 UTC;0;936,2;936,2;936,1;;22,9;17,5;23,5;22,9;17,7;16,9;72;67;72;310;1,7;,1;
2021/04/17;0400 UTC;0;936;936,2;935,9;;22,2;17,3;22,9;22,2;17,6;16,7;74;68;74;277;1,2;0;
2021/04/17;0500 UTC;0;935,7;936;935,7;;22,2;17,1;22,5;22;17,5;17;75;71;73;255;1,7;,8;
2021/04/17;0600 UTC;0;936,9;936,9;935,7;;21,1;18,1;22,8;21,1;18,1;16,8;83;70;83;214;5,6;1,4;
2021/04/17;0700 UTC;2,4;937,3;937,4;936,9;;19,9;18,6;21,1;19,9;18,7;18,1;92;83;92;145;6,2;,7;
2021/04/17;0800 UTC;3;937,8;937,8;937,3;;19,8;18,6;20;19,8;18,7;18,5;93;92;93;120;5;,3;
2021/04/17;0900 UTC;3;938,5;938,6;937,8;;19,7;18,7;19,8;19,5;18,7;18,4;93;93;93;267;3,5;0;
2021/04/17;1000 UTC;1,2;938,4;938,6;938,4;58,4;19,7;18,6;20;19,6;19;18,5;94;93;93;94;3,6;2;
2021/04/17;1100 UTC;0;939,1;939,2;938,4;404,5;20,3;19;20,4;19,6;19,2;18,5;94;92;92;91;4,4;1,9;
2021/04/17;1200 UTC;0;939,4;939,4;938,9;622,8;21;19;21,2;20,2;19,5;18,8;93;88;88;83;4,5;1,5;
2021/04/17;1300 UTC;0;939,3;939,6;939,2;2008;23,3;19;24,2;21;20;18,9;90;75;77;84;5,4;2,9;
2021/04/17;1400 UTC;0;938,7;939,3;938,7;3102,8;26,5;19,8;26,5;23,3;20,1;18,7;80;66;67;48;5,4;1,6;
2021/04/17;1500 UTC;0;937,5;938,7;937,5;2494,3;26,8;19,7;27;25,3;20,2;18,2;69;61;65;10;5;1,7;
2021/04/17;1600 UTC;0;936,5;937,5;936,5;1841,8;27,2;18,9;28,4;26,2;20,4;18,2;66;57;60;330;6,1;2,7;
2021/04/17;1700 UTC;0;935,4;936,5;935,4;1888,7;27,7;17;28;25,9;18,8;17;62;52;52;281;6,1;1,1;
2021/04/17;1800 UTC;0;934,4;935,4;934,4;2366;28,5;18,5;28,8;27,3;19;17,1;58;52;55;319;3,7;,9;
2021/04/17;1900 UTC;0;934,5;934,5;934,1;1273;28;18,1;28,9;27,9;19,1;17,5;57;51;55;354;4,3;1,7;
2021/04/17;2000 UTC;0;934,7;934,8;934,4;218;26,1;18,4;28,3;26,1;19;17,3;64;52;63;352;3,9;,5;
2021/04/17;2100 UTC;0;934,8;934,8;934,5;30,5;24,7;19,8;26,1;24,6;19,8;18,3;75;63;74;290;2;,4;
2021/04/17;2200 UTC;0;935,6;935,6;934,8;;24,3;19,7;24,7;24;20;19,6;77;74;76;272;1,7;0;
2021/04/17;2300 UTC;0;936,1;936,1;935,6;;23,2;19,7;24,3;23,2;20;19,6;81;76;81;279;1,4;,4;
2021/04/18;0000 UTC;0;937;937;936,1;;23;19,9;23,3;23;20,1;19,7;83;81;83;275;1,7;,3;
2021/04/18;0100 UTC;,2;937,2;937,3;937;;22,6;20,1;23,3;22,6;20,1;19,7;85;81;85;276;3,5;,4;
2021/04/18;0200 UTC;0;937,6;937,6;937,1;;21,7;19,4;22,7;21,7;20,2;19,4;88;84;87;121;3,5;1,1;
2021/04/18;0300 UTC;0;937,2;937,7;937,2;;20,5;18,6;21,7;20,5;19;18,4;89;86;88;58;3,5;,1;
2021/04/18;0400 UTC;0;936,6;937,3;936,6;;20,5;18,7;20,6;20,3;18,8;18,4;90;88;90;332;1,8;,5;
2021/04/18;0500 UTC;0;936,1;936,6;936,1;;20,7;19;21;20,4;19,2;18,6;90;88;90;293;2,5;,3;
2021/04/18;0600 UTC;0;935,9;936,1;935,8;;21;19,2;21;20,7;19,3;19;90;89;90;277;1,7;,3;
2021/04/18;0700 UTC;0;936;936;935,7;;20,7;19,2;21,1;20,7;19,4;19,1;91;90;91;294;1,8;,1;
2021/04/18;0800 UTC;0;936,3;936,3;936;;20,8;19,1;21;20,7;19,4;18,9;91;90;90;281;1,8;,1;
2021/04/18;0900 UTC;0;936,8;936,8;936,3;;20,9;19;21,1;20,8;19,3;19;90;89;89;1;1,7;,1;
2021/04/18;1000 UTC;0;937,2;937,2;936,8;105,1;21,6;19;21,6;20,8;19,1;18,8;89;85;85;79;1,8;0;
2021/04/18;1100 UTC;0;937,7;937,7;937,2;825,9;23,1;19,5;23,3;21,4;19,9;19;88;79;80;138;2,2;,5;
2021/04/18;1200 UTC;0;938;938;937,7;1300,6;25;19,8;25,2;23;20,3;19,2;81;73;73;193;2,3;,6;
2021/04/18;1300 UTC;,2;938,1;938,3;938;2231,6;27;19,5;27,1;24,9;20,7;19;75;63;63;152;3,3;1,2;
2021/04/18;1400 UTC;0;937,4;938,1;937,4;2297,5;27;18,7;28,5;26,5;20;18,7;65;57;60;211;3,3;,4;
2021/04/18;1500 UTC;2;936,7;937,4;936,4;965,7;25,1;19,9;27,6;25,1;20,1;18,7;73;58;73;15;3;,8;
2021/04/18;1600 UTC;4;936,5;936,8;936,4;541,4;23,2;19,2;25;21,6;20,3;17,8;86;73;79;24;7;,8;
2021/04/18;1700 UTC;0;935,2;936,5;935,2;1956,4;27,1;20,4;27,3;23,2;21,9;19,1;82;65;67;327;3,8;1,7;
2021/04/18;1800 UTC;0;934,8;935,2;934,7;2249;28,2;18,6;29,2;26,7;20,4;18,1;68;52;56;329;3,6;1;
2021/04/18;1900 UTC;0;934,5;934,8;934,4;624,4;26,4;18,8;28,2;26,4;19,5;18,1;64;56;63;80;3,1;,5;
2021/04/18;2000 UTC;0;934,8;934,8;934,4;322,3;25,7;19,6;27,2;25,7;19,7;18,5;69;61;69;84;2,9;,9;
2021/04/18;2100 UTC;0;935;935;934,7;30,2;23,4;20,1;25,7;23,4;20,2;19,5;81;69;81;136;1,8;,1;
2021/04/18;2200 UTC;0;935,5;935,5;935;;22,8;19,1;23,7;22,6;20,3;18,8;84;79;80;294;2,4;0;
2021/04/18;2300 UTC;0;936,1;936,1;935,5;;21,7;19,4;23;21,6;19,8;19,1;87;80;87;319;1,7;0;
2021/04/19;0000 UTC;0;936,6;936,7;936,1;;21,3;19;21,7;21,1;19,4;18,8;88;86;87;234;2,6;,8;
2021/04/19;0100 UTC;0;936,8;937;936,6;;20,8;19;21,4;20,8;19,2;18,9;89;87;89;260;1,2;0;
2021/04/19;0200 UTC;0;937;937,1;936,6;;20,5;18,8;20,9;20,4;19,1;18,7;90;89;90;269;1,6;,2;
2021/04/19;0300 UTC;0;936,8;937,1;936,8;;20,4;18,6;20,7;20,3;18,9;18,5;90;89;89;288;1,8;0;
2021/04/19;0400 UTC;0;936,8;936,9;936,7;;20,2;18,5;20,5;20,2;18,7;18,5;90;89;90;293;2,1;,1;
2021/04/19;0500 UTC;0;936,6;936,9;936,6;;20,3;18,6;20,9;20,2;18,9;18,5;91;88;90;61;1,7;,1;
2021/04/19;0600 UTC;0;936,4;936,6;936,4;;20,4;18,9;20,4;20,2;18,9;18,6;91;90;91;259;1,5;,1;
2021/04/19;0700 UTC;0;936,3;936,5;936,3;;20,1;18,3;20,4;20,1;18,9;18,3;91;90;90;277;1,9;,4;
2021/04/19;0800 UTC;,2;936,4;936,4;936,2;;19,8;17,7;20,1;19,7;18,3;17,7;90;88;88;268;1,8;,8;
2021/04/19;0900 UTC;0;937,3;937,3;936,4;;19,6;17,8;19,8;19,6;17,8;17,5;89;87;89;300;2,3;,1;
2021/04/19;1000 UTC;0;938,1;938,1;937,3;217,9;21,5;18,5;21,5;19,6;18,5;17,8;90;83;83;297;2,2;,4;
2021/04/19;1100 UTC;0;938,4;938,4;938,1;1095,4;24,1;19,4;24,1;21,4;19,6;18,1;83;73;75;239;2,3;,5;
2021/04/19;1200 UTC;0;938,6;938,6;938,3;1889,4;26,5;19,1;26,6;24;19,9;18,9;75;64;64;145;2,5;,6;
2021/04/19;1300 UTC;0;938,5;938,7;938,5;2656,6;27,2;19;27,3;25,7;19,6;17,9;66;58;61;130;3,9;1,3;
2021/04/19;1400 UTC;0;938,1;938,5;938,1;2407,7;26,7;18;28;26,2;19,2;16,7;62;52;59;198;4,5;,5;
2021/04/19;1500 UTC;0;937,4;938,1;937,4;1850,1;28;17,6;29,3;26;19;17,2;62;52;53;108;4,1;1,6;
2021/04/19;1600 UTC;0;936,5;937,4;936,5;3185;28,5;17;29,6;27,7;18,2;16,3;55;46;50;123;4,5;1,2;
2021/04/19;1700 UTC;0;936;936,5;936;2001,5;28,5;15,9;30,8;27,4;18,2;15,8;54;41;46;159;4,2;,9;
2021/04/19;1800 UTC;0;935,3;936;935,3;2024,9;29,5;16,9;30;27,9;17,1;15,1;51;43;47;132;4,2;1,7;
2021/04/19;1900 UTC;0;934,9;935,4;934,9;1035,5;27,7;16,4;30,4;27,7;17,4;14,8;50;40;50;144;5;1,7;
2021/04/19;2000 UTC;0;935,1;935,1;934,9;161,3;26,3;17,3;28;26,3;17,3;16,5;58;50;58;126;5,1;,6;
2021/04/19;2100 UTC;0;935,4;935,5;935,1;37,9;24,9;17,7;26,4;24,8;18,1;17,2;65;57;64;130;2,6;,2;
2021/04/19;2200 UTC;0;936,1;936,1;935,3;;24,3;17,1;24,9;23,9;18,3;17,1;69;64;64;128;1,7;,4;
2021/04/19;2300 UTC;0;936,8;936,8;936;;23,7;17,7;24,3;23,5;17,8;17,1;70;64;69;135;2;,2;
2021/04/20;0000 UTC;0;937,8;937,8;936,8;;22,7;17,7;23,7;22,7;17,9;17,5;74;68;73;200;1,5;0;
2021/04/20;0100 UTC;0;937,6;937,8;937,6;;21,2;17,7;22,7;21,2;18,1;17,4;80;73;80;327;0;0;
2021/04/20;0200 UTC;0;937,9;937,9;937,6;;20,5;17,3;21,2;20,5;17,9;17,1;83;79;82;316;0;0;
2021/04/20;0300 UTC;0;938,1;938,2;937,8;;20;17,3;20,5;20;17,4;16,8;84;80;84;263;0;0;
2021/04/20;0400 UTC;0;937,5;938,1;937,5;;19,7;16,8;20,1;19,6;17,3;16,7;84;83;83;253;1,3;,2;
2021/04/20;0500 UTC;0;936,7;937,5;936,7;;19,4;16,6;19,8;19,4;16,9;16,6;85;83;84;236;1,3;0;
2021/04/20;0600 UTC;0;936,6;936,9;936,6;;18,9;16,4;19,4;18,8;16,7;16,3;86;84;86;255;1,3;0;
2021/04/20;0700 UTC;0;936,7;936,7;936,6;;18,1;16;18,9;18,1;16,4;16;88;86;88;267;0;0;
2021/04/20;0800 UTC;0;937,1;937,2;936,7;;18,2;16;18,3;18;16,1;15,8;88;86;87;256;1,6;0;
2021/04/20;0900 UTC;0;937,7;937,7;937,1;;17,8;15,9;18,3;17,6;16,1;15,7;89;86;88;264;,8;0;
2021/04/20;1000 UTC;0;938,5;938,5;937,7;257,1;19,6;16,2;19,7;17,8;16,6;15,8;88;81;81;330;1;0;
2021/04/20;1100 UTC;0;939,2;939,2;938,5;1041,5;22,9;16,9;22,9;19,5;17,2;15,8;82;69;69;95;2,2;,8;
2021/04/20;1200 UTC;0;939,7;939,7;939,2;1887,8;24,1;16,8;24,3;22,3;17,2;15,8;71;61;64;102;2,7;1,2;
2021/04/20;1300 UTC;0;939,7;939,9;939,7;2512,2;25,6;16,3;25,9;23,5;17,3;15,9;65;56;57;102;4,4;2,2;
2021/04/20;1400 UTC;0;938,9;939,7;938,9;2842,2;26,3;15,1;27;25;17,1;14,9;59;49;50;149;4,4;1,3;
2021/04/20;1500 UTC;0;937,9;938,9;937,9;3239,5;27,8;13,4;28,2;26,3;16,6;13;53;40;41;159;5,9;1,2;
2021/04/20;1600 UTC;0;937,2;937,9;937,2;2887,4;27,4;13;29,1;27,4;15,1;11,7;45;36;41;144;3,9;1,6;
2021/04/20;1700 UTC;0;936,3;937,2;936,3;2532,7;29,2;14,3;29,2;27,3;15;12,4;45;37;40;119;5,6;1,8;
2021/04/20;1800 UTC;0;935,8;936,3;935,8;2351,2;29,5;11,5;29,9;28,3;14,8;11,5;43;33;33;205;5,6;1;
2021/04/20;1900 UTC;0;935,7;935,8;935,7;1431,1;27,5;13,9;30;27,5;14,8;11,7;44;33;43;134;4,9;2,1;
2021/04/20;2000 UTC;0;935,9;936;935,7;172,9;26,1;14,5;27,7;26,1;15;13,9;49;43;49;134;4,7;1,7;
2021/04/20;2100 UTC;0;936;936;935,9;23,6;23,7;15,5;26,1;23,7;15,5;14,4;60;49;60;133;3,4;,2;
2021/04/20;2200 UTC;0;936,6;936,6;936;;22,6;15,2;23,8;22,6;16;15,2;65;60;63;225;1,6;0;
2021/04/20;2300 UTC;0;937,4;937,4;936,6;;21,9;14,9;22,6;21,7;15,5;14,7;66;61;65;158;1,1;0;
2021/04/21;0000 UTC;0;937,9;937,9;937,4;;20,7;15,6;21,9;20,7;15,8;14,5;72;63;72;333;1,6;0;
2021/04/21;0100 UTC;0;938;938,1;937,9;;20,1;16;20,7;20,1;16;15,6;77;73;77;249;0;0;
2021/04/21;0200 UTC;0;938;938,1;938;;19,6;15,3;20,2;19,6;16;14,8;77;72;76;91;0;0;
2021/04/21;0300 UTC;0;937,9;938;937,9;;19,2;14,8;20,1;19,2;15,3;14,4;76;70;76;235;1,6;0;
2021/04/21;0400 UTC;0;937,2;937,9;937,2;;18,7;14,8;19,3;18,7;15,1;14,6;79;74;78;144;1,9;0;
2021/04/21;0500 UTC;0;937;937,2;936,9;;18,1;14,6;18,8;17,9;14,9;14,5;81;76;80;260;1,4;,1;
2021/04/21;0600 UTC;0;936,7;937;936,6;;17,4;14,6;18,1;17,2;14,6;14,3;84;80;83;233;1,1;,2;
2021/04/21;0700 UTC;0;936,4;936,7;936,4;;16,7;14,2;17,5;16,7;14,7;14,2;85;82;85;264;1,1;0;
2021/04/21;0800 UTC;0;936,7;936,7;936,4;;16,5;13,9;17;16,5;14,3;13,8;86;83;85;298;1,4;0;
2021/04/21;0900 UTC;0;937,4;937,4;936,7;;15,9;13,7;16,5;15,8;13,9;13,6;87;85;87;257;0;0;
2021/04/21;1000 UTC;0;938,1;938,2;937,4;232,2;18,9;14,9;18,9;15,9;15;13,7;87;78;78;269;0;0;
2021/04/21;1100 UTC;0;938,7;938,7;938,1;1114,4;21,5;14,8;21,5;18,9;15,3;14,1;78;65;66;207;1,4;,1;
2021/04/21;1200 UTC;0;939,3;939,3;938,7;1935,6;23,5;14,3;23,7;21,4;15,5;14,1;66;55;56;116;3,8;1,5;
2021/04/21;1300 UTC;0;939,3;939,4;939,3;2593;25;14,7;25,2;23,3;15,6;14,1;58;52;53;100;4,5;1,6;
2021/04/21;1400 UTC;0;938,7;939,3;938,7;3050,9;26,5;13,1;26,9;25;15,9;12,5;55;43;44;101;5;1,3;
2021/04/21;1500 UTC;0;937,9;938,7;937,9;3317,6;27,2;12;27,7;26,1;13,4;11,6;46;38;39;164;5,6;2,2;
2021/04/21;1600 UTC;0;937,1;937,9;937,1;3126,4;28,8;9,7;29,2;26,4;12,5;9,1;41;30;30;317;4,9;1,2;
2021/04/21;1700 UTC;0;936,3;937,1;936,3;2877,5;28,5;7,6;29,4;28,1;11,2;7,6;34;27;27;243;5,5;2,7;
2021/04/21;1800 UTC;0;935,9;936,3;935,9;2344,5;28,8;9,1;29,8;28,3;10,1;8,2;30;26;29;246;6;2,5;
2021/04/21;1900 UTC;0;935,9;935,9;935,8;1206,3;28,5;9,7;29,3;28,4;10;8,3;32;27;31;232;7,7;1;
2021/04/21;2000 UTC;0;936,1;936,2;935,9;123,7;26,3;10,5;28,5;26,3;10,9;9,3;38;31;37;230;4,7;,9;
2021/04/21;2100 UTC;0;936,4;936,4;936,1;20,6;23,4;12;26,3;23,4;12,4;10,4;49;37;49;202;3,1;0;
2021/04/21;2200 UTC;0;937;937;936,4;;21,7;12;23,4;21,7;12,4;11,5;55;48;54;327;1,1;0;
2021/04/21;2300 UTC;0;937,7;937,7;937;;20,3;13,3;21,7;20,3;13,5;11,9;65;54;64;265;1,8;,6;
2021/04/22;0000 UTC;0;938,2;938,2;937,7;;19,3;12,8;20,3;19,3;13,3;12,7;67;64;66;258;2;,9;
2021/04/22;0100 UTC;0;938,4;938,5;938,2;;18,9;11,8;19,3;18,8;12,8;11,8;66;63;64;274;2,7;1,1;
2021/04/22;0200 UTC;0;938,4;938,5;938,3;;18,2;11,8;18,9;18,2;12,1;11,6;67;63;66;257;2,7;,8;
2021/04/22;0300 UTC;0;938,1;938,4;938,1;;17,8;11,8;18,2;17,8;12;11,8;69;66;68;267;2;,8;
2021/04/22;0400 UTC;0;937,3;938,1;937,3;;18;11,8;18,1;17,6;11,9;11,7;69;67;67;257;2;,9;
2021/04/22;0500 UTC;0;937;937,3;936,9;;17,2;11,7;18;17,1;11,8;11,4;70;67;70;269;2,2;,6;
2021/04/22;0600 UTC;0;936,9;937;936,9;;17,3;11,5;17,3;16,8;11,8;11,5;72;69;69;260;1,9;,7;
2021/04/22;0700 UTC;0;937;937,1;936,9;;16,6;11,9;17,3;16,5;12;11,5;74;69;74;258;1,9;,3;
2021/04/22;0800 UTC;0;937,6;937,6;937;;16,5;12,3;16,7;16,2;12,3;11,9;77;74;77;290;1,4;0;
2021/04/22;0900 UTC;0;938,2;938,2;937,6;;16,2;12,6;16,6;16;12,7;12,2;79;76;79;269;0;0;
2021/04/22;1000 UTC;0;938,8;938,8;938,2;248,8;19,3;14,1;19,3;16,3;14,1;12,5;79;70;72;245;1,9;,5;
2021/04/22;1100 UTC;0;939,3;939,3;938,8;1090,9;22,4;13,5;22,4;19,4;13,9;13;72;57;57;186;3;,3;
2021/04/22;1200 UTC;0;939,9;939,9;939,3;1902,2;24,5;13,8;24,6;22,2;14,4;12,9;58;51;51;244;2,4;,3;
2021/04/22;1300 UTC;0;939,8;939,9;939,8;2558;25,1;13,3;25,6;24;14,4;12,5;53;45;48;124;5,3;2,3;
2021/04/22;1400 UTC;0;939,3;939,9;939,3;2993,2;26,8;13,7;26,8;25,1;14,2;12,8;50;44;45;119;5,3;2,3;
2021/04/22;1500 UTC;0;938,1;939,3;938,1;2687,4;27,5;11,5;27,6;25,8;13,9;10,3;45;36;37;163;4,6;1,3;
2021/04/22;1600 UTC;0;937;938,1;937;3155,4;28,4;11,7;28,5;27;12,3;11;39;35;36;72;6,4;1,3;
2021/04/22;1700 UTC;0;936;937;936;2842,1;28,1;11,6;28,8;27,5;12,8;11;38;33;36;90;5,1;2,6;
2021/04/22;1800 UTC;0;935,5;936;935,5;2279,4;28,2;12,1;28,9;27,7;12,3;10,8;38;34;37;77;4,7;1,7;
2021/04/22;1900 UTC;0;935,5;935,5;935,4;1100,5;27,7;12;28,7;27,6;12,9;11,2;40;35;38;129;5,1;,6;
2021/04/22;2000 UTC;0;935,8;935,8;935,4;128,8;26;12,3;28,3;26;12,3;11,3;43;35;43;132;3,7;1,4;
2021/04/22;2100 UTC;0;936,2;936,2;935,8;20,8;23,4;13,9;26;23,4;14,1;11,9;56;42;55;212;2,7;0;
2021/04/22;2200 UTC;0;936,7;936,7;936,2;;22,1;13,8;23,4;22,1;13,9;13;59;53;59;324;,5;0;
2021/04/22;2300 UTC;0;937,2;937,2;936,7;;20,5;14,3;22,1;20,4;14,6;13,7;68;59;68;268;1,9;,3;
2021/04/23;0000 UTC;0;937,5;937,5;937,2;;20;13,8;20,7;20;14,3;13,8;68;66;68;268;1,8;,8;
2021/04/23;0100 UTC;0;937,6;937,6;937,4;;19,1;13,8;20;19,1;14,1;13,7;72;68;72;260;1,6;,2;
2021/04/23;0200 UTC;0;937,8;937,9;937,6;;19;13,5;19,2;18,7;14;13,4;74;70;70;259;2;,4;
2021/04/23;0300 UTC;0;937,9;938;937,8;;18,7;13,3;19,1;18,3;13,6;13,3;74;70;71;256;2,3;,9;
2021/04/23;0400 UTC;0;937,7;937,9;937,6;;18,3;13,2;18,7;18;13,4;13,2;73;71;72;258;2;,9;
2021/04/23;0500 UTC;0;937,7;937,8;937,6;;17,7;12,9;18,3;17,7;13,2;12,9;73;72;73;261;1,9;,6;
2021/04/23;0600 UTC;0;937,8;937,8;937,6;;17,3;12,7;17,7;17,1;13;12,7;76;73;74;252;1,8;1,1;
2021/04/23;0700 UTC;0;937,6;937,8;937,5;;16,9;12,7;17,3;16,8;12,8;12,6;77;74;76;247;1,8;0;
2021/04/23;0800 UTC;0;938;938,1;937,6;;16,5;12,8;16,9;16,5;12,9;12,7;79;76;79;259;,9;,2;
2021/04/23;0900 UTC;0;938,3;938,4;937,9;,7;16,9;12,7;16,9;16,5;12,9;12,7;79;76;76;249;1,7;,6;
2021/04/23;1000 UTC;0;939,3;939,3;938,3;189;18;13,1;18;16,7;13,3;12,6;78;73;73;255;1,6;0;
2021/04/23;1100 UTC;0;939,6;939,6;939,2;968,6;22,3;12,1;22,3;18;14,4;11,7;75;52;53;134;1,9;,5;
2021/04/23;1200 UTC;0;940;940;939,5;1936,2;25,1;11,2;25,3;22,3;13;11,1;54;42;42;182;2,5;,5;
2021/04/23;1300 UTC;0;939,4;940,2;939,3;2581,3;26,4;11,5;26,4;24,6;12,4;10,3;46;38;39;127;5,8;2,1;
2021/04/23;1400 UTC;0;938,9;939,4;938,8;2987,3;27,4;10,5;27,8;26;12,3;9,9;41;33;35;144;5;1,8;
2021/04/23;1500 UTC;0;938;938,9;938;3208,3;28,1;12,4;29,1;27,2;13,1;9,7;39;33;38;61;5,7;1,5;
2021/04/23;1600 UTC;0;937;938;937;3122,3;29;11,2;29,6;27,8;13,1;10,8;39;32;33;132;4,9;1,6;
2021/04/23;1700 UTC;0;935,7;937;935,7;2830,4;29,2;11,4;30,1;28,6;12,1;10,7;35;31;33;19;4,5;1,4;
2021/04/23;1800 UTC;0;935,1;935,7;935,1;2301,9;29,1;11;29,9;29;12,1;9,8;35;30;33;93;5,8;1,9;
2021/04/23;1900 UTC;0;935,2;935,2;935;1059,9;28,9;12,7;29,9;28,8;13,7;11,1;38;33;37;123;4;,7;
2021/04/23;2000 UTC;0;935,6;935,6;935,2;123,1;26,7;12,4;29,4;26,7;13,1;11,9;41;35;41;143;2,5;0;
2021/04/23;2100 UTC;0;935,8;935,8;935,5;15,9;24,6;13,7;26,7;24,4;13,7;12,4;51;41;51;168;1,1;0;
2021/04/23;2200 UTC;0;936,5;936,5;935,8;;22,2;15,4;24,6;22,1;15,5;13,5;66;50;66;289;1,7;0;
2021/04/23;2300 UTC;0;937,3;937,3;936,5;;21,3;14,8;22,3;20,7;15,6;14,7;70;64;66;259;1,2;0;
2021/04/24;0000 UTC;0;937,4;937,5;937,3;;20,5;14,5;21,3;20,5;14,9;14,5;69;66;69;277;1,6;,6;
2021/04/24;0100 UTC;0;937,6;937,6;937,2;;19,8;14,1;20,5;19,8;14,7;14,1;71;69;69;257;1,8;1,1;
2021/04/24;0200 UTC;0;937,5;937,7;937,5;;19,3;13,6;19,8;19,3;14,2;13,6;72;69;69;252;1,8;,5;
2021/04/24;0300 UTC;0;937,4;937,6;937,4;;18,9;13,3;19,3;18,7;13,7;13,3;72;69;70;256;2,3;,8;
2021/04/24;0400 UTC;0;937,2;937,4;937,1;;18;13;18,9;18;13,3;13;73;70;73;267;2;,6;
2021/04/24;0500 UTC;0;936,6;937,2;936,6;;18;12,9;18,2;17,8;13,2;12,9;74;72;72;261;2,3;,5;
2021/04/24;0600 UTC;0;936,8;936,8;936,6;;17,4;13;18,1;17,2;13,1;12,8;76;72;75;258;1,7;1;
2021/04/24;0700 UTC;0;936,6;936,8;936,4;;17,4;12,7;17,4;17,1;13;12,6;76;74;74;249;1,7;,9;
2021/04/24;0800 UTC;0;937;937;936,6;;16,9;12,3;17,4;16,9;12,7;12,3;75;73;74;253;1,7;,6;
2021/04/24;0900 UTC;0;937,7;937,7;937;;16,9;12,2;17;16,6;12,3;11,9;75;72;74;275;1,9;,3;
2021/04/24;1000 UTC;0;938,4;938,4;937,7;238,8;19,3;13,5;19,3;16,2;13,5;12,1;77;68;69;258;1,6;0;
2021/04/24;1100 UTC;0;939;939;938,3;1091,4;23,2;12,1;23,4;19,3;13,9;12,1;69;50;50;225;1,3;0;
2021/04/24;1200 UTC;0;939,3;939,3;939;1894,2;24,3;13,4;24,3;23;13,8;11,9;54;48;51;117;3,8;1,2;
2021/04/24;1300 UTC;0;939,1;939,4;939;2530,5;26,1;13,4;26,2;24;14,2;12,5;52;44;45;110;4,6;2;
2021/04/24;1400 UTC;0;938,4;939,2;938,4;2944,7;27,8;12,6;28;25,8;13,8;12,1;46;39;39;98;4,4;1,6;
2021/04/24;1500 UTC;0;937,1;938,4;937,1;3160,3;28,6;13,6;29;27,7;13,9;12,5;42;37;40;78;4,8;2,3;
2021/04/24;1600 UTC;0;936,4;937,1;936,3;3049,3;30,3;12,8;30,4;28,6;14;12,6;40;34;34;51;10,3;1,9;
2021/04/24;1700 UTC;0;935,5;936,4;935,5;2752,6;31,1;12,1;31,3;29,6;13,7;11,2;36;30;31;346;10,3;1,6;
2021/04/24;1800 UTC;0;934,7;935,5;934,7;2213,8;30,3;11,6;31,1;30;12,9;11,3;34;30;32;341;5,5;1,8;
2021/04/24;1900 UTC;0;934,9;934,9;934,7;998,4;29,7;12;30,5;29,6;12,1;10,9;34;30;34;353;5;2;
2021/04/24;2000 UTC;0;934,8;934,9;934,7;126,7;27,6;12,7;29,7;27,6;12,9;11,8;40;33;40;346;4,6;1,8;
2021/04/24;2100 UTC;0;934,7;934,9;934,7;12,6;25,6;14,3;27,6;25,6;14,3;12,4;50;39;50;268;3,7;1,6;
2021/04/24;2200 UTC;0;935,5;935,5;934,7;;24,2;15;25,6;24,1;15;14,3;56;50;56;273;2,9;1,5;
2021/04/24;2300 UTC;0;936,4;936,4;935,5;;22,7;15,1;24,2;22,7;15,3;14,9;62;56;62;270;2,7;,7;
2021/04/25;0000 UTC;0;937,2;937,2;936,4;;22,4;15;23;22,3;15,2;14,9;63;61;63;273;2,1;1,1;
2021/04/25;0100 UTC;0;937,4;937,4;937,2;;22,1;15;22,4;22,1;15,2;14,9;64;63;64;264;2,2;,9;
2021/04/25;0200 UTC;0;937,6;937,6;937,4;;21,6;15,1;22,1;21,6;15,2;15;67;64;66;267;2,6;1,3;
2021/04/25;0300 UTC;0;937,4;937,7;937,4;;21,1;15,1;21,7;21,1;15,2;15;69;66;68;262;2,2;1,1;
2021/04/25;0400 UTC;0;937;937,4;937;;20,9;15,1;21,2;20,9;15,1;15;70;68;69;263;2,1;,9;
2021/04/25;0500 UTC;0;936,5;937,1;936,5;;19,7;15;20,9;19,7;15,2;14,9;75;69;75;273;1,7;0;
2021/04/25;0600 UTC;0;936,5;936,6;936,4;;19,3;15;19,7;19,2;15,3;15;77;75;76;264;,5;0;
2021/04/25;0700 UTC;0;936,5;936,6;936,4;;18,5;15,1;19,3;18,4;15,2;15;81;76;81;264;1,6;,7;
2021/04/25;0800 UTC;0;936,8;936,8;936,5;;18,4;15;18,5;18;15,2;14,8;82;81;81;264;1,6;,2;
2021/04/25;0900 UTC;0;937,3;937,3;936,8;,2;18,6;14,8;18,6;17,4;15;14,4;84;79;79;271;2,2;1,2;
2021/04/25;1000 UTC;0;937,7;937,7;937,3;191,1;20;15,3;20;18,6;15,3;14,8;79;74;74;261;2,1;,8;
2021/04/25;1100 UTC;0;937,7;937,8;937,7;808,6;23,8;14,8;24,4;20,1;16,6;14,8;74;56;57;289;1,8;0;
2021/04/25;1200 UTC;0;938,4;938,4;937,7;1499,6;25,6;15;26;23,8;17,3;14,3;62;50;52;203;2;,6;
2021/04/25;1300 UTC;0;937,9;938,4;937,9;1553,6;26,1;14,8;27;25,2;16,7;14,7;56;49;50;87;3,4;1,3;
2021/04/25;1400 UTC;0;937,4;937,9;937,4;2306,8;28,6;14,7;28,6;26,1;15,9;13,2;49;41;43;114;4,8;1,3;
2021/04/25;1500 UTC;0;936,6;937,3;936,6;1654,4;27,6;14,2;28,6;26,9;14,6;13,5;46;41;44;77;3,6;1,5;
2021/04/25;1600 UTC;0;935,8;936,6;935,8;2687,7;30;14;30;27,7;14,9;13,1;44;37;38;233;3,2;,3;
2021/04/25;1700 UTC;0;934,9;935,8;934,9;1866,1;28,8;12,9;30,5;28,6;14,2;12,6;40;35;38;86;3,7;,5;
2021/04/25;1800 UTC;0;934,4;934,9;934,3;987,6;28,2;13,9;28,8;28;14,7;12,8;44;37;41;59;2,5;,8;
2021/04/25;1900 UTC;0;934,4;934,4;934,4;676,1;27,5;14,4;28,2;27,2;14,9;13;46;39;45;112;3;,7;
2021/04/25;2000 UTC;0;935,1;935,1;934,4;251,7;26,3;14,6;27,7;26,2;15;14,2;49;44;48;145;3,9;,3;
2021/04/25;2100 UTC;0;935,7;935,7;935,1;30,4;24,1;15,5;26,3;24,1;15,6;14,5;59;48;59;274;1,7;,1;
2021/04/25;2200 UTC;0;936,7;936,7;935,7;;22,4;17;24,1;22,3;17,2;15,6;72;59;72;262;1,7;,6;
2021/04/25;2300 UTC;0;937,4;937,4;936,7;;21,6;15,8;22,4;21,3;17;15,8;74;70;70;270;2,1;,9;
2021/04/26;0000 UTC;0;937,9;937,9;937,4;;20,9;15,5;21,6;20,7;16,2;15,5;75;70;71;261;2,1;,1;
2021/04/26;0100 UTC;0;937,8;937,9;937,7;;20,3;15,1;20,9;20,3;15,5;15;73;71;72;273;2,5;1,2;
2021/04/26;0200 UTC;0;937,8;937,8;937,6;;20,3;14,7;20,6;20,1;15,1;14,7;72;70;71;262;2,7;1,2;
2021/04/26;0300 UTC;0;937,4;937,8;937,4;;19,8;14,6;20,5;19,6;14,7;14,5;73;70;72;267;2,5;,9;
2021/04/26;0400 UTC;0;936,5;937,4;936,5;;19,4;14,7;20;19,1;14,8;14,5;76;72;74;259;2,3;,9;
2021/04/26;0500 UTC;0;936;936,5;936;;19,3;14,5;19,4;19;14,8;14,5;76;73;73;264;2,1;1,2;
2021/04/26;0600 UTC;0;935,7;936;935,6;;18,8;14,3;19,4;18,8;14,5;14,2;75;73;75;270;2,3;,1;
2021/04/26;0700 UTC;0;935,5;935,7;935,5;;18,7;14,4;19,1;18,2;14,4;14,1;78;74;76;267;1,9;,3;
2021/04/26;0800 UTC;0;935,8;935,8;935,5;;18,7;14,6;19;18,3;14,6;14,3;79;74;77;268;1,6;0;
2021/04/26;0900 UTC;0;936,6;936,6;935,8;;18,8;14,6;19,1;18,7;14,7;14,5;77;75;76;264;,9;0;
2021/04/26;1000 UTC;0;936,9;936,9;936,6;183,1;19,7;15,3;19,7;18,5;15,4;14,6;80;76;76;260;1,5;,2;
2021/04/26;1100 UTC;0;937,2;937,2;936,9;751,3;23;15,6;23;19,7;16,3;15;76;62;63;261;1,6;,1;
2021/04/26;1200 UTC;0;937,6;937,6;937,2;1331,6;25,4;14,7;26,4;23,1;15,9;14,1;63;48;52;179;2,3;,5;
2021/04/26;1300 UTC;0;937,6;937,9;937,6;2009,4;27,1;13,9;27,8;25,1;15,3;13,9;55;44;44;205;2,6;,8;
2021/04/26;1400 UTC;0;937,2;937,6;937,1;2534,5;28,2;14,5;28,5;26,5;15,2;12,2;48;39;43;221;3,2;,8;
2021/04/26;1500 UTC;0;936,6;937,2;936,6;3174,5;29,6;14,1;29,6;28;15,3;13,3;44;37;39;235;4,1;,9;
2021/04/26;1600 UTC;0;935,8;936,6;935,8;2795,6;29,4;13,3;29,8;27,6;14,6;12,9;43;37;37;191;3,3;1,5;
2021/04/26;1700 UTC;0;935,1;935,8;935,1;2343,5;29,8;13,7;31,6;28,9;14,4;12,2;40;32;37;252;4,4;1,5;
2021/04/26;1800 UTC;0;934,8;935,1;934,8;1947,1;30,3;13,9;31,3;29,1;14,5;12,6;40;33;37;297;4,2;,5;
2021/04/26;1900 UTC;0;935;935;934,8;1152,1;29,3;14,2;30,6;28,9;14,6;12,8;41;34;40;215;4,3;,9;
2021/04/26;2000 UTC;0;935,4;935,4;935;237,3;26,9;14,7;29,3;26,9;14,9;13,8;47;39;47;147;3,8;,5;
2021/04/26;2100 UTC;0;935,4;935,5;935,4;15,7;25,9;14,8;26,9;25,9;15,2;14,8;51;47;51;134;2,7;,4;
2021/04/26;2200 UTC;0;935,9;935,9;935,4;;24,7;15,3;25,9;24,7;15,4;14,7;56;50;56;15;1,9;0;
2021/04/26;2300 UTC;0;936,4;936,4;935,9;;24,1;16,1;24,8;24,1;16,1;14,9;61;55;61;184;,6;0;
2021/04/27;0000 UTC;0;937,1;937,1;936,4;;23,5;16,8;24,1;23,5;16,9;16;66;61;66;251;1;0;
2021/04/27;0100 UTC;0;937,3;937,3;937,1;;23,1;17;23,5;23,1;17;16,5;69;66;69;282;,7;0;
2021/04/27;0200 UTC;0;937,3;937,4;937,3;;22,8;16,3;23,1;22,7;17,2;16,2;70;67;67;296;0;0;
2021/04/27;0300 UTC;0;937,2;937,3;937,2;;22,2;16,3;23,2;22,1;16,5;15,5;70;62;69;275;0;0;
2021/04/27;0400 UTC;0;936,4;937,2;936,4;;21,7;16,3;22,3;21,6;16,5;15,6;72;67;72;258;0;0;
2021/04/27;0500 UTC;0;935,9;936,4;935,9;;21,9;16,2;21,9;21,5;16,5;16,1;73;70;70;245;0;0;
2021/04/27;0600 UTC;0;935,9;936;935,8;;21,7;16,4;22,1;21,2;16,6;16,2;74;69;72;134;0;0;
2021/04/27;0700 UTC;0;935,9;936;935,8;;21,3;16,1;21,8;21,3;16,6;16;72;70;72;82;0;0;
2021/04/27;0800 UTC;0;936,4;936,4;935,9;;20,5;16,2;21,3;20,4;16,2;16,1;76;72;76;89;0;0;
2021/04/27;0900 UTC;0;937,2;937,2;936,4;;19,9;16,1;20,5;19,9;16,2;15,9;78;76;78;202;0;0;
2021/04/27;1000 UTC;0;938;938;937,2;194,4;22,6;16,3;22,6;19,6;16,6;15,9;80;68;68;123;0;0;
2021/04/27;1100 UTC;0;938,4;938,4;938;994,5;24,4;16,9;24,4;22,4;16,9;15,9;68;63;63;119;5,7;1,3;
2021/04/27;1200 UTC;0;939,1;939,1;938,4;1770,1;25,5;16,5;25,8;23,9;16,8;15,9;63;57;58;130;6,2;2,1;
2021/04/27;1300 UTC;0;939;939,2;939;2412;26,7;16;27,3;25,3;16,8;15,9;58;51;52;159;7,3;1,9;
2021/04/27;1400 UTC;0;938,4;939;938,4;2841,5;27,8;15,9;27,9;26,4;17,2;15,4;55;48;48;128;7,3;3,1;
2021/04/27;1500 UTC;0;937,5;938,4;937,5;3041,4;28,8;15,9;28,9;27,3;16,2;15,1;49;45;46;130;6,4;2,1;
2021/04/27;1600 UTC;0;936,8;937,6;936,8;3000,5;29,3;14,9;29,8;28,2;16,1;14,2;46;39;41;118;6,5;2,3;
2021/04/27;1700 UTC;0;935,9;936,7;935,9;2621;30,2;14,8;30,7;29,2;15,4;14,1;42;38;39;160;5,5;1,7;
2021/04/27;1800 UTC;0;935,3;935,9;935,3;1469,8;29;15,3;30,6;28,7;15,4;14,1;43;38;43;151;5,4;1,1;
2021/04/27;1900 UTC;0;935,2;935,3;935,1;1055,4;29,6;15,4;30;29;16,4;15;45;41;42;177;5,2;,8;
2021/04/27;2000 UTC;0;935,1;935,3;935,1;154,4;27,4;14,8;29,6;27,4;15,5;14,2;46;42;46;111;3,9;,8;
2021/04/27;2100 UTC;0;935,4;935,4;935,1;18,8;25,2;16,1;27,4;25,2;16,1;14,9;57;46;57;303;3;0;
2021/04/27;2200 UTC;0;936,1;936,1;935,4;;24;15,9;25,2;24;16,4;15,9;61;57;61;91;1,5;0;
2021/04/27;2300 UTC;0;936,7;936,7;936,1;;23,3;15,8;24,1;23,3;16;15,7;63;60;63;218;1,3;,1;
2021/04/28;0000 UTC;0;937,3;937,3;936,7;;22,1;16,3;23,3;22,1;16,4;15,8;70;63;70;336;1,2;0;
2021/04/28;0100 UTC;0;937,6;937,6;937,3;;21,9;16,2;22,3;21,9;16,4;16;70;68;70;271;0;0;
2021/04/28;0200 UTC;0;937,6;937,7;937,6;;21,3;16;21,9;21,2;16,2;16;72;70;72;288;0;0;
2021/04/28;0300 UTC;0;937,5;937,7;937,5;;20,6;16,1;21,3;20,5;16,2;16;76;72;76;62;,9;0;
2021/04/28;0400 UTC;0;937,3;937,5;937,3;;20,6;15,5;20,7;20,2;16,2;15,5;77;73;73;134;,9;0;
2021/04/28;0500 UTC;0;936,8;937,3;936,8;;19,9;15,1;20,8;19,8;15,9;15;77;72;74;315;,7;0;
2021/04/28;0600 UTC;0;936,7;936,8;936,7;;19,9;14,6;20,2;19,9;15;14,4;74;70;71;176;,3;0;
2021/04/28;0700 UTC;0;936,9;936,9;936,6;;18,9;14,9;19,9;18,8;14,9;14,5;78;71;78;328;0;0;
2021/04/28;0800 UTC;0;937,2;937,2;936,9;;18,2;14,6;18,9;18,2;14,9;14,6;79;77;79;210;0;0;
2021/04/28;0900 UTC;0;937,9;937,9;937,2;;18,2;14,5;18,3;17,9;14,8;14,4;80;79;79;231;0;0;
2021/04/28;1000 UTC;0;938,6;938,6;937,9;229,9;21,1;14,6;21,1;18,2;14,8;14,2;79;66;66;51;0;0;
2021/04/28;1100 UTC;0;939,2;939,2;938,6;1013,3;23,3;14,5;23,5;21,2;14,9;13,9;66;58;58;171;3,1;,6;
2021/04/28;1200 UTC;0;939,7;939,7;939,1;1800,5;24,6;14,6;24,7;22,7;15,1;13,6;61;51;54;145;5,4;2,2;
2021/04/28;1300 UTC;0;939,7;939,9;939,7;2354,6;26,1;13,9;26,3;24,5;14,5;12,9;54;45;47;133;6,4;2,8;
2021/04/28;1400 UTC;0;939,2;939,7;939,2;2876,5;27,6;13,8;27,8;25,6;14,3;13,1;47;43;43;119;6;3,1;
2021/04/28;1500 UTC;0;938,4;939,2;938,4;3051,5;28,5;13,8;28,9;27;14,4;13;44;40;40;126;6,5;3;
2021/04/28;1600 UTC;0;937,5;938,4;937,5;2963,1;29,2;14,1;29,6;28,2;14,9;13,4;42;39;40;111;5,6;2,3;
2021/04/28;1700 UTC;0;936,6;937,5;936,6;2602,3;29,5;15;30,3;28,3;15,4;13,9;43;38;41;149;5;1,7;
2021/04/28;1800 UTC;0;936,3;936,6;936,3;2106,8;29;14,3;30,2;28,9;15;14;42;38;41;134;5,5;2;
2021/04/28;1900 UTC;0;936,1;936,3;936,1;851,2;28,7;15;29,7;28,7;15,3;14,1;44;39;43;140;4,7;1,7;
2021/04/28;2000 UTC;0;936,5;936,5;936,1;129,3;27,2;15;29;27,2;15,3;14,6;47;42;47;140;4,6;1,1;
2021/04/28;2100 UTC;0;937;937;936,5;12,2;25,1;15,6;27,2;25,1;15,8;15;56;47;56;217;2,8;0;
2021/04/28;2200 UTC;0;937,7;937,7;937;;24;15,2;25,1;24;15,7;15,2;58;56;58;212;1,2;0;
2021/04/28;2300 UTC;0;938,2;938,2;937,7;;23,3;14,4;24;23,3;15,2;14,4;58;57;57;250;1,8;,1;
2021/04/29;0000 UTC;0;938,6;938,6;938,2;;22,4;14,1;23,3;22,4;14,4;14;60;56;59;11;2,4;,1;
2021/04/29;0100 UTC;0;938,7;938,7;938,5;;21,8;13,5;22,6;21,7;14,1;13,3;60;56;59;82;1,5;,1;
2021/04/29;0200 UTC;0;938,8;938,8;938,6;;21,3;13,1;22,2;21,3;13,6;12,7;60;55;60;115;3;,3;
2021/04/29;0300 UTC;0;938,5;938,8;938,5;;20,2;13,3;21,3;20,2;13,3;13;64;59;64;304;2;0;
2021/04/29;0400 UTC;0;938,5;938,6;938,5;;19,5;13,1;20,2;19,5;13,5;12,9;67;64;67;123;0;0;
2021/04/29;0500 UTC;0;938,1;938,4;938,1;;18,9;12,8;19,5;18,9;13,1;12,5;68;65;68;86;0;0;
2021/04/29;0600 UTC;0;937,8;938,1;937,8;;18,9;10,7;19,5;18,8;12,8;10,7;68;58;59;41;2,2;0;
2021/04/29;0700 UTC;0;937,8;937,9;937,7;;19,3;9,6;19,6;18,5;11,2;9,2;62;51;54;52;3,6;,5;
2021/04/29;0800 UTC;0;938;938,1;937,7;;18,7;9,8;19,3;18,1;10;9,1;59;52;56;91;3;,2;
2021/04/29;0900 UTC;0;939;939;938;;17,4;9,6;18,7;17,4;9,9;9,3;61;55;60;274;2,3;0;
2021/04/29;1000 UTC;0;939,9;939,9;939;153;18,2;10,3;18,2;17,3;10,5;9,6;63;60;60;37;1,6;,2;
2021/04/29;1100 UTC;0;940,3;940,3;939,9;589;20,4;10,7;20,4;18,2;11,1;10,1;60;53;54;152;2,5;,7;
2021/04/29;1200 UTC;0;941;941;940,3;1683,7;23,3;10,1;23,8;20,4;11,4;10,1;54;43;43;135;5,1;2,1;
2021/04/29;1300 UTC;0;940,9;941,3;940,9;2359,1;25,6;11,3;25,6;23,1;11,4;10;45;39;41;115;6,1;2,4;
2021/04/29;1400 UTC;0;940,4;940,9;940,4;2928,6;27,8;10,8;27,8;25,3;11,4;9,5;41;34;35;114;7,6;3,5;
2021/04/29;1500 UTC;0;939,7;940,5;939,7;3047,4;28,2;10,4;28,5;26,9;11,5;10,1;37;33;33;136;7,5;2,7;
2021/04/29;1600 UTC;0;938,9;939,7;938,9;3007,6;29,1;12;29,2;27,9;12,2;10,1;36;32;35;133;6,7;2,8;
2021/04/29;1700 UTC;0;938,3;938,9;938,2;2576;29,3;12,6;29,8;28,6;12,8;11,8;37;34;36;111;7,6;2,7;
2021/04/29;1800 UTC;0;937,5;938,3;937,5;2153,5;29,6;12,6;30,2;29,2;13,1;11,9;36;33;35;116;7,9;3,3;
2021/04/29;1900 UTC;0;937,3;937,6;937,2;874;28,5;13,7;29,6;28,4;14;12,3;41;35;40;134;7,9;1,9;
2021/04/29;2000 UTC;0;937,5;937,5;937,2;221,9;27,1;13,5;28,5;27,1;14,1;13,5;43;40;43;130;4,7;1,7;
2021/04/29;2100 UTC;0;937,9;937,9;937,4;25,8;24,9;13,8;27,1;24,9;14,1;13,4;50;43;50;356;4,7;0;
2021/04/29;2200 UTC;0;938,8;938,8;937,8;;23,9;11,8;24,9;23,8;13,7;11,7;51;47;47;138;4,1;,7;
2021/04/29;2300 UTC;0;939,6;939,6;938,8;;22,8;11;24;22,7;11,5;10,9;48;45;48;309;3,4;0;
2021/04/30;0000 UTC;0;940,1;940,1;939,6;;22;11,6;22,8;22;11,6;11;52;48;52;31;1,7;0;
2021/04/30;0100 UTC;0;940,4;940,4;940,1;;22,8;10,4;23;21,9;11,8;10,1;52;44;45;133;4;1,4;
2021/04/30;0200 UTC;0;940,5;940,6;940,3;;21,7;10,7;22,8;21,7;10,7;10,4;49;45;49;115;5,2;1,5;
2021/04/30;0300 UTC;0;940,2;940,7;940,2;;20,8;11,1;21,8;20,8;11,2;10,5;54;49;54;132;4;1,5;
2021/04/30;0400 UTC;0;939,9;940,4;939,9;;20,1;11,2;20,8;20,1;11,4;11,1;57;54;57;151;4;0;
2021/04/30;0500 UTC;0;939,2;940;939,2;;19,3;11,1;20,7;19,3;11,3;10,6;59;52;59;113;1,9;0;
2021/04/30;0600 UTC;0;938,8;939,3;938,8;;19,5;11,1;19,5;19,2;11,3;11;60;58;58;79;1,5;,2;
2021/04/30;0700 UTC;0;938,4;938,8;938,4;;18,9;11,5;19,8;18,9;11,5;11;62;57;62;109;2;0;
2021/04/30;0800 UTC;0;938,7;938,8;938,4;;19,5;11,6;19,7;18,7;11,6;10,9;63;57;60;92;3,5;,6;
2021/04/30;0900 UTC;0;939,1;939,1;938,7;;18,7;11,7;19,5;18,7;11,9;11,1;64;59;64;127;1,6;0;
2021/04/30;1000 UTC;0;940,1;940,1;939,1;77,2;19,1;12,3;19,1;18,7;12,3;11,5;66;62;65;85;1,6;,3;
2021/04/30;1100 UTC;0;940,7;940,7;940,1;358,3;19,9;12,2;19,9;19,1;12,5;11,8;66;61;61;134;2,4;,4;
2021/04/30;1200 UTC;0;941,2;941,2;940,6;791,5;21,3;12,9;21,4;19,9;12,9;11,8;62;57;59;128;3,3;1;
2021/04/30;1300 UTC;0;941,2;941,3;941,2;1315,6;22,9;13,6;23;21,3;13,7;12,3;59;54;56;123;3,4;1,6;
2021/04/30;1400 UTC;0;940,8;941,2;940,8;1878,3;24,6;15,5;25,3;22,9;15,8;13,5;57;53;57;111;4,3;1,6;
2021/04/30;1500 UTC;0;940,1;940,8;940,1;2107,2;26;16,7;26,5;24,6;17,1;15,6;59;55;56;121;5,5;2,1;
2021/04/30;1600 UTC;0;939,3;940,1;939,3;2306,3;26,9;17,3;27,3;25,6;17,4;16,4;58;53;56;137;5,2;1,9;
2021/04/30;1700 UTC;0;938,5;939,3;938,5;2301,9;27,8;17,6;28,5;26,8;18,1;17;56;53;54;105;5,5;2,1;
2021/04/30;1800 UTC;0;937,8;938,5;937,8;1562,5;26,9;17,7;28,5;26,9;18,4;17,4;57;52;57;135;5,1;2;
2021/04/30;1900 UTC;0;937,8;937,8;937,5;504,5;26,5;18,3;27,7;26,5;18,5;17,6;61;56;61;123;4,7;2,3;
2021/04/30;2000 UTC;0;938,6;938,6;937,8;254,8;23,1;17,6;26,5;23,1;18,9;17,5;71;61;71;92;8,3;4,4;
2021/04/30;2100 UTC;0;938,5;938,6;938,3;24;21,8;17,1;23,1;21,3;17,7;16,8;79;71;74;127;8,3;,4;
2021/04/30;2200 UTC;0;938,8;938,9;938,5;;22,5;17,7;22,6;21,8;17,7;17,1;75;73;74;116;1,9;0;
2021/04/30;2300 UTC;0;939,6;939,6;938,8;;22,5;17,9;22,8;22,5;17,9;17,6;75;73;75;37;2;0;
2021/05/01;0000 UTC;0;940,1;940,1;939,6;;22,5;18,1;22,6;22,3;18,1;17,8;76;75;76;84;2,3;,8;
2021/05/01;0100 UTC;0;940,3;940,3;940;;21,9;18,3;22,5;21,8;18,6;18,1;81;76;80;91;3,6;,1;
2021/05/01;0200 UTC;0;940,2;940,3;940,2;;21,8;18,4;22;21,7;18,5;18,2;81;80;81;275;1,5;,3;
2021/05/01;0300 UTC;0;939,9;940,2;939,4;;21,4;18,3;21,8;21,2;18,4;18,2;83;81;82;215;2;,7;
2021/05/01;0400 UTC;0;939,5;939,9;939,4;;21;18,3;21,5;21;18,4;18,2;85;82;84;22;2;0;
2021/05/01;0500 UTC;0;939,1;939,4;939,1;;21,7;18,3;21,7;21;18,5;18,2;85;81;81;202;,6;0;
2021/05/01;0600 UTC;0;939;939,2;939;;21;18,2;21,7;21;18,3;18,2;84;81;84;76;1;0;
2021/05/01;0700 UTC;0;939;939,1;938,9;;21;18,3;21,1;20,9;18,4;18,3;85;84;84;42;1;0;
2021/05/01;0800 UTC;0;939;939;938,9;;21,1;18,2;21,1;21;18,4;18,2;85;84;84;104;2;,9;
2021/05/01;0900 UTC;0;939,8;939,8;939;;20,8;18,3;21,1;20,8;18,3;18,1;86;84;86;101;2;,9;
2021/05/01;1000 UTC;0;940,4;940,4;939,8;125,8;20,9;18,4;21;20,7;18,5;18,3;86;85;85;129;1,8;1;
2021/05/01;1100 UTC;0;941,3;941,3;940,4;336,3;21,9;18,5;21,9;20,9;18,7;18,4;86;81;81;134;2,6;1,2;
2021/05/01;1200 UTC;0;941,1;941,4;941;954,8;24,1;18;24,2;21,9;18,7;17,7;81;67;69;86;6;3,4;
2021/05/01;1300 UTC;0;941,6;941,9;941,1;1843,6;26,3;17,2;26,3;24;18;16,9;69;58;58;91;7,9;3,8;
2021/05/01;1400 UTC;0;941,1;941,8;941,1;1459,5;25,5;16,7;26,3;24,9;17,3;16,5;61;57;58;82;7,9;2,7;
2021/05/01;1500 UTC;0;940,6;941,1;940,6;1555,4;25,5;16,9;26,3;25,2;17,3;16,4;60;56;59;67;6;2;
2021/05/01;1600 UTC;0;940;940,6;940;1084,2;26,2;17;26,3;25,5;17,5;16,6;59;56;57;89;5,2;2;
2021/05/01;1700 UTC;0;939,4;940;939,4;1253,7;26,6;17;27;26,1;17,3;16,5;57;53;56;86;4,9;2,5;
2021/05/01;1800 UTC;0;938,8;939,4;938,8;1391,1;27,3;16,9;27,5;26,4;17,2;16,5;56;52;53;100;4,7;2,7;
2021/05/01;1900 UTC;0;938,9;939;938,8;752,3;27;16,6;27,4;26,7;17;16,4;54;52;53;92;5,4;1,9;
2021/05/01;2000 UTC;0;938,5;939;938,5;309,7;26;17,3;27;26;17,3;16,4;59;52;59;107;4,1;2,4;
2021/05/01;2100 UTC;0;939,3;939,3;938,5;21;23,9;18;26;23,9;18;17,3;70;59;69;161;4,1;,1;
2021/05/01;2200 UTC;0;939,7;939,8;939,3;;23,8;17,6;24,1;23,7;18;17,5;70;68;68;119;1,4;,4;
2021/05/01;2300 UTC;0;940,2;940,2;939,7;;22,8;17,5;23,8;22,8;17,9;17,3;72;68;72;190;2,5;0;
2021/05/02;0000 UTC;0;940,5;940,5;940,2;;21,7;17,8;22,8;21,4;17,8;17,5;79;72;79;250;,8;,1;
2021/05/02;0100 UTC;0;940,8;940,8;940,4;;21,5;17,5;21,8;21,2;17,8;17,4;79;78;78;239;1,2;,1;
2021/05/02;0200 UTC;0;940,9;940,9;940,6;;21,3;17,7;21,5;21,1;17,8;17,5;80;78;80;61;1,2;0;
2021/05/02;0300 UTC;0;940,9;941,2;940,9;;20,9;17,5;21,7;20,9;17,6;17,3;81;76;81;101;2,2;,2;
2021/05/02;0400 UTC;0;940,6;941;940,6;;20,4;17,4;20,9;20,4;17,5;17,3;83;81;83;97;1,3;0;
2021/05/02;0500 UTC;0;939,9;940,6;939,9;;19,7;17,2;20,4;19,7;17,4;17,1;85;83;85;32;1,7;0;
2021/05/02;0600 UTC;0;939,2;939,9;939,2;;20,7;16,3;20,7;19,7;17,2;16,3;85;76;76;74;3,3;1,2;
2021/05/02;0700 UTC;0;939,3;939,3;939,1;;20,1;16;20,7;19,9;16,3;16;79;76;78;106;3,2;1,4;
2021/05/02;0800 UTC;0;940,1;940,1;939,3;;18,7;16,1;20,1;18,7;16,2;15,8;85;77;85;163;3,2;0;
2021/05/02;0900 UTC;0;940,5;940,5;940;;18,2;16;18,7;17,9;16,2;15,9;89;85;87;239;0;0;
2021/05/02;1000 UTC;0;941;941;940,5;207,4;19,4;16,1;19,4;18,1;16,3;15,8;87;81;81;340;0;0;
2021/05/02;1100 UTC;0;941,4;941,5;941;964,7;22,2;15,9;22,5;19,4;16,5;15,6;82;66;67;82;4,5;2,4;
2021/05/02;1200 UTC;0;941,6;941,7;941,4;1769,2;24,1;16,1;24,1;22,3;16,1;15,6;68;61;61;94;6,4;3,4;
2021/05/02;1300 UTC;0;941,6;941,8;941,6;2388;25,8;16,2;25,8;24;16,4;15,5;61;55;55;83;7,1;3,4;
2021/05/02;1400 UTC;0;941,1;941,7;941;2795,5;27,1;16,5;27,3;25,3;16,8;15,8;57;52;52;81;6,4;2,6;
2021/05/02;1500 UTC;0;940,1;941,1;940,1;2987,9;27,9;16,4;28,9;26,4;17,3;15,9;54;48;50;87;6,4;2;
2021/05/02;1600 UTC;0;939,4;940,1;939,4;2921,6;29;15,2;29,5;27,7;16,5;14,3;50;41;43;12;5,6;1,2;
2021/05/02;1700 UTC;0;938,7;939,4;938,7;2610,4;29,2;15;30,4;28,3;16,4;14,4;45;41;42;118;5,8;1,8;
2021/05/02;1800 UTC;0;938,2;938,7;938,2;1842,1;29,7;15,5;29,8;28,4;15,8;14,6;45;40;42;113;5,1;1,5;
2021/05/02;1900 UTC;0;938,2;938,2;938,1;667,1;28,4;15,1;29,8;27,6;15,6;14,9;47;41;44;119;3,8;,3;
2021/05/02;2000 UTC;0;938,5;938,5;938,2;133,1;27;16;28,8;27;16;14,9;51;44;51;136;3,1;1,1;
2021/05/02;2100 UTC;0;938,9;938,9;938,5;14,5;25,3;16;27;25,2;16,3;15,9;58;51;56;121;2,4;,1;
2021/05/02;2200 UTC;0;939,4;939,4;938,9;;24,3;15,9;25,3;24,3;16,1;15,8;59;56;59;122;1,9;,6;
2021/05/02;2300 UTC;0;940;940;939,3;;22,7;16,4;24,3;22,7;16,4;15,9;68;59;68;9;1,6;0;
2021/05/03;0000 UTC;0;940,3;940,4;940;;21,7;16,4;22,7;21,7;16,6;16,2;72;68;72;308;1,1;,1;
2021/05/03;0100 UTC;0;940,4;940,5;940,3;;20,8;16,5;21,7;20,8;16,6;16,3;76;72;76;273;1,5;,2;
2021/05/03;0200 UTC;0;940,3;940,5;940,3;;20;16;20,8;20;16,5;16;78;76;78;240;1,5;,2;
2021/05/03;0300 UTC;0;940;940,3;940;;19,6;15,7;20;19,4;16,1;15,7;79;78;78;239;1,3;,2;
2021/05/03;0400 UTC;0;939,3;940;939,3;;19,7;14,8;19,8;19,6;15,7;14,8;78;73;73;237;1,2;0;
2021/05/03;0500 UTC;0;939,2;939,3;939,2;;19,2;14,6;19,7;19,2;14,8;14,5;75;73;75;112;1;,1;
2021/05/03;0600 UTC;0;939;939,3;939;;18,7;14,6;19,3;18,6;14,9;14,5;78;75;77;103;1,1;0;
2021/05/03;0700 UTC;0;939;939,1;938,9;;18,1;14,4;18,7;18,1;14,6;14,3;79;77;79;358;1,1;0;
2021/05/03;0800 UTC;0;939,4;939,4;939;;17,1;14,1;18,1;17,1;14,4;14,1;83;79;83;272;1,1;0;
2021/05/03;0900 UTC;0;939,9;939,9;939,4;;16,7;14;17,2;16,7;14,4;13,9;84;82;84;242;1,5;,8;
2021/05/03;1000 UTC;0;940,5;940,5;939,9;216,6;18,8;14,4;18,9;16,7;15,1;14;84;75;76;9;1,5;0;
2021/05/03;1100 UTC;0;941,1;941,1;940,5;1042,9;21,6;14,1;21,6;18,8;15,1;13,6;76;62;62;87;3,5;1,8;
2021/05/03;1200 UTC;0;941,5;941,5;941,1;1844,2;23,3;14,2;23,4;21,4;14,3;13,6;63;56;57;84;5,7;3,3;
2021/05/03;1300 UTC;0;941,4;941,6;941,3;2477,9;25,6;13,4;25,8;23,3;14,8;13,1;57;46;47;94;6;3,3;
2021/05/03;1400 UTC;0;940,6;941,4;940,6;2890,6;26,6;13,8;26,7;25,6;13,8;12,7;47;42;45;61;6,4;2,3;
2021/05/03;1500 UTC;0;939,7;940,6;939,7;3074,8;27,6;11,9;28,3;26,5;13,4;11,5;45;37;38;117;6,1;1,5;
2021/05/03;1600 UTC;0;938,6;939,7;938,6;3000,8;28,2;10,6;28,8;27,4;12,4;10,4;38;33;33;113;6,6;3,1;
2021/05/03;1700 UTC;0;937,8;938,6;937,8;2717,6;29,1;11;29,2;28,2;11,7;9,1;35;30;33;155;7,2;2,2;
2021/05/03;1800 UTC;0;937,4;937,8;937,4;2169,2;29,1;10,6;29,3;28,3;11,3;10,2;33;31;32;115;6,4;2,6;
2021/05/03;1900 UTC;0;937,4;937,4;937,3;518,8;28;9,6;29,2;28;11,1;8,2;33;28;32;130;5,5;2;
2021/05/03;2000 UTC;0;937,8;937,8;937,4;112,1;26,1;10,2;28,1;26,1;11,8;9,4;40;31;37;136;3,9;1,5;
2021/05/03;2100 UTC;0;938;938;937,8;12,7;23,6;11,7;26,1;23,4;11,9;9,9;48;36;47;132;3,4;,2;
2021/05/03;2200 UTC;0;938,4;938,4;938;;21,4;12,4;23,6;21,4;12,5;11,8;56;47;56;280;2,4;0;
2021/05/03;2300 UTC;0;939,1;939,1;938,4;;20,1;13;21,4;20,1;13;12,2;64;56;64;267;1,4;,5;
2021/05/04;0000 UTC;0;939,3;939,3;939,1;;19,5;13;20,1;19,4;13,2;13;67;64;66;266;1,8;,9;
2021/05/04;0100 UTC;0;939,3;939,4;939,3;;18,8;13,1;19,5;18,5;13,3;12,9;71;66;69;262;2;,4;
2021/05/04;0200 UTC;0;939,3;939,4;939,2;;18,1;12,8;18,9;17,9;13,1;12,6;72;68;71;274;1,8;0;
2021/05/04;0300 UTC;0;939,1;939,3;939,1;;18,3;12,3;18,5;18,1;12,9;12,3;71;68;68;267;1,4;0;
2021/05/04;0400 UTC;0;938,8;939,2;938,8;;17,6;12,5;18,3;17,5;12,6;12,3;72;68;72;249;1,5;,3;
2021/05/04;0500 UTC;0;938,5;938,8;938,5;;17;12,3;17,7;17;12,5;12,3;74;71;74;296;1,6;0;
2021/05/04;0600 UTC;0;938,5;938,6;938,3;;17;12,6;17,1;16,6;12,7;12,3;76;74;75;245;1,4;0;
2021/05/04;0700 UTC;0;938,5;938,5;938,4;;17;12,7;17,1;16,9;12,7;12,5;76;74;76;206;0;0;
2021/05/04;0800 UTC;0;939,1;939,1;938,5;;17,3;12,9;17,3;16,6;12,9;12,5;77;74;75;123;2,1;,4;
2021/05/04;0900 UTC;0;939,6;939,6;939,1;;16,5;12,4;17,8;16,5;13;12,3;76;72;76;54;2,3;0;
2021/05/04;1000 UTC;0;940,4;940,4;939,6;207;19,5;12,9;19,5;16,4;13,3;12,3;78;65;65;102;1,2;0;
2021/05/04;1100 UTC;0;940,8;940,8;940,4;1047,3;21,6;14;21,7;19,3;14,3;12,6;67;61;62;72;2,1;1,1;
2021/05/04;1200 UTC;0;941,3;941,3;940,8;1843;24,8;12,6;25,1;21,6;14,3;12,6;62;46;47;77;6,5;2,6;
2021/05/04;1300 UTC;0;941,4;941,5;941,3;2479,6;26,6;11,8;26,6;24,8;13,4;11,2;48;39;40;88;8;4,1;
2021/05/04;1400 UTC;0;940,9;941,4;940,9;2896,1;27,6;10,9;27,7;26,3;12;10,3;40;34;35;92;9,5;4,3;
2021/05/04;1500 UTC;0;940,1;940,9;940,1;3068,3;27,4;11,9;28,1;26,8;12,4;10,7;40;35;38;44;7,9;2,5;
2021/05/04;1600 UTC;0;939,3;940,1;939,3;2989,8;28,7;11,4;28,9;27,4;12,2;10,2;38;32;34;56;6,8;1,9;
2021/05/04;1700 UTC;0;938,6;939,3;938,5;2683,6;28,9;11;29,7;28,4;11,8;10,3;36;31;33;48;4,7;1,5;
2021/05/04;1800 UTC;0;938,1;938,5;938,1;2135,8;29,4;11,1;29,8;28,9;11,8;10,1;34;30;32;102;7,6;2,2;
2021/05/04;1900 UTC;0;938,2;938,2;938;444,3;28,7;10,4;29,7;28,5;11,6;10,2;33;31;32;137;4,5;1,9;
2021/05/04;2000 UTC;0;938,5;938,5;938,2;111,3;26,9;11,4;28,7;26,9;11,4;9,7;38;31;38;135;4,4;1,2;
2021/05/04;2100 UTC;0;939;939;938,5;11,6;24,2;12,3;26,9;24,2;12,3;11,2;47;38;47;310;2,4;0;
2021/05/04;2200 UTC;0;939,4;939,4;939;;21,9;13,6;24,2;21,9;14,1;12,2;59;47;59;282;1,3;,1;
2021/05/04;2300 UTC;0;940,1;940,1;939,4;;20,5;13,4;21,9;20,5;14;13,4;64;59;64;273;2;1,1;
2021/05/05;0000 UTC;0;940,5;940,6;940,1;;20;13,1;20,7;19,9;13,3;12,9;64;62;64;262;2;,4;
2021/05/05;0100 UTC;0;940,7;940,7;940,5;;19,2;13,2;20,2;19,2;13,2;13,1;68;64;68;270;1,6;,1;
2021/05/05;0200 UTC;0;940,6;940,7;940,5;;18,9;13,1;19,4;18,9;13,4;13;69;68;69;263;1,8;,1;
2021/05/05;0300 UTC;0;940,3;940,6;940,3;;18,4;13;19;18,3;13,1;12,9;71;69;71;262;1,6;,4;
2021/05/05;0400 UTC;0;940;940,3;939,9;;17,7;12,9;18,4;17,6;13;12,7;73;71;73;265;1,6;,5;
2021/05/05;0500 UTC;0;939,8;940;939,7;;17,7;12,8;17,9;17,6;12,9;12,7;74;72;73;261;1,5;,3;
2021/05/05;0600 UTC;0;939,6;939,8;939,6;;17,3;12,6;17,7;17,1;12,8;12,6;75;73;74;266;2,1;,8;
2021/05/05;0700 UTC;0;939,6;939,6;939,5;;16,8;12,4;17,3;16,8;12,6;12,4;75;74;75;258;2,1;,5;
2021/05/05;0800 UTC;0;939,8;939,8;939,6;;16,5;12,1;17;16,4;12,5;12,1;76;75;75;260;2,1;,3;
2021/05/05;0900 UTC;0;940,4;940,4;939,8;;16,7;12,2;16,8;16,3;12,4;12;77;74;75;248;1,5;0;
2021/05/05;1000 UTC;0;941;941;940,4;180,3;18,5;12,7;18,5;16,4;12,8;12,2;77;69;69;286;1,3;0;
2021/05/05;1100 UTC;0;941,4;941,4;941;992,4;23,4;12,4;23,4;18,5;13,2;12,1;69;50;50;335;1,1;0;
2021/05/05;1200 UTC;0;941,9;941,9;941,4;1774,8;24,7;12,8;24,8;23,4;13,8;12,3;53;46;47;102;3,3;1,8;
2021/05/05;1300 UTC;0;941,8;942;941,8;2405,3;26;11,7;26,3;24,5;12,8;10,7;48;39;41;74;5,1;2,5;
2021/05/05;1400 UTC;0;941,1;941,8;941,1;2830,7;27,9;10,4;28;26;12,7;10,4;42;33;33;92;7,9;3,4;
2021/05/05;1500 UTC;0;939,9;941,1;939,9;3035,7;28,8;9,5;29,7;27,9;11;9,1;35;29;30;98;8,6;3,4;
2021/05/05;1600 UTC;0;939,2;940;939,1;2947,3;29,2;9,4;29,7;28,5;10;8,5;31;28;29;96;8,4;3,9;
2021/05/05;1700 UTC;0;938,5;939,2;938,5;2654;29,5;9,1;29,9;28,5;10;8,6;31;27;28;94;7,5;2,1;
2021/05/05;1800 UTC;0;938;938,5;938;2103,7;29;9,6;29,6;28,7;9,6;8,3;30;27;30;93;6,8;2,1;
2021/05/05;1900 UTC;0;937,8;938;937,7;410,7;28,5;9,3;29,1;28,2;10;9,1;31;29;30;87;5,7;2,2;
2021/05/05;2000 UTC;0;938;938;937,8;117,8;26,4;10,8;28,6;26,4;10,8;9,3;37;30;37;98;4,2;1,1;
2021/05/05;2100 UTC;0;938;938;937,9;11,5;23,7;11,8;26,4;23,7;11,8;10,8;47;37;47;265;2,3;0;
2021/05/05;2200 UTC;0;938,1;938,1;938;;21,5;13,5;23,7;21,5;13,7;11,7;61;47;61;280;1,9;,6;
2021/05/05;2300 UTC;0;938,4;938,4;938,1;;20,6;13,1;21,5;20,1;13,6;13;66;61;62;269;2,1;,8;
2021/05/06;0000 UTC;0;938,9;938,9;938,4;;20,3;12,4;20,6;19,9;13;12,3;63;60;60;267;2,1;,6;
2021/05/06;0100 UTC;0;939;939;938,9;;19,3;12,4;20,5;19,1;12,8;12,2;66;59;64;270;2,2;,3;
2021/05/06;0200 UTC;0;939;939,1;938,9;;19,2;12,4;19,9;18,8;12,6;12,1;67;61;65;256;2;,9;
2021/05/06;0300 UTC;0;938,8;939;938,8;;19,5;12,5;19,9;19,1;12,6;12,3;65;62;64;261;2;,4;
2021/05/06;0400 UTC;0;938,3;938,9;938,3;;19,5;12,5;19,9;19,3;12,6;12,3;64;62;64;258;1,9;,4;
2021/05/06;0500 UTC;0;938,1;938,3;938;;19,2;12,6;19,8;18,9;12,9;12,3;68;63;66;258;2;,8;
2021/05/06;0600 UTC;0;938;938,1;938;;18,2;12,5;19,4;18,2;12,7;12,4;69;65;69;260;2;,1;
2021/05/06;0700 UTC;0;938,1;938,1;938;;17,7;12,3;18,5;17,6;12,6;12,2;71;68;71;266;1,6;0;
2021/05/06;0800 UTC;0;938,5;938,5;938,1;;17;11,8;17,7;17;12,3;11,7;71;69;71;273;1,5;,2;
2021/05/06;0900 UTC;0;939,3;939,3;938,5;;17,2;11,4;17,6;16,9;11,9;11,3;71;67;69;266;1,9;,1;
2021/05/06;1000 UTC;0;940;940;939,3;188;18,9;12,2;18,9;16,7;12,2;11,4;72;65;65;257;1,4;0;
2021/05/06;1100 UTC;0;940,8;940,8;940;1012,7;24,4;12;24,4;18,9;12,9;11,6;65;46;46;169;,5;0;
2021/05/06;1200 UTC;0;941,5;941,5;940,8;1778,8;25,9;11,5;25,9;24,4;12,2;10,2;46;38;41;112;3,2;1,4;
2021/05/06;1300 UTC;0;941,4;941,6;941,3;2402,1;27,5;12,6;27,5;25,2;12,6;10,9;43;39;40;101;4,7;2;
2021/05/06;1400 UTC;0;940,6;941,4;940,6;2796,6;29,1;10,9;29,3;26,9;13,5;10,7;42;32;32;151;4,8;1,5;
2021/05/06;1500 UTC;0;939,6;940,6;939,6;2970,3;29,9;10,8;29,9;28,7;11,3;10;33;30;31;40;4,4;1,7;
2021/05/06;1600 UTC;0;938,7;939,6;938,7;2668,2;30,8;10,6;31,6;29;11,6;10,3;32;28;29;289;3,9;1,2;
2021/05/06;1700 UTC;0;937,9;938,7;937,9;2552,6;30,1;10,7;32,2;29,8;11,6;10,4;31;28;30;9;5,8;1,4;
2021/05/06;1800 UTC;0;937,5;937,9;937,4;1619;29,8;10,9;30,6;28,9;11,6;10,4;34;30;31;133;4,2;,3;
2021/05/06;1900 UTC;0;937,6;937,6;937,4;455,8;28,8;11,7;29,8;28,2;12;10,4;36;31;35;242;2,9;,8;
2021/05/06;2000 UTC;0;937,8;937,8;937,6;200,1;26,8;12,8;28,8;26,8;12,8;11,4;42;35;42;141;2,8;,6;
2021/05/06;2100 UTC;0;938;938,1;937,8;12,3;25,4;13,4;26,8;25,4;13,4;12,2;47;41;47;177;2,3;0;
2021/05/06;2200 UTC;0;938,5;938,5;938;;23,4;14,3;25,4;23,4;14,6;13,2;57;47;57;250;1,2;,4;
2021/05/06;2300 UTC;0;939,1;939,1;938,5;;21,3;14,5;23,4;21,3;14,8;14,2;66;57;65;276;2;,5;
2021/05/07;0000 UTC;0;939,6;939,6;939,1;;21,5;13,5;21,8;21,3;14,6;13,5;65;60;61;269;2;,6;
2021/05/07;0100 UTC;0;939,8;939,8;939,5;;21,2;13;21,5;20,8;13,9;13;65;59;59;265;2;,2;
2021/05/07;0200 UTC;0;939,8;939,8;939,7;;20,9;13;21,4;20,8;13,3;12,9;61;59;61;269;1,5;0;
2021/05/07;0300 UTC;0;939,7;939,8;939,7;;20,4;13;20,9;20,4;13,8;12,8;66;61;63;267;1,6;0;
2021/05/07;0400 UTC;0;939,3;939,7;939,3;;20;13;20,7;19,9;13,2;12,8;65;61;64;258;1,8;,6;
2021/05/07;0500 UTC;0;939,3;939,3;939;;20,6;12,4;21,3;20;12,9;11,6;64;54;59;242;3,3;1,3;
2021/05/07;0600 UTC;0;939,3;939,4;939,2;;19,6;13,9;20,6;19,5;14;12,4;70;59;70;214;3,8;,2;
2021/05/07;0700 UTC;0;939,4;939,5;939,3;;18,8;14,3;19,6;18,7;14,3;13,8;75;70;75;232;2,1;,3;
2021/05/07;0800 UTC;0;940;940;939,4;;18,3;14,8;18,9;18,1;14,8;14,3;80;75;80;230;3;,3;
2021/05/07;0900 UTC;0;940,6;940,6;940;;17,8;15,2;18,4;17,8;15,3;14,8;85;80;85;230;2;,1;
2021/05/07;1000 UTC;0;941,4;941,4;940,6;117,3;18,6;15,5;18,6;17,8;15,5;15,2;85;82;82;205;2,6;,4;
2021/05/07;1100 UTC;0;942,2;942,2;941,4;336,8;19,9;16,1;19,9;18,6;16,1;15,4;82;78;78;136;5;1,2;
2021/05/07;1200 UTC;0;942,5;942,6;942,2;678,1;20,6;16,3;20,6;19,9;16,3;15,9;78;76;76;124;6,2;2;
2021/05/07;1300 UTC;0;942,5;942,6;942,5;854,1;20,7;16,2;20,8;20,2;16,4;16;77;75;76;138;7,5;2,1;
2021/05/07;1400 UTC;0;942;942,5;942;1129,4;21,9;16,1;21,9;20,5;16,6;15,9;76;69;70;137;7,1;2,8;
2021/05/07;1500 UTC;0;941;942;941;2483,2;23,1;15,9;23,4;21,5;16,8;15,6;71;64;64;136;7,2;3,1;
2021/05/07;1600 UTC;0;940,2;941;940,2;2700,7;24,1;15,8;24,4;22,7;16,6;15,5;65;59;60;136;7,5;2,7;
2021/05/07;1700 UTC;0;939,5;940,2;939,5;2311,3;25;15,3;25,7;23,9;16,6;15,3;61;54;55;133;5,9;1,8;
2021/05/07;1800 UTC;0;939;939,5;939;2070,2;26,1;15,8;26,1;24,9;16,4;15;57;52;53;122;5,6;1,8;
2021/05/07;1900 UTC;0;939,2;939,2;939;379,6;24,9;15,8;26,1;24,8;16,1;15,2;57;53;57;135;4,8;2,1;
2021/05/07;2000 UTC;0;939,8;939,8;939,2;117,5;23,1;16;24,9;23,1;16,1;15,7;64;57;64;140;4,4;1,3;
2021/05/07;2100 UTC;0;940,3;940,3;939,8;12,3;21,3;15,7;23,1;21,3;16,1;15,7;71;64;71;88;4,1;,2;
2021/05/07;2200 UTC;0;941;941;940,3;;20,1;15,7;21,3;20,1;15,9;15,7;76;71;76;196;2,7;,1;
2021/05/07;2300 UTC;0;941,5;941,5;941;;19,4;15,6;20,1;19,4;15,7;15,5;79;76;79;97;2,7;,2;
2021/05/08;0000 UTC;0;941,8;941,8;941,5;;19;15,5;19,4;18,9;15,6;15,4;81;79;80;224;1,5;0;
2021/05/08;0100 UTC;0;942;942,1;941,8;;18,5;15,3;19;18,5;15,5;15,2;82;80;82;215;1,4;0;
2021/05/08;0200 UTC;0;942;942,1;941,9;;18,4;15,3;18,6;18,3;15,3;15,2;82;81;82;221;1,1;0;
2021/05/08;0300 UTC;0;941,8;942;941,8;;18,3;15,3;18,5;18,3;15,4;15,2;83;82;82;158;1;0;
2021/05/08;0400 UTC;0;941,4;941,8;941,4;;17,8;15,2;18,4;17,8;15,4;15,1;85;82;85;98;0;0;
2021/05/08;0500 UTC;0;941,3;941,4;941,1;;17,4;15,1;17,8;17,3;15,2;15;86;85;86;163;0;0;
2021/05/08;0600 UTC;0;941,2;941,3;941,2;;17,1;15;17,6;17,1;15,2;14,9;87;86;87;130;0;0;
2021/05/08;0700 UTC;0;941,3;941,3;941,1;;16,9;14,9;17,1;16,8;15;14,8;88;87;88;142;,8;0;
2021/05/08;0800 UTC;0;941,8;941,8;941,2;;16,8;14,6;16,9;16,7;14,9;14,6;88;87;87;240;1,5;0;
2021/05/08;0900 UTC;0;942,7;942,7;941,7;;16,6;14,4;16,8;16,5;14,6;14,4;87;87;87;195;1,5;0;
2021/05/08;1000 UTC;0;943,4;943,4;942,7;169,6;18,6;15,1;18,6;16,5;15,1;14,4;87;80;80;237;2,1;,1;
2021/05/08;1100 UTC;0;944,1;944,1;943,4;928,5;20,9;15,5;20,9;18,6;15,7;14,8;80;71;71;125;5;1,9;
2021/05/08;1200 UTC;0;944,5;944,5;944,1;1697,5;21,8;15,2;22,3;20,4;15,7;15;72;65;66;130;6,7;2;
2021/05/08;1300 UTC;0;944,7;944,7;944,5;2333,3;23,7;15,2;24;21,8;16,2;15,2;67;59;59;116;5,9;3,1;
2021/05/08;1400 UTC;0;943,8;944,7;943,8;2752,3;25,4;15;25,6;23,5;16,1;15;60;52;53;106;5,9;2,8;
2021/05/08;1500 UTC;0;942,8;943,8;942,8;2928,3;27,9;14,5;27,9;25,4;15,7;14,3;53;44;44;116;5,3;2,3;
2021/05/08;1600 UTC;0;941,9;942,8;941,9;2847,6;27,7;13,7;28,9;27,2;14,8;12,8;45;37;42;136;6,3;2,2;
2021/05/08;1700 UTC;0;941;941,9;941;2549,2;29,1;13;29,4;27,8;13,9;12,1;42;35;37;109;6,4;2,5;
2021/05/08;1800 UTC;0;940,6;941;940,6;2010,8;28,5;13,4;29,4;28,3;13,6;12,5;40;37;39;146;6,4;2;
2021/05/08;1900 UTC;0;940,7;940,7;940,5;341,7;28;13,3;29;27,9;13,6;12,8;41;38;40;137;6,5;1,6;
2021/05/08;2000 UTC;0;940,9;940,9;940,7;116,6;26,5;14,1;28,1;26,5;14,1;13,2;46;40;46;132;4,6;1,3;
2021/05/08;2100 UTC;0;941,1;941,1;940,8;12;24,2;14,7;26,5;24,2;14,7;14,1;55;46;55;148;2,9;0;
2021/05/08;2200 UTC;0;941,4;941,4;941,1;;23;14,6;24,2;22,9;14,8;14,5;59;55;59;243;0;0;
2021/05/08;2300 UTC;0;941,8;941,8;941,4;;21,7;14,8;23;21,5;15,3;14,5;67;59;65;252;0;0;
2021/05/09;0000 UTC;0;942,3;942,3;941,8;;21,2;13,3;21,7;21,2;14,8;13,3;65;60;61;165;0;0;
2021/05/09;0100 UTC;0;942,4;942,4;942,3;;20,2;13,8;21,2;20,2;14,3;12,9;67;61;67;268;,9;,2;
2021/05/09;0200 UTC;0;942,3;942,4;942,3;;19,5;13,6;20,2;19,5;14;13,6;70;67;69;258;1,2;,2;
2021/05/09;0300 UTC;0;942;942,3;942;;18,7;12,9;19,5;18,7;13,6;12,9;70;68;69;254;1,1;0;
2021/05/09;0400 UTC;0;941,4;942;941,4;;18,2;12,5;18,9;18,2;13;12,5;71;67;69;242;1,2;,1;
2021/05/09;0500 UTC;0;940,8;941,4;940,8;;18;12,2;18,2;17,8;12,6;12,2;71;68;69;255;1,6;,5;
2021/05/09;0600 UTC;0;940,4;940,8;940,4;;17,7;11,9;18;17,6;12,4;11,9;71;69;69;258;1,6;,5;
2021/05/09;0700 UTC;0;940,5;940,6;940,4;;17,6;11,6;17,7;17,5;12,1;11,5;71;68;68;253;1,6;0;
2021/05/09;0800 UTC;0;940,7;940,7;940,5;;17,4;10,9;17,8;17,4;11,7;10,9;68;65;66;274;,2;0;
2021/05/09;0900 UTC;0;941,2;941,2;940,7;;17,2;10,3;17,5;17,1;11,2;9,9;67;61;64;278;0;0;
2021/05/09;1000 UTC;0;942;942;941,2;160,9;19,7;11,3;20;17,1;11,5;10,1;65;54;58;97;0;0;
2021/05/09;1100 UTC;0;942,5;942,5;942;932,1;22,1;10,4;22,2;19,8;12,4;10,4;58;47;48;97;2,9;1,6;
2021/05/09;1200 UTC;0;942,7;942,7;942,5;1682;23,6;11,5;23,6;21,9;11,5;10,3;50;46;47;111;3,7;1,7;
2021/05/09;1300 UTC;0;942,8;942,9;942,7;2323,1;25,7;12,3;26,4;23,6;12,7;10,2;47;41;43;107;5;2,2;
2021/05/09;1400 UTC;0;942,1;942,8;942,1;2745,9;27,5;13,5;27,9;25,3;13,6;12;44;40;42;51;6,5;2,1;
2021/05/09;1500 UTC;0;941,1;942,1;941,1;2931,5;29,4;13,8;29,4;27,5;14,1;13,1;42;38;39;76;7;2,3;
2021/05/09;1600 UTC;0;940,5;941,2;940,5;2855,9;29,9;14,1;30,5;28,8;14,7;13,5;40;37;38;77;6,5;2,2;
2021/05/09;1700 UTC;0;939,6;940,5;939,6;1729,1;29,7;12,2;31,1;28,9;14,8;12,1;40;34;34;97;7,4;2,1;
2021/05/09;1800 UTC;0;939,3;939,6;939,2;1822,6;30,5;11,1;30,7;29,3;13;10,4;37;29;30;67;5,2;1,1;
2021/05/09;1900 UTC;0;939,3;939,3;939,2;340,3;29;12,7;31,3;29;13;11,1;37;29;37;149;3,3;1,2;
2021/05/09;2000 UTC;0;939,5;939,5;939,3;123,6;27,8;12,1;29,1;27,8;13;11,8;38;36;38;133;2,7;,5;
2021/05/09;2100 UTC;0;939,6;939,6;939,5;11,5;25,2;14,6;27,8;25,2;14,7;12,2;52;38;52;219;2;0;
2021/05/09;2200 UTC;0;940,1;940,1;939,5;;23,6;15,4;25,2;23,6;15,4;14,7;60;52;60;264;1,2;0;
2021/05/09;2300 UTC;0;940,8;940,8;940,1;;22,8;15,7;23,6;22,8;15,9;15,4;64;60;64;268;0;0;
2021/05/10;0000 UTC;0;941;941;940,8;;22,3;15,6;22,8;22,2;15,7;15,2;66;63;66;278;0;0;
2021/05/10;0100 UTC;0;941;941,1;940,9;;22;15,6;22,6;22;15,7;15,4;67;64;67;266;0;0;
2021/05/10;0200 UTC;0;941;941,1;941;;21,2;15,6;22;21,2;15,8;15,6;70;67;70;269;1,4;0;
2021/05/10;0300 UTC;0;940,9;941,1;940,9;;20,9;15,6;21,4;20,7;15,8;15,5;73;70;72;241;,5;0;
2021/05/10;0400 UTC;0;940,6;940,9;940,6;;20,7;15,3;21,1;20,7;15,7;15,2;72;70;71;174;,8;0;
2021/05/10;0500 UTC;0;940,4;940,6;940,1;;20,2;15,2;20,8;20,2;15,3;15,2;73;71;73;207;,4;0;
2021/05/10;0600 UTC;0;940,2;940,4;940,2;;19,1;15,1;20,3;19,1;15,3;15;77;73;77;91;,8;0;
2021/05/10;0700 UTC;0;940,2;940,3;940,1;;18,9;15,1;20;18,8;15,4;15;79;74;79;129;1,9;,1;
2021/05/10;0800 UTC;0;940,6;940,6;940,2;;18,3;15;19,5;18,2;15,3;14,7;81;76;81;215;1,4;0;
2021/05/10;0900 UTC;0;941,3;941,3;940,6;;17,7;14,6;18,3;17,7;15;14,6;82;81;82;256;0;0;
2021/05/10;1000 UTC;0;942,1;942,1;941,3;157,4;19,7;15,6;19,7;17,6;15,6;14,5;83;77;77;53;0;0;
2021/05/10;1100 UTC;0;942,6;942,7;942,1;930;23,1;15,8;23,1;19,7;15,9;15,2;77;64;64;80;3;1,6;
2021/05/10;1200 UTC;0;943;943;942,6;1690;24,3;15;24,7;22,9;15,9;14,8;64;55;56;91;5,2;2,7;
2021/05/10;1300 UTC;0;942,9;943;942,9;2328,6;25,8;14,6;25,9;24,2;15,1;14,1;57;48;50;73;6,5;3,1;
2021/05/10;1400 UTC;0;942,1;942,9;942,1;2742,3;27,9;13,6;28;25,8;15,1;13,1;50;41;41;90;6,9;3,4;
2021/05/10;1500 UTC;0;941,2;942,1;941,1;2917,6;28,8;12;28,8;27,3;14,3;12;43;35;35;105;6,4;3,4;
2021/05/10;1600 UTC;0;940,1;941,2;940,1;2854,8;29;12,7;29,3;28,2;13,6;11,7;39;35;37;52;7,2;2,2;
2021/05/10;1700 UTC;0;939,2;940,1;939,2;2408,2;28,6;11,9;29,8;28,6;13,4;11,6;38;34;36;143;5,9;2;
2021/05/10;1800 UTC;0;938,6;939,3;938,6;1919,7;29,8;11,6;30,1;28,4;12,6;11,2;38;32;33;113;4,9;2,6;
2021/05/10;1900 UTC;0;938,4;938,6;938,4;444,3;28,6;11,1;29,9;28,1;12,5;10,9;37;32;34;129;5,1;1,7;
2021/05/10;2000 UTC;0;938,6;938,6;938,4;179,3;27,1;11,8;28,7;27,1;12,1;10,7;39;33;39;132;5,1;1,3;
2021/05/10;2100 UTC;0;939,2;939,2;938,6;16,1;24,8;12,6;27,1;24,8;12,6;11,8;47;39;47;177;2,9;,1;
2021/05/10;2200 UTC;0;939,7;939,7;939,2;;23,2;13,1;24,8;23,2;13,3;12,6;53;47;53;255;1,5;0;
2021/05/10;2300 UTC;0;940,2;940,2;939,7;;21,4;14,7;23,2;21,4;14,8;13,1;66;53;66;287;1,1;0;
2021/05/11;0000 UTC;0;940,3;940,3;940,2;;21,3;14;21,6;21,3;14,8;14;66;63;63;251;1,4;0;
2021/05/11;0100 UTC;0;940,2;940,3;940,2;;20,8;13,4;21,4;20,8;14,2;13,4;65;61;63;258;0;0;
2021/05/11;0200 UTC;0;940,1;940,2;940;;20,1;13,1;20,8;19,8;13,5;13,1;66;63;64;253;1,8;,1;
2021/05/11;0300 UTC;0;939,9;940,1;939,9;;18,5;13,3;20,1;18,5;13,5;12,9;72;64;72;266;1,2;,2;
2021/05/11;0400 UTC;0;939,6;939,9;939,6;;18,9;12,8;18,9;18,5;13,3;12,8;72;68;68;290;1,5;0;
2021/05/11;0500 UTC;0;939,2;939,6;939,2;;19,3;12,5;19,4;18,8;12,9;12,4;68;65;65;349;1,1;0;
2021/05/11;0600 UTC;0;938,9;939,2;938,9;;19,6;12;20,3;19,1;12,6;12;66;60;62;332;2,8;,1;
2021/05/11;0700 UTC;0;938,5;938,9;938,5;;20,1;11,7;20,6;19,6;12,1;11,6;62;57;59;251;3,3;,1;
2021/05/11;0800 UTC;0;938,8;938,8;938,5;;19,1;11,5;20,1;19;11,8;11,4;62;59;61;163;1,5;,2;
2021/05/11;0900 UTC;0;939,6;939,6;938,8;;17,7;11,9;20;17,7;11,9;11,4;69;59;69;145;2,2;0;
2021/05/11;1000 UTC;0;940,3;940,3;939,6;150,1;20,3;12,2;20,3;17,5;12,2;11,8;70;59;60;99;1,7;,4;
2021/05/11;1100 UTC;0;941;941;940,3;945,1;22,5;11,8;22,6;20,2;12,6;11,7;60;51;51;107;2,3;1;
2021/05/11;1200 UTC;0;941,6;941,6;941;1710,4;24,3;11,6;24,4;22,4;12,6;11,5;52;45;45;86;5,5;3,1;
2021/05/11;1300 UTC;0;941,4;941,6;941,4;2349,4;26;11,1;26;24;12,2;11,1;47;39;39;79;7;3,4;
2021/05/11;1400 UTC;0;940,7;941,4;940,7;2764,2;27,8;10,8;28;25,9;11,3;9,5;39;34;35;71;7,5;2,4;
2021/05/11;1500 UTC;0;939,4;940,6;939,4;2946,5;28,7;10,1;28,7;26,8;11,6;9,8;37;31;31;83;7,7;2,9;
2021/05/11;1600 UTC;0;938,3;939,4;938,3;2876,2;28,6;9,9;29,3;27,8;10,6;9,6;33;31;31;88;8,6;3,6;
2021/05/11;1700 UTC;0;937,6;938,3;937,6;2527;28,9;9,4;29,4;28,3;10,4;9,1;32;29;30;90;7,8;3;
2021/05/11;1800 UTC;0;937,3;937,6;937,3;2014,8;28,7;9,3;29,2;28,4;9,8;8,9;31;29;30;100;7,8;2,8;
2021/05/11;1900 UTC;0;937,3;937,3;937,1;260,3;27,9;9;28,9;27,9;9,6;8,3;31;29;31;107;5,5;2,5;
2021/05/11;2000 UTC;0;937,5;937,5;937,3;114,5;26,2;9,3;28;26,2;9,7;8,6;35;30;35;100;5,5;1,8;
2021/05/11;2100 UTC;0;937,9;937,9;937,5;8,2;23;10,9;26,2;23;11;9,3;46;35;46;350;3,1;0;
2021/05/11;2200 UTC;0;938,2;938,2;937,9;;20,7;13,1;23;20,7;13,1;11;62;46;62;287;1;0;
2021/05/11;2300 UTC;0;938,8;938,8;938,2;;19,7;12,8;20,9;19,7;13,1;12,5;64;61;64;278;1,7;0;
2021/05/12;0000 UTC;0;939;939;938,8;;19,5;11,7;20;19,5;12,7;11,6;64;59;61;263;1,9;,1;
2021/05/12;0100 UTC;0;938,9;939,1;938,9;;18,8;11,5;19,7;18,5;12,1;11,5;65;60;63;267;2;,4;
2021/05/12;0200 UTC;0;939;939,1;938,9;;18,1;11,9;19,2;18,1;11,9;11,3;67;61;67;278;1,5;,2;
2021/05/12;0300 UTC;0;938,6;939;938,6;;18,2;11,4;18,5;18,1;11,9;11,3;67;64;64;263;1,8;,2;
2021/05/12;0400 UTC;0;938,4;938,7;938,4;;18;11,3;18,5;17,8;11,5;11,2;66;63;65;260;1,9;,2;
2021/05/12;0500 UTC;0;938,1;938,4;938,1;;18;11,3;18,2;17,8;11,4;11,1;66;64;65;263;1,7;,2;
2021/05/12;0600 UTC;0;938,1;938,2;938,1;;17,9;11,4;18,1;17,8;11,4;11,2;66;65;66;261;1,9;,4;
2021/05/12;0700 UTC;0;938,1;938,1;938;;17,6;11,7;17,9;17,2;11,7;11,4;69;66;69;256;1,9;,4;
2021/05/12;0800 UTC;0;938,4;938,4;938,1;;17,3;11,8;17,6;16;12;11,5;76;68;70;228;2,6;0;
2021/05/12;0900 UTC;0;939;939;938,4;;16,5;11,7;17,4;16,5;11,7;11,6;73;69;73;293;1,7;0;
2021/05/12;1000 UTC;0;939,5;939,5;939;136,9;18,9;12,5;18,9;16,5;12,6;11,7;73;66;67;252;0;0;
2021/05/12;1100 UTC;0;940,2;940,2;939,5;921,8;22,4;12,9;22,4;18,9;13,1;11,9;67;55;55;104;1,8;,6;
2021/05/12;1200 UTC;0;940,7;940,7;940,2;1687,4;24,8;12,9;25;22,4;13,7;12,6;55;47;48;109;3,1;1,2;
2021/05/12;1300 UTC;0;940,4;940,8;940,4;2319,5;26,8;13,6;27,2;24,6;13,9;12,8;49;43;44;37;3,9;1,2;
2021/05/12;1400 UTC;0;939,8;940,4;939,8;2764,3;27,8;10,1;29,3;26,7;13,7;10,1;44;31;33;289;4,7;1,9;
2021/05/12;1500 UTC;0;938,9;939,8;938,9;2939,2;29,9;9,4;30,4;27,7;11,7;8,8;35;27;28;325;7;1,8;
2021/05/12;1600 UTC;0;938;938,9;938;2879,1;30,6;10,3;31;29,1;11;8,5;30;27;29;352;5,7;1,6;
2021/05/12;1700 UTC;0;937,4;938;937,4;2663,4;30,2;10,6;31,2;29,8;11,4;9,8;31;28;30;3;5,9;1,2;
2021/05/12;1800 UTC;0;937,3;937,4;937,2;1425,1;29,3;10,7;30,5;29;11,4;10;33;29;31;297;4,1;1,2;
2021/05/12;1900 UTC;0;937,5;937,5;937,3;489,2;29,2;9;29,4;28,5;11,1;8,9;33;28;28;209;3,8;,5;
2021/05/12;2000 UTC;0;937,8;937,8;937,5;164,5;27;10,6;29,2;27;10,7;8,8;36;28;36;228;2,7;,2;
2021/05/12;2100 UTC;0;938,1;938,1;937,8;7,2;24,4;10,7;27;24,4;11;10,5;42;36;42;226;2,1;0;
2021/05/12;2200 UTC;0;938,5;938,5;938,1;;22,7;12,6;24,5;22,7;12,6;10,5;53;41;53;263;1,6;,5;
2021/05/12;2300 UTC;0;938,9;938,9;938,5;;21,5;12,1;22,7;21,5;12,7;12,1;56;53;55;271;1,9;0;
2021/05/13;0000 UTC;0;939;939;938,9;;20,7;12,2;21,5;20,4;12,9;12,1;61;55;58;256;1,5;0;
2021/05/13;0100 UTC;0;939,2;939,3;939;;20;11,9;20,7;19,8;12,5;11,8;62;58;60;255;1,8;,6;
2021/05/13;0200 UTC;0;939,2;939,3;939,2;;19,6;11,8;20,1;19,4;12,2;11,7;63;59;61;255;1,8;,2;
2021/05/13;0300 UTC;0;939;939,2;939;;19,2;12;19,6;19,2;12;11,6;63;61;63;260;1,8;0;
2021/05/13;0400 UTC;0;938,6;939;938,6;;19,4;12;19,5;19,2;12,1;11,9;63;62;62;259;1,8;,7;
2021/05/13;0500 UTC;0;938,3;938,7;938,3;;19;11,9;19,4;18,8;12;11,8;64;62;63;260;1,8;0;
2021/05/13;0600 UTC;0;938,5;938,5;938,2;;18,7;11,9;19,1;18;12,1;11,7;69;63;65;232;1,9;,4;
2021/05/13;0700 UTC;0;938,8;938,8;938,5;;18,3;12,9;19,3;18,3;12,9;11,8;70;62;70;223;1,9;0;
2021/05/13;0800 UTC;0;939,3;939,3;938,8;;17,6;13,6;18,3;17,5;13,7;12,8;77;70;77;339;1,1;0;
2021/05/13;0900 UTC;0;940,1;940,1;939,3;;17,6;13,8;17,8;17,6;13,9;13,7;78;77;78;15;,8;0;
2021/05/13;1000 UTC;0;940,6;940,6;940,1;129,7;18,9;14,4;18,9;17,3;14,4;13,7;80;75;75;229;,4;0;
2021/05/13;1100 UTC;0;941,3;941,3;940,6;880,3;21,7;14,4;21,8;18,9;14,7;14,1;75;63;63;206;2,6;,2;
2021/05/13;1200 UTC;0;941,9;941,9;941,3;1618,7;23;14,4;23;21,6;14,7;13,7;64;58;59;129;5,3;2;
2021/05/13;1300 UTC;0;941,6;941,9;941,6;2252,6;24,8;14,3;24,9;22,5;14,7;14;59;52;52;120;5,7;2,3;
2021/05/13;1400 UTC;0;941;941,6;941;2707,1;26,3;13,6;27,1;24,4;14,9;13,1;53;43;46;138;4,8;1,9;
2021/05/13;1500 UTC;0;940,2;940,9;940,2;2849,5;27,7;12,8;28;26,2;14;12,7;46;40;40;134;5,7;1,6;
2021/05/13;1600 UTC;0;939,4;940,2;939,4;2128,5;27,3;11,9;28,9;27,2;13,4;11,6;40;35;39;123;4,2;1,3;
2021/05/13;1700 UTC;0;938,5;939,4;938,5;1652,2;29,1;12,9;29,9;27,1;13,9;11;43;34;37;218;4;,9;
2021/05/13;1800 UTC;0;938,3;938,5;938,3;1943,5;27,9;13,1;29,9;27,6;13,9;12,4;42;35;40;134;5,2;2,1;
2021/05/13;1900 UTC;0;938,3;938,4;938,3;459,9;27,5;13,3;28,8;27,5;13,8;12,8;42;38;42;108;5,2;2,4;
2021/05/13;2000 UTC;0;938,4;938,4;938,3;155,1;25,8;13,2;27,7;25,8;13,6;13;46;41;46;135;4;,8;
2021/05/13;2100 UTC;0;938,5;938,6;938,4;9;23,9;14,1;25,8;23,9;14,1;13,2;54;46;54;126;2,4;0;
2021/05/13;2200 UTC;0;939;939;938,5;;22,1;15;23,9;22;15;13,9;64;54;64;304;1,1;0;
2021/05/13;2300 UTC;0;939,5;939,6;939;;20,9;14,9;22;20,9;15;14,6;69;64;69;280;1,1;0;
2021/05/14;0000 UTC;0;939,7;939,7;939,5;;20,6;14,5;20,9;20,4;14,9;14,5;69;68;68;245;1,1;0;
2021/05/14;0100 UTC;0;939,9;939,9;939,7;;19,7;14,2;20,6;19,7;14,6;14,2;71;67;71;290;,9;0;
2021/05/14;0200 UTC;0;939,6;940;939,6;;19,6;14,2;19,9;19,6;14,3;14;71;69;71;289;,9;0;
2021/05/14;0300 UTC;0;939,3;939,6;939,2;;19,5;14,5;19,6;19,2;14,6;14,2;74;71;73;262;,6;0;
2021/05/14;0400 UTC;0;939,1;939,3;939,1;;18,9;14,4;19,5;18,9;14,7;14,3;76;73;75;298;0;0;
2021/05/14;0500 UTC;0;939;939,1;939;;18,6;14,5;18,9;18,6;14,6;14,4;77;75;77;235;0;0;
2021/05/14;0600 UTC;0;939;939,1;938,9;;18,1;14,2;18,6;18;14,5;14,1;78;77;78;224;0;0;
2021/05/14;0700 UTC;0;939,2;939,3;938,9;;18,2;14,4;18,3;18;14,5;14,2;79;78;79;278;,9;0;
2021/05/14;0800 UTC;0;939,4;939,4;939;;17,2;14,2;18,2;17,2;14,4;14,2;83;79;83;118;,2;0;
2021/05/14;0900 UTC;0;939,9;939,9;939,4;;17;14,3;17,3;17;14,5;14,2;84;82;84;307;,2;0;
2021/05/14;1000 UTC;0;940,4;940,4;939,9;129;19;15,1;19;16,9;15,1;14,3;85;78;78;84;0;0;
2021/05/14;1100 UTC;0;941;941;940,4;869,1;21,6;15,3;21,6;19;15,4;14,8;78;67;67;123;2,9;,3;
2021/05/14;1200 UTC;0;941,5;941,5;941;1602,1;23,2;15,4;23,4;21,4;15,4;14,7;67;60;61;97;3,2;1,2;
2021/05/14;1300 UTC;0;941,4;941,6;941,4;2235,6;25,3;15,5;25,4;23,2;15,5;14,7;62;52;55;107;5,2;2,7;
2021/05/14;1400 UTC;0;941;941,5;941;2645,8;26,9;14,6;27,1;25,3;15,5;13,9;55;46;47;124;7;2,2;
2021/05/14;1500 UTC;0;940;941;940;2812,5;28,6;12,1;29,1;26,7;15,2;12;48;36;36;107;5,9;2,6;
2021/05/14;1600 UTC;0;939;940;939;2843,7;29,7;11,4;29,7;28,4;12,9;10,7;38;32;32;30;5,9;1,1;
2021/05/14;1700 UTC;0;938,1;939;938,1;1911,3;29,6;10;30;27,7;11,8;9,8;36;29;30;267;6,3;,4;
2021/05/14;1800 UTC;0;937,8;938,1;937,8;2040,5;29,3;10,4;31;28,8;10,9;10,1;32;28;31;89;4,4;1,6;
2021/05/14;1900 UTC;0;937,7;937,8;937,6;280,4;28,4;10,4;29,4;28,2;10,6;9,6;33;30;33;147;3,6;,7;
2021/05/14;2000 UTC;0;938,1;938,1;937,6;154,7;26,3;11,9;28,4;26,3;11,9;10,4;41;33;41;119;3,1;0;
2021/05/14;2100 UTC;0;938,4;938,4;938,1;12,9;24,1;13;26,3;24,1;13,1;11,8;50;41;50;129;0;0;
2021/05/14;2200 UTC;0;938,7;938,7;938,4;;22,3;14,4;24,1;22,3;14,5;12,9;61;50;61;275;1,1;,1;
2021/05/14;2300 UTC;0;939;939;938,7;;21,7;14;22,3;21,5;14,5;13,9;62;61;62;253;1,2;0;
2021/05/15;0000 UTC;0;939,4;939,4;939;;20,7;13,8;21,7;20,6;14,1;13,7;65;62;65;262;0;0;
2021/05/15;0100 UTC;0;939,4;939,5;939,4;;20;13,5;20,8;20;13,8;13,4;66;63;66;267;1,6;0;
2021/05/15;0200 UTC;0;938,7;939,4;938,7;;19;13,3;20,1;18,9;13,6;13,2;70;66;70;294;1,6;,1;
2021/05/15;0300 UTC;0;938,7;938,7;938,4;;19,5;13,1;19,7;19;13,4;12,8;70;65;66;282;1,6;0;
2021/05/15;0400 UTC;0;938,5;938,7;938,5;;18,8;13,1;19,7;18,7;13,2;13;70;66;70;249;1,3;,1;
2021/05/15;0500 UTC;0;938,4;938,5;938,4;;18,1;13,1;18,8;18,1;13,1;13;72;69;72;264;1,2;0;
2021/05/15;0600 UTC;0;938,4;938,4;938,2;;18,1;13,2;18,2;17,9;13,2;13;73;72;73;260;1,6;0;
2021/05/15;0700 UTC;0;938,4;938,5;938,3;;17,1;13,1;18,3;17,1;13,2;13;77;72;77;273;1,6;0;
2021/05/15;0800 UTC;0;938,8;938,8;938,4;;16,9;13,1;17,2;16,9;13,2;13;78;77;78;269;1,2;0;
2021/05/15;0900 UTC;0;939,6;939,6;938,8;;16,7;13,2;17;16,4;13,3;13;81;78;79;260;1,2;0;
2021/05/15;1000 UTC;0;940,1;940,2;939,6;137,8;18,2;13,9;18,2;16,5;14,1;13,1;81;76;76;286;,2;0;
2021/05/15;1100 UTC;0;940,6;940,6;940,1;861,2;22,4;14,8;22,4;18,2;15,1;13,8;76;61;62;58;2,5;,5;
2021/05/15;1200 UTC;0;941,2;941,2;940,6;1591,9;24,6;13,8;24,7;22;15;13,5;62;51;51;91;3,8;2;
2021/05/15;1300 UTC;0;941,2;941,3;941,1;2225,4;26,7;12,7;26,8;24,4;14,2;12,6;51;42;42;88;5,5;2,8;
2021/05/15;1400 UTC;0;940,8;941,2;940,7;2625,4;27,6;12,7;28,3;26,3;13,8;12,4;45;39;40;98;5,4;2;
2021/05/15;1500 UTC;0;939,8;940,8;939,8;2804,7;29,7;11,2;29,7;27,5;12,9;10,4;40;32;32;94;5,2;1,7;
2021/05/15;1600 UTC;0;938,8;939,8;938,8;2525,5;29,5;10,6;30,3;28,4;11,3;10;33;29;31;119;5,1;1,9;
2021/05/15;1700 UTC;0;938,3;938,8;938,3;1755,8;29,4;10,3;29,9;28,5;11;9,6;34;30;31;26;4,2;,9;
2021/05/15;1800 UTC;0;937,8;938,3;937,8;1420,2;30,1;10,6;30,3;28,3;11,3;10,2;34;30;30;271;2,8;1,1;
2021/05/15;1900 UTC;0;937,9;937,9;937,8;311,8;28,3;10,8;30,2;28,3;11;10,2;34;30;34;130;4;1,2;
2021/05/15;2000 UTC;0;938,2;938,2;937,9;100,2;25,9;12,3;28,3;25,9;12,3;10,7;43;34;43;143;2,8;,2;
2021/05/15;2100 UTC;0;938,5;938,5;938,2;6,9;23,5;14,1;25,9;23,5;14,2;12,3;56;43;56;310;1,3;0;
2021/05/15;2200 UTC;0;938,8;938,9;938,5;;21,9;14,2;23,5;21,9;14,3;13,9;62;56;62;266;1,4;,2;
2021/05/15;2300 UTC;0;939,1;939,1;938,8;;21,7;14,1;22,3;21,2;14,2;13,8;63;59;62;246;1,4;,2;
2021/05/16;0000 UTC;0;939,5;939,5;939,1;;20,5;13,7;21,7;20,4;14,2;13,7;67;62;65;260;1,7;,4;
2021/05/16;0100 UTC;0;939,8;939,8;939,5;;20,2;13,6;20,6;20;13,8;13,5;66;64;66;261;1,6;0;
2021/05/16;0200 UTC;0;939,6;939,9;939,6;;19,7;13,3;20,2;19,7;13,6;13,3;67;66;67;264;1,5;0;
2021/05/16;0300 UTC;0;939,5;939,6;939,5;;19,3;13,1;19,8;19,3;13,3;13,1;67;66;67;257;1,9;,4;
2021/05/16;0400 UTC;0;939,2;939,5;939,2;;19,6;12,7;19,7;19;13,1;12,6;68;64;64;264;1,6;0;
2021/05/16;0500 UTC;0;938,9;939,2;938,9;;18,5;12,9;19,6;18,5;13;12,7;70;64;70;266;1,1;,1;
2021/05/16;0600 UTC;0;938,5;938,9;938,5;;17,9;12,7;18,6;17,9;12,9;12,6;72;69;72;268;1,4;0;
2021/05/16;0700 UTC;0;938,7;938,7;938,4;;17,8;12,8;18,2;17,6;12,8;12,6;73;70;72;265;1,4;,1;
2021/05/16;0800 UTC;0;939,1;939,1;938,7;;17,7;12,6;17,8;17,3;12,8;12,6;74;72;72;255;1,2;0;
2021/05/16;0900 UTC;0;940;940;939,1;;17;12,7;17,8;17;12,8;12,5;76;71;76;287;0;0;
2021/05/16;1000 UTC;0;940,7;940,7;940;147,3;18,2;13,2;18,2;16,7;13,3;12,8;78;73;73;281;0;0;
2021/05/16;1100 UTC;0;941,1;941,1;940,7;946,5;22,7;13,5;22,9;18,2;14;12,9;73;55;56;152;2;,4;
2021/05/16;1200 UTC;0;941,5;941,5;941;1459,7;25,4;13,5;25,6;22;14,3;12,8;57;47;48;110;3,5;,9;
2021/05/16;1300 UTC;0;941,5;941,7;941,5;2067,8;26,2;13;27,1;24,9;14;12,6;50;42;44;131;3,9;1,5;
2021/05/16;1400 UTC;0;941,2;941,7;941,2;2352,6;28,2;12,2;28,5;26,2;13,7;11,9;44;37;37;69;4,7;1,5;
2021/05/16;1500 UTC;0;940,4;941,2;940,4;2858,7;29,5;11,2;29,9;28,1;13,1;11,2;38;32;32;96;5,3;2,6;
2021/05/16;1600 UTC;0;939,5;940,4;939,5;2498,9;29,7;10,7;30,5;28,5;12,2;10,7;35;30;31;106;7,5;2,3;
2021/05/16;1700 UTC;0;938,6;939,6;938,6;1790,2;29,1;10,5;30,4;28,5;11,3;10;33;30;31;87;5,6;2;
2021/05/16;1800 UTC;0;938,7;938,7;938,5;1551;29,4;10,6;30,1;28,6;11,3;10,2;33;30;31;65;5;1,4;
2021/05/16;1900 UTC;0;938,5;938,7;938,4;447,9;27,9;11,1;29,4;27,8;11,7;10,2;37;30;35;146;4,9;1;
2021/05/16;2000 UTC;0;939;939;938,5;206,6;26,4;12,5;28;26,4;12,7;10,6;42;34;42;144;3;,6;
2021/05/16;2100 UTC;0;939,2;939,3;939;12;24;13,3;26,4;24;13,3;12,4;51;42;51;275;1,5;0;
2021/05/16;2200 UTC;0;939,7;939,7;939,2;;21,4;14,1;24,1;21,4;14,3;13,2;63;51;63;294;1,7;,1;
2021/05/16;2300 UTC;0;940,2;940,2;939,7;;21,4;13,7;21,6;21,1;14,5;13,7;66;61;61;256;1,8;,5;
2021/05/17;0000 UTC;0;940,2;940,3;940,2;;20,7;13,5;21,4;20,2;14;13,5;67;61;63;257;2;,7;
2021/05/17;0100 UTC;0;940,2;940,4;940,2;;20,6;13,1;20,7;20,2;13,5;13,1;64;62;62;256;2,3;,3;
2021/05/17;0200 UTC;0;940,2;940,2;940,1;;19,7;13,1;20,6;19,3;13,4;13;69;62;66;260;2,3;,2;
2021/05/17;0300 UTC;0;939,9;940,2;939,9;;19,4;13,1;19,7;19,3;13,2;13;67;66;67;271;1,7;,1;
2021/05/17;0400 UTC;0;939,6;939,9;939,6;;18,6;13,3;19,9;18,5;13,3;12,9;72;65;71;268;1,5;,1;
2021/05/17;0500 UTC;0;939,3;939,6;939,3;;19,2;13;19,2;18,6;13,3;12,9;71;67;67;254;1,6;0;
2021/05/17;0600 UTC;0;939,1;939,3;939,1;;18,1;13,2;19,3;18;13,3;13;73;67;73;267;1,3;,1;
2021/05/17;0700 UTC;0;939,7;939,7;939,1;;17,9;13,1;18,4;17,9;13,2;13;73;72;73;82;1,7;0;
2021/05/17;0800 UTC;0;939,7;939,8;939,5;;17,4;13;18,3;17,4;13,1;12,9;75;71;75;247;2,4;0;
2021/05/17;0900 UTC;0;940,4;940,5;939,7;;17,2;13,1;18;17,1;13,1;12,9;77;73;77;277;1,2;0;
2021/05/17;1000 UTC;0;940,8;940,8;940,4;149,4;18,2;13,8;18,5;17,2;13,9;13,1;77;74;75;304;1,3;0;
2021/05/17;1100 UTC;0;941,5;941,5;940,8;651,5;21,9;13,7;21,9;18,2;14,3;13,4;75;59;60;230;2,1;,3;
2021/05/17;1200 UTC;0;941,8;941,8;941,5;1359,6;24,2;13,6;24,3;21,9;14,2;13,1;59;51;51;218;1,8;0;
2021/05/17;1300 UTC;0;941,7;941,8;941,7;1958,8;25,3;14;25,3;24,1;14,1;13,1;52;49;50;121;3,5;1,5;
2021/05/17;1400 UTC;0;941,2;941,7;941,2;2502,8;27,7;14;28;24,9;14,7;13,5;50;42;43;117;5;1,6;
2021/05/17;1500 UTC;0;940,7;941,2;940,6;2592,3;28,8;12,3;28,9;27,2;14,7;12,3;45;36;36;129;5,2;1,9;
2021/05/17;1600 UTC;0;939,6;940,7;939,6;2540;29,4;11,6;29,6;28,3;13,4;10,9;39;32;33;142;5,7;1,8;
2021/05/17;1700 UTC;0;939;939,6;939;1808;28,8;11,8;29,7;28,5;12,8;10,9;37;33;35;131;5,3;,5;
2021/05/17;1800 UTC;0;938,8;939;938,7;1215,7;28,4;12,8;28,9;28,1;12,9;11,7;39;35;38;140;4,5;1;
2021/05/17;1900 UTC;0;938,7;938,8;938,7;600,5;27,5;12,2;28,6;27,4;13;11,5;39;36;39;148;3,9;1,1;
2021/05/17;2000 UTC;0;939;939;938,6;270,1;26,4;12,8;27,5;26,4;12,9;12,1;43;38;43;135;4;,8;
2021/05/17;2100 UTC;0;938,9;939,1;938,9;5,5;23,7;13,8;26,4;23,7;14;12,7;54;43;54;154;2,5;0;
2021/05/17;2200 UTC;0;939,3;939,3;938,9;;21,8;14,7;23,7;21,8;14,9;13,6;64;53;64;267;1,3;,1;
2021/05/17;2300 UTC;0;939,8;939,8;939,3;;21,2;13,9;21,8;21,2;14,7;13,9;65;63;63;257;1,8;,4;
2021/05/18;0000 UTC;0;940;940;939,7;;20,4;13,8;21,2;20,4;13,9;13,7;66;63;66;275;1,8;0;
2021/05/18;0100 UTC;0;939,9;940,1;939,8;;20,8;13,8;20,8;20,3;13,9;13,7;66;64;64;258;1,8;0;
2021/05/18;0200 UTC;0;940;940,2;939,9;;20,4;13,6;20,9;19,9;13,8;13,2;67;61;65;317;1,7;,2;
2021/05/18;0300 UTC;0;939,8;940,3;939,8;;19,6;13,7;20,4;19,5;13,8;13,6;70;65;69;251;1,7;0;
2021/05/18;0400 UTC;0;939,6;940,1;939,6;;19,1;13,3;19,7;19,1;13,7;13,2;70;68;69;270;,9;0;
2021/05/18;0500 UTC;0;939,6;939,7;939,5;;19;12,7;19,2;19;13,4;12,7;70;66;67;258;1,2;,1;
2021/05/18;0600 UTC;0;939,3;939,6;939,1;;18,4;12,4;19;18,3;12,7;12,4;69;67;68;257;1,1;0;
2021/05/18;0700 UTC;0;939,5;939,6;939,3;;17,9;12;18,4;17,9;12,4;12;69;67;69;266;1,6;,2;
2021/05/18;0800 UTC;0;939,5;939,7;939,3;;17,6;11,9;18,1;17,6;12,1;11,9;69;68;69;261;1,6;,2;
2021/05/18;0900 UTC;0;939,9;939,9;939,5;;17,8;11,9;17,9;17,6;12;11,9;69;68;68;270;1,6;,1;
2021/05/18;1000 UTC;0;940,4;940,4;939,9;96,2;18,6;12;18,6;17,6;12,2;11,9;70;66;66;258;1,6;0;
2021/05/18;1100 UTC;0;941;941;940,4;557,4;21,4;13,1;21,4;18,6;13,7;12;67;58;59;265;0;0;
2021/05/18;1200 UTC;0;941,7;941,7;941;1168,2;24,2;11,2;24,4;21,4;13,4;11;59;44;44;108;3,6;1,1;
2021/05/18;1300 UTC;0;941,5;941,8;941,5;1688;24,9;11,5;25,3;24;12,3;11,1;47;42;43;142;4,2;1,7;
2021/05/18;1400 UTC;0;941;941,5;941;2437,2;27,1;11,7;27,2;24,9;12,6;11,3;44;38;38;118;4,8;1,9;
2021/05/18;1500 UTC;0;940;941;940;2676,2;27,7;10,5;28,4;26,7;12,2;10,3;38;34;34;126;6,4;2,4;
2021/05/18;1600 UTC;0;939,1;940;939,1;2661,9;28,8;10,7;28,9;27,6;11,5;10,4;36;33;33;154;6,4;1,7;
2021/05/18;1700 UTC;0;938,2;939,1;938,2;2470,3;29;10,2;29,7;28;11;9,5;33;30;31;171;5,3;1;
2021/05/18;1800 UTC;0;937,9;938,2;937,8;1928,7;28,8;8,9;29,7;28,4;10,5;8;32;27;29;60;5,2;,9;
2021/05/18;1900 UTC;0;938,1;938,1;937,9;286,5;27,7;9,2;29,2;27,3;9,4;8,4;33;28;31;123;4,2;1;
2021/05/18;2000 UTC;0;938,3;938,3;938,1;111,9;26,1;10,4;27,8;26,1;10,5;9,1;37;31;37;133;3,7;1,1;
2021/05/18;2100 UTC;0;938,9;938,9;938,3;6,7;23,5;11;26,1;23,5;11;10,3;45;37;45;275;2,1;0;
2021/05/18;2200 UTC;0;939,2;939,2;938,8;;21,4;12,3;23,6;21,4;12,7;11;56;45;56;268;1,8;,3;
2021/05/18;2300 UTC;0;939,3;939,4;939,2;;20,3;12,2;21,4;20,3;12,7;11,9;60;56;60;259;1,8;,3;
2021/05/19;0000 UTC;0;939,5;939,5;939,3;;19,2;12,1;20,4;19,2;12,4;11,8;64;59;64;277;1,7;0;
2021/05/19;0100 UTC;0;939,5;939,5;939,4;;19,2;10,9;19,5;18,6;12,1;10,9;66;59;59;260;1,9;,5;
2021/05/19;0200 UTC;0;939,3;939,5;939,3;;18,3;10,7;19,2;18,3;11,5;10,7;65;59;61;266;2;,4;
2021/05/19;0300 UTC;0;939,2;939,4;939,2;;17,9;10,7;18,9;17,8;11,1;10,5;65;58;63;263;1,8;1;
2021/05/19;0400 UTC;0;938,9;939,2;938,9;;17,6;10,3;18,2;17,6;10,7;10,3;63;60;62;263;2,1;,9;
2021/05/19;0500 UTC;0;938,6;938,9;938,6;;17;10,4;17,8;17;10,4;10,2;65;62;65;268;1,9;,8;
2021/05/19;0600 UTC;0;938,5;938,7;938,5;;17,1;10;17,4;17;10,4;9,9;65;62;63;263;2,3;1;
2021/05/19;0700 UTC;0;938,4;938,5;938,3;;16,7;10,1;17,4;16,7;10,1;10;65;62;65;261;2,1;,6;
2021/05/19;0800 UTC;0;938,6;938,6;938,4;;16,6;10,2;16,9;16,3;10,4;10,1;68;65;66;255;2;,9;
2021/05/19;0900 UTC;0;939,1;939,1;938,6;;16,5;10,2;16,8;16,5;10,2;10,1;66;65;66;258;1,7;,8;
2021/05/19;1000 UTC;0;939,8;939,8;939,1;118,8;17,6;11,1;17,6;16,4;11,2;10,1;69;64;66;277;1,8;0;
2021/05/19;1100 UTC;0;940,3;940,3;939,8;889,9;22,9;11,3;23,1;17,6;12,1;10,7;66;48;48;356;,5;0;
2021/05/19;1200 UTC;0;940,6;940,6;940,3;1644,4;26;9,7;26,4;22,8;11,7;9,4;49;36;36;104;2,9;1,2;
2021/05/19;1300 UTC;0;940,4;940,7;940,4;2278,8;27,3;10,3;27,6;25,8;11,1;8,5;37;32;35;77;4,7;2;
2021/05/19;1400 UTC;0;939,8;940,4;939,8;2691;28,7;7,9;28,7;26,8;10,7;7,2;36;26;27;103;4,3;2;
2021/05/19;1500 UTC;0;939,2;939,8;939,2;2843,1;29,6;6,7;30;28;8,1;6,3;27;23;24;147;5,1;,7;
2021/05/19;1600 UTC;0;938,3;939,2;938,3;2778,2;29,3;6,2;30,4;28;7,4;5,6;25;22;23;192;4;1,3;
2021/05/19;1700 UTC;0;937,4;938,3;937,4;2476;30;6,6;30,3;28,9;7,4;6,1;25;23;23;30;4,9;1,4;
2021/05/19;1800 UTC;0;937,1;937,4;937,1;1911,8;29,9;6,8;31;29,5;7,6;5,9;24;21;23;4;4,4;,3;
2021/05/19;1900 UTC;0;937;937,1;936,9;208;28,5;7,4;30;28,5;7,4;6,1;26;23;26;149;3,2;,5;
2021/05/19;2000 UTC;0;937,2;937,2;937;106,4;26,7;7,6;28,6;26,7;7,7;6,2;30;24;30;136;2,6;,1;
2021/05/19;2100 UTC;0;937,7;937,7;937,2;6;23,9;9,1;26,7;23,9;9,1;7,5;39;30;39;218;1,3;0;
2021/05/19;2200 UTC;0;938;938,1;937,6;;22,2;10,4;23,9;21,7;10,6;8,7;49;38;47;237;1,5;0;
2021/05/19;2300 UTC;0;938,5;938,5;938;;20,7;10,3;22,2;20,5;10,9;10,1;54;47;51;258;1,5;,7;
2021/05/20;0000 UTC;0;938,8;938,8;938,5;;19,8;10,1;20,7;19,8;10,5;10,1;54;51;54;264;1,6;,8;
2021/05/20;0100 UTC;0;938,9;938,9;938,8;;19,3;9,9;19,7;19,1;10,2;9,9;56;54;54;265;1,6;0;
2021/05/20;0200 UTC;0;938,8;938,9;938,8;;18,6;9,9;19,4;18,2;10,6;9,8;61;54;57;256;1,9;,5;
2021/05/20;0300 UTC;0;938,5;938,8;938,4;;18,4;9,4;19,1;18,1;9,9;9,2;57;53;56;269;2,3;,6;
2021/05/20;0400 UTC;0;938,1;938,5;938,1;;18;9,4;18,4;17,5;9,7;9,2;60;55;57;249;1,9;,9;
2021/05/20;0500 UTC;0;937,8;938,1;937,8;;17,9;9,1;18,1;17,6;9,3;9;58;56;57;253;2,3;1;
2021/05/20;0600 UTC;0;937,7;937,8;937,6;;17,3;9,2;18,1;17,3;9,3;8,9;59;56;59;252;2,3;,2;
2021/05/20;0700 UTC;0;937,7;937,7;937,6;;18;9,2;18,1;17,3;9,3;9;59;56;57;260;1,9;,3;
2021/05/20;0800 UTC;0;938;938;937,7;;18;10;18,4;17,7;10;9,2;60;55;60;252;2,2;,4;
2021/05/20;0900 UTC;0;938,7;938,7;938;;17,9;10,3;18,7;17,6;10,5;9,8;63;57;61;230;2,2;0;
2021/05/20;1000 UTC;0;939,3;939,3;938,7;117;17,6;11,3;18,2;16,9;11,4;10,2;67;61;66;296;2;,4;
2021/05/20;1100 UTC;0;939,7;939,7;939,3;877,3;24,2;10,5;24,2;17,6;11,2;10,1;66;42;42;348;1,9;0;
2021/05/20;1200 UTC;0;940,2;940,3;939,7;1595,6;25,6;10,3;25,8;23,6;10,6;8,6;43;34;38;84;3,4;1,9;
2021/05/20;1300 UTC;0;940,2;940,4;940,2;2199,1;26,9;8,4;26,9;25,4;10,9;8,2;39;31;31;97;4;1,9;
2021/05/20;1400 UTC;0;939,6;940,2;939,6;2629,3;28,3;8,6;29;26,8;9,5;7,9;32;28;29;64;4,6;2,3;
2021/05/20;1500 UTC;0;938,5;939,6;938,5;2804,9;29,6;9,1;29,7;28,2;9,5;7,8;30;26;28;75;6,3;2,4;
2021/05/20;1600 UTC;0;937,6;938,5;937,6;2764,2;30,1;7,7;31,1;29,2;9,2;7,5;28;24;25;7;6,3;1,6;
2021/05/20;1700 UTC;0;936,7;937,6;936,7;2404,4;30,9;8,4;31,8;29,5;8,8;7,2;26;23;25;4;4,9;,4;
2021/05/20;1800 UTC;0;936,3;936,7;936,3;1855;30,3;8,2;31,2;30;8,8;7,8;26;25;25;332;5,8;2,3;
2021/05/20;1900 UTC;0;936,3;936,3;936,2;236,4;28,9;8;30,7;28,9;8,6;7,8;28;25;27;338;5,5;2,2;
2021/05/20;2000 UTC;0;936,6;936,6;936,3;123,8;27,1;8,5;28,9;27,1;8,5;7,8;31;27;31;341;5,2;1,3;
2021/05/20;2100 UTC;0;936,9;936,9;936,6;7,6;25;10,7;27,1;24,8;10,7;8,4;41;31;41;267;2,4;1,1;
2021/05/20;2200 UTC;0;937,2;937,2;936,9;;22,7;11,4;25;22,5;11,8;10,8;50;41;49;269;2,4;,6;
2021/05/20;2300 UTC;0;937,6;937,6;937,2;;22,1;11,1;22,9;21,9;11,5;11,1;51;48;50;272;2,1;,8;
2021/05/21;0000 UTC;0;937,8;937,8;937,6;;21,2;10,8;22,1;21,2;11,1;10,8;52;50;52;265;2,3;,6;
2021/05/21;0100 UTC;0;938;938;937,8;;20,2;10,8;21,2;20,2;10,9;10,6;55;52;55;272;1,8;0;
2021/05/21;0200 UTC;0;937,9;938;937,8;;19;11,5;20,2;18,2;11,6;10,8;65;55;62;267;1,4;,2;
2021/05/21;0300 UTC;0;937,6;937,9;937,6;;18,8;11,4;19;18,2;11,6;11,3;65;62;62;269;1,8;,2;
2021/05/21;0400 UTC;0;937,2;937,6;937,2;;18,4;11;18,8;18;11,4;11;65;62;62;261;2;,2;
2021/05/21;0500 UTC;0;936,8;937,2;936,8;;18,1;10,9;18,6;18;11;10,8;63;61;63;264;1,6;,5;
2021/05/21;0600 UTC;0;936,6;936,8;936,6;;17,8;10,9;18,2;17,5;11;10,8;65;63;64;261;2;,2;
2021/05/21;0700 UTC;0;936,4;936,7;936,3;;17,8;10,8;17,9;17,3;11;10,8;66;64;64;251;1,5;0;
2021/05/21;0800 UTC;0;936,9;936,9;936,4;;17,2;10,9;17,9;17,1;10,9;10,6;67;64;67;266;1,7;,1;
2021/05/21;0900 UTC;0;937,8;937,8;936,9;;16,9;10,9;17,3;16,7;11;10,8;69;66;68;262;1,6;,3;
2021/05/21;1000 UTC;0;938,3;938,4;937,7;108,4;18,4;11,4;18,4;16,8;11,5;11;69;64;64;266;1,6;,6;
2021/05/21;1100 UTC;0;939;939;938,3;883,9;23,7;12,6;23,7;18,4;12,6;11,2;64;48;50;65;1,5;,1;
2021/05/21;1200 UTC;0;939,3;939,4;939;1604,8;26,1;12,6;26,1;23,7;13,6;12,2;52;43;43;99;3;1,1;
2021/05/21;1300 UTC;0;939,1;939,3;939,1;2214,2;28;12,8;28,2;26;13,3;12;44;38;39;69;4,6;1,6;
2021/05/21;1400 UTC;0;938,5;939,1;938,5;2636,1;29,8;11,3;30,1;27,7;12,6;11;39;32;32;12;4,8;1,8;
2021/05/21;1500 UTC;0;937,5;938,5;937,5;2818,5;30,8;10,9;31,7;29,8;11,9;10,3;32;29;29;317;5,5;1,6;
2021/05/21;1600 UTC;0;936,6;937,6;936,6;2631;31;11,4;31,6;29,1;13;10,4;33;30;30;327;6,8;2,5;
2021/05/21;1700 UTC;0;935,7;936,6;935,7;2426;31,6;11,7;32,1;30,9;12,2;10,8;31;28;29;332;6,4;1,8;
2021/05/21;1800 UTC;0;935,2;935,7;935,2;1850,3;30,7;11,9;31,7;30,3;11,9;11;32;29;31;359;5,9;2,2;
2021/05/21;1900 UTC;0;935,6;935,6;935,2;231,1;29,3;12;31,3;29,3;12,2;11,2;35;29;34;334;6,1;2,6;
2021/05/21;2000 UTC;0;936,1;936,1;935,6;111,2;27,7;12,7;29,3;27,7;12,8;12;40;34;40;341;5,2;2;
2021/05/21;2100 UTC;0;936,6;936,6;936,1;7,9;25,6;13,6;27,7;25,6;13,8;12,6;48;39;48;267;4;,4;
2021/05/21;2200 UTC;0;937,1;937,1;936,6;;24,4;14,5;25,6;23,9;14,7;13,7;56;48;54;260;2,5;,4;
2021/05/21;2300 UTC;0;937,5;937,5;937,1;;23,3;14,6;24,4;22,9;14,7;14,3;59;53;58;267;1,8;,3;
2021/05/22;0000 UTC;0;937,7;937,7;937,5;;22,6;14,4;23,5;22,6;14,6;14,3;60;57;60;278;2,6;,6;
2021/05/22;0100 UTC;0;937,6;937,7;937,6;;22,7;14,4;23;22,4;14,5;14,3;61;59;60;273;2,2;,8;
2021/05/22;0200 UTC;0;937,4;937,6;937,4;;22,2;14,6;22,7;22;14,7;14,3;63;60;62;263;1,9;,8;
2021/05/22;0300 UTC;0;937,5;937,5;937,4;;22,2;14,8;22,2;21,3;14,9;14,6;66;62;63;270;2,1;1,1;
2021/05/22;0400 UTC;0;937,2;937,5;937,2;;21,7;14,6;22,3;21;14,9;14,6;68;63;64;246;2,7;,1;
2021/05/22;0500 UTC;0;936,7;937,2;936,7;;20,2;14,6;21,7;20,2;14,7;14,5;70;64;70;276;1,3;0;
2021/05/22;0600 UTC;0;936,3;936,8;936,3;;19,9;14,8;20,5;19,7;14,8;14,6;72;70;72;268;1,5;0;
2021/05/22;0700 UTC;0;936,5;936,5;936,3;;18,8;14,7;19,9;18,8;14,8;14,6;77;72;77;300;2;0;
2021/05/22;0800 UTC;0;936,9;936,9;936,5;;19,8;14,7;20;18,8;15;14,7;77;72;73;274;1,8;,1;
2021/05/22;0900 UTC;0;937,6;937,6;936,8;;19,2;14,9;19,8;18,9;14,9;14,6;77;73;76;275;1,6;,3;
2021/05/22;1000 UTC;0;938,1;938,1;937,6;142;22;15,5;22;19,2;15,5;14,9;76;67;67;306;2;0;
2021/05/22;1100 UTC;0;938,2;938,2;937,9;769,6;25,5;16,2;25,8;22;16,4;15,3;67;56;56;103;1,1;,1;
2021/05/22;1200 UTC;0;938,5;938,5;938,2;1454,9;28,4;16;28,5;25,6;17;15,4;56;46;47;45;3,9;1,6;
2021/05/22;1300 UTC;0;938;938,5;938;2176,1;29,8;15,1;29,9;28,5;16;14,5;47;40;41;341;7,3;3,6;
2021/05/22;1400 UTC;0;937,5;938,1;937,5;2587,6;31,3;15,1;31,3;29,5;15,6;14,9;42;37;38;352;8,3;3,3;
2021/05/22;1500 UTC;0;936,7;937,5;936,7;2752,7;31,9;14,2;33;30,9;15,2;13,9;38;33;34;323;8,8;3,1;
2021/05/22;1600 UTC;0;935,7;936,7;935,6;2722,6;31,8;14,3;33,3;31,8;15,1;13,7;35;32;35;348;8,8;3;
2021/05/22;1700 UTC;0;935,5;935,7;935,5;1557,1;31,7;14,9;32,9;31,1;15,5;14,3;38;33;36;296;7,2;2,1;
2021/05/22;1800 UTC;0;934,9;935,6;934,9;1426,8;31,7;14,6;33;31,1;15,6;14,2;38;33;36;308;6,2;1,5;
2021/05/22;1900 UTC;0;935,6;935,6;934,9;663,9;30,7;14,2;32;30,5;15,5;14,2;40;35;37;296;5,1;1,4;
2021/05/22;2000 UTC;0;938,4;938,5;935,6;100,7;20;16;30,8;20;16;13,5;78;37;78;168;10,5;2;
2021/05/22;2100 UTC;0;939,2;939,2;938,4;;18,2;16;20;18,2;16,5;15,9;89;78;87;119;8,6;1,8;
2021/05/22;2200 UTC;9,4;939,3;939,4;939,2;;17,1;16;18,2;17,1;16,3;16;94;87;93;119;6,9;2,2;
2021/05/22;2300 UTC;2,8;940,6;940,6;939,3;;17,2;16,2;17,5;17;16,5;16;94;93;94;151;5,8;,3;
2021/05/23;0000 UTC;5;940,2;940,8;940,2;;17,3;16,3;17,6;17,2;16,6;16,2;94;94;94;51;2,1;,1;
2021/05/23;0100 UTC;1,8;939,8;940,5;939,8;;17,6;16,6;17,9;17,4;17;16,5;94;94;94;134;1,4;,1;
2021/05/23;0200 UTC;,6;939,2;939,8;939,2;;17,8;16,8;18;17,6;17;16,5;94;94;94;115;3,1;1,5;
2021/05/23;0300 UTC;,2;939;939,5;938,9;;17,7;16,7;18;17,7;17;16,7;94;94;94;68;3,1;,4;
2021/05/23;0400 UTC;0;938,8;939;938,8;;18;17;18;17,7;17;16,7;94;94;94;98;1,9;0;
2021/05/23;0500 UTC;0;940;940;938,8;;18,1;17;18,4;17,8;17,4;16,7;94;93;93;223;3,9;1,1;
2021/05/23;0600 UTC;,2;939,2;940,1;939,2;;19;17,2;19;18;17,4;17;94;89;89;222;6,2;1,7;
2021/05/23;0700 UTC;2;939;939,2;939;;19;16,2;19,1;18,7;17,2;16,2;89;84;84;232;6,2;,9;
2021/05/23;0800 UTC;,8;939,1;939,2;938,9;;18,3;16,3;19,2;18,2;16,4;16,1;89;83;88;296;5,1;1,1;
2021/05/23;0900 UTC;,2;937,7;939,1;937,7;;19,5;16,6;19,5;18,3;16,6;16,2;88;83;83;293;4,1;1,4;
2021/05/23;1000 UTC;0;937,8;938,3;937,6;34,3;19,4;16,5;20,5;18,9;16,6;16,1;86;78;83;288;8,7;1,3;
2021/05/23;1100 UTC;0;938,8;938,8;936,7;140,4;21,1;15,4;24,7;19,4;16,5;12,1;83;46;70;298;13,6;2;
2021/05/23;1200 UTC;0;939;939,1;938,7;447,4;22,2;16;22,2;20,4;16,1;15,3;75;66;68;301;8,1;1,5;
2021/05/23;1300 UTC;0;938,7;939;938,6;1209,9;24,6;17,1;24,7;22,2;17,3;15,8;70;62;63;309;6,3;1,3;
2021/05/23;1400 UTC;0;938,8;938,8;938,4;1100;25,4;16,1;25,8;24,5;17,1;15,7;63;56;57;264;4,5;1,5;
2021/05/23;1500 UTC;0;938,4;938,8;938,4;1650,2;26,6;16,6;27,7;25,4;17,6;14,9;59;48;54;310;4,2;1,7;
2021/05/23;1600 UTC;0;937,7;938,4;937,7;1539,4;27,9;17;27,9;26,7;17,2;15,8;54;49;52;330;4,5;1,8;
2021/05/23;1700 UTC;0;937,4;937,8;937,4;1409,4;27,9;16,6;28,4;27,5;17,5;15,9;53;48;50;279;4,3;1,5;
2021/05/23;1800 UTC;0;937,8;937,8;937,4;739,9;26,4;17,6;28,4;26,4;17,6;15,9;58;47;58;252;4,8;1,6;
2021/05/23;1900 UTC;0;938,6;938,6;937,8;211,8;24,8;18,2;26,4;24,8;18,9;17,6;68;58;67;234;4,3;1,7;
2021/05/23;2000 UTC;0;938,4;938,7;938,4;61,9;23,2;17,5;24,8;23,2;18,3;17,1;71;66;70;124;4,6;,9;
2021/05/23;2100 UTC;0;938,2;938,4;937,9;;22,1;18;23,2;22,1;18,1;17,2;78;69;77;107;1,9;,3;
2021/05/23;2200 UTC;0;939,1;939,1;938,2;;21,6;18,1;22,2;21,6;18,4;17,8;81;77;80;79;1,9;,2;
2021/05/23;2300 UTC;0;939,6;939,6;939,1;;20,6;18,3;21,6;20,6;18,5;18;87;80;87;111;4;,6;
2021/05/24;0000 UTC;0;940,2;940,2;939,6;;20,3;18;20,6;20,3;18,3;18;87;86;87;144;2,3;,6;
2021/05/24;0100 UTC;0;940,6;940,6;940,2;;19,7;17,9;20,3;19,7;18,1;17,9;89;87;89;130;2,1;,1;
2021/05/24;0200 UTC;0;940,2;940,6;940,1;;19,4;17,9;19,7;19,3;18;17,8;91;89;91;63;1,9;,1;
2021/05/24;0300 UTC;0;940,1;940,3;940,1;;19,4;18;19,4;19,2;18;17,9;92;91;92;132;2,9;1,2;
2021/05/24;0400 UTC;0;939,8;940,1;939,8;;19,3;18,1;19,5;19,3;18,2;18;93;92;93;124;4,5;1,8;
2021/05/24;0500 UTC;0;939,4;939,8;939,4;;19,1;18;19,3;19,1;18,1;18;93;93;93;139;4,5;1,5;
2021/05/24;0600 UTC;0;939,3;939,5;939,3;;19;17,8;19,1;18,9;18;17,7;93;93;93;119;4,7;,9;
2021/05/24;0700 UTC;0;939,5;939,5;939,1;;18,7;17,5;19;18,7;17,8;17,5;93;92;93;130;5,2;2,2;
2021/05/24;0800 UTC;0;939,9;939,9;939,5;;18,3;17,3;18,6;18,2;17,5;17,3;94;93;94;132;5,2;1,9;
2021/05/24;0900 UTC;0;940,3;940,3;939,9;,3;17,9;17;18,3;17,7;17,3;16,8;95;94;95;138;5,3;1,1;
2021/05/24;1000 UTC;0;941,5;941,5;940,3;70,7;16,9;14,6;17,9;16,6;16,9;14,5;95;86;86;142;5,8;1,6;
2021/05/24;1100 UTC;0;942,2;942,2;941,5;630,9;17,6;13,9;18;16,8;14,5;13,4;86;75;79;140;5,3;1,8;
2021/05/24;1200 UTC;0;942,6;942,6;942,2;1049,3;18;14,3;19;17,6;14,9;13,9;80;74;79;125;6,4;2,5;
2021/05/24;1300 UTC;0;942,1;942,6;941,9;1127,5;18,9;14,9;19,7;17,8;15,2;14,4;82;74;77;134;6,4;1,8;
2021/05/24;1400 UTC;0;941,5;942,1;941,5;2228;20,7;15,5;21,5;18,9;16,2;14,9;78;70;72;104;5,1;2,2;
2021/05/24;1500 UTC;0;940,6;941,5;940,6;2736,9;22,7;16,6;22,9;20,7;16,8;15,6;73;67;68;107;4,8;1,9;
2021/05/24;1600 UTC;0;939,6;940,6;939,6;2702,9;24,3;16,9;24,3;22,6;17;16;69;63;63;145;5;1,5;
2021/05/24;1700 UTC;0;938,8;939,6;938,8;2401,3;24,5;16,9;25,2;23,6;17,5;16,1;65;61;62;136;5,6;1,7;
2021/05/24;1800 UTC;0;938,1;938,9;938,1;1789,8;25,1;16,8;25,3;24,2;17,4;16,4;64;60;60;133;4,7;1,6;
2021/05/24;1900 UTC;0;938,1;938,1;938;274;24,1;16,9;25,1;24;17,4;16,6;65;60;64;128;4,9;2,1;
2021/05/24;2000 UTC;0;938,5;938,5;938,1;167,1;23,3;16,9;24,2;23,3;17,3;16,8;68;64;67;129;4,2;1,2;
2021/05/24;2100 UTC;0;938,9;938,9;938,5;11,8;21,9;17;23,3;21,9;17,2;16,9;74;67;74;134;2,7;,8;
2021/05/24;2200 UTC;0;939,7;939,7;938,9;;20,5;16,9;21,9;20,5;17,2;16,8;80;74;80;109;2;0;
2021/05/24;2300 UTC;0;940,3;940,3;939,7;;20,2;15,8;20,6;20;16,9;15,8;80;76;76;117;1,4;,2;
2021/05/25;0000 UTC;0;941,3;941,3;940,3;;19,3;15;20,2;19,3;15,8;15;76;73;76;135;3,3;1,2;
2021/05/25;0100 UTC;0;941,1;941,4;941,1;;17,8;13,1;19,3;17,8;14,7;12,8;75;69;74;106;5,6;1,3;
2021/05/25;0200 UTC;0;941,1;941,2;941;;17,5;11,9;17,8;17,1;13,5;11,9;79;70;70;127;3;1,1;
2021/05/25;0300 UTC;0;940,6;941,2;940,6;;17;11,6;17,5;17;12,4;11,3;74;68;71;133;2,7;,1;
2021/05/25;0400 UTC;0;940,3;940,7;940,3;;16,4;10,8;17;16,3;11,8;10,2;72;66;69;97;1,2;,1;
2021/05/25;0500 UTC;0;940,4;940,4;940,2;;16;10;16,4;16;10,8;9,8;70;66;67;283;1;0;
2021/05/25;0600 UTC;0;939,9;940,4;939,9;;15,6;10,3;16;15,4;10,6;9,9;72;67;71;217;0;0;
2021/05/25;0700 UTC;0;939,6;939,9;939,6;;15,4;10,1;15,6;15,2;10,8;10;75;70;71;352;0;0;
2021/05/25;0800 UTC;0;940,2;940,2;939,6;;15,1;10,2;15,4;15,1;10,9;10,1;76;71;73;155;0;0;
2021/05/25;0900 UTC;0;940,5;940,5;940,1;;15;10;15,3;15;10,8;9,7;75;70;72;98;,9;0;
2021/05/25;1000 UTC;0;941,4;941,4;940,5;86;17;9,2;17;14,9;10,7;9,2;75;60;60;100;0;0;
2021/05/25;1100 UTC;0;942,1;942,1;941,4;860,8;19,4;10,5;19,6;17;10,5;9;63;53;57;79;2,4;,9;
2021/05/25;1200 UTC;0;942,7;942,7;942,1;1592,7;21,9;12,3;22;19,2;12,7;10;57;54;55;141;2,6;,5;
2021/05/25;1300 UTC;0;942,8;943,1;942,7;2198,5;23,1;13,7;23,5;21,5;14,1;12,1;58;53;56;141;3,7;1,3;
2021/05/25;1400 UTC;0;942,1;942,8;942;2606,3;25,2;15,1;25,2;22,6;15,2;13,5;57;52;54;114;4,3;2;
2021/05/25;1500 UTC;0;941,2;942,1;941,2;2780,7;26,9;15,2;27,2;25,1;16;14,7;55;48;49;116;4,2;2;
2021/05/25;1600 UTC;0;940,1;941,2;940,1;2714;28,2;15,4;28,3;26,5;16;14,5;51;44;46;156;4,5;1,4;
2021/05/25;1700 UTC;0;939,1;940;939,1;2406,3;29,1;14,9;29,3;28,1;16,2;13,9;47;40;42;120;4,1;1,5;
2021/05/25;1800 UTC;0;938,7;939,1;938,7;1780,9;28,8;14,3;29,3;28,7;15,4;13,9;43;40;41;115;4,2;1,9;
2021/05/25;1900 UTC;0;938,6;938,7;938,6;260,2;27,8;15,1;29,2;27,8;15,3;14,1;46;40;46;131;4,8;1,3;
2021/05/25;2000 UTC;0;939;939;938,6;93,2;26,4;15,8;27,9;26,4;15,9;14,9;52;45;52;131;3,4;,9;
2021/05/25;2100 UTC;0;939,5;939,5;939;5,2;23,7;16,9;26,4;23,6;17,1;15,7;67;52;66;257;2,2;0;
2021/05/25;2200 UTC;0;940,1;940,1;939,5;;22,3;16,9;23,7;22,3;17,2;16,6;72;66;72;285;0;0;
2021/05/25;2300 UTC;0;940,8;940,8;940,1;;21,3;16,8;22,3;21;17,2;16,6;77;72;76;325;0;0;
2021/05/26;0000 UTC;0;941,2;941,2;940,8;;21,3;16,6;22;21,3;17,2;16,2;77;70;75;259;0;0;
2021/05/26;0100 UTC;0;941,3;941,4;941,2;;22;15,7;22,2;21,2;16,9;15,7;76;67;67;125;2,5;,4;
2021/05/26;0200 UTC;0;941,1;941,4;941,1;;21,1;15,2;22,2;21,1;15,6;15,2;70;66;69;142;2,5;,1;
2021/05/26;0300 UTC;0;940,8;941,1;940,8;;20,3;15,4;21,3;20,3;15,7;15,1;74;68;73;265;1,3;0;
2021/05/26;0400 UTC;0;940,5;940,8;940,5;;19,6;15,2;20,3;19,6;15,7;15;77;73;76;100;0;0;
2021/05/26;0500 UTC;0;940;940,5;940;;19,1;15,2;19,6;19,1;15,5;14,6;78;74;78;251;0;0;
2021/05/26;0600 UTC;0;939,6;940;939,6;;18,8;14,5;19,1;18,8;15,2;14,5;79;76;76;162;0;0;
2021/05/26;0700 UTC;0;939,7;939,7;939,4;;18,7;14,4;18,9;18,7;14,8;14,2;78;74;76;277;0;0;
2021/05/26;0800 UTC;0;940,2;940,2;939,7;;18,1;14,5;18,7;18;14,7;14,2;80;76;79;266;0;0;
2021/05/26;0900 UTC;0;940,8;940,8;940,2;;18;14,4;18,1;17,9;15;14,3;82;79;79;46;0;0;
2021/05/26;1000 UTC;0;941,4;941,4;940,8;87,4;19,7;14,8;19,7;17,9;15,3;14;80;74;74;273;0;0;
2021/05/26;1100 UTC;0;942;942;941,4;825,7;22,8;13,9;22,9;19,7;15,4;13,6;74;57;57;147;1,8;,2;
2021/05/26;1200 UTC;0;942,3;942,3;942;1552,9;24,1;14,7;24,3;22,5;15,2;13,8;60;53;56;114;2,6;1;
2021/05/26;1300 UTC;0;942,2;942,4;942,1;2153,6;26,3;15;26,4;24,1;15,7;14,5;56;50;50;131;4,2;1,4;
2021/05/26;1400 UTC;0;941,5;942,2;941,5;2540;27,9;16;28,3;25,8;16,4;14,4;52;46;48;156;4;1,3;
2021/05/26;1500 UTC;0;940,5;941,5;940,5;2714;29,4;16,2;29,6;27,6;16,4;14,7;49;42;45;118;4,3;1,9;
2021/05/26;1600 UTC;0;939,4;940,5;939,4;2657,8;30;14,8;30,5;28,8;15,8;14,5;45;39;40;153;4,9;1,7;
2021/05/26;1700 UTC;0;938,6;939,4;938,6;2172,4;30,5;16,1;31;29,7;16,1;14,8;43;38;42;104;4,3;1,6;
2021/05/26;1800 UTC;0;938,3;938,6;938,2;1594,3;30,3;15,8;31,3;29,8;16,5;15,2;43;40;41;178;4;1,4;
2021/05/26;1900 UTC;0;937,9;938,3;937,9;286,5;29,2;16,9;31,2;29,2;17,1;15,7;48;41;48;144;2,8;,6;
2021/05/26;2000 UTC;0;938,2;938,2;937,9;102,4;27,6;17,6;29,2;27,6;18,3;16,9;56;48;54;137;1,9;0;
2021/05/26;2100 UTC;0;938,7;938,7;938,2;6,5;25,6;18,1;27,6;25,6;18,6;17,7;64;54;63;210;,5;0;
2021/05/26;2200 UTC;0;939,2;939,2;938,7;;24,3;17,8;25,6;24,3;18,2;17,2;67;63;67;333;0;0;
2021/05/26;2300 UTC;0;939,6;939,6;939,2;;23,5;17,8;24,4;23,4;17,9;17,5;70;66;70;264;1,7;,6;
2021/05/27;0000 UTC;0;940;940;939,6;;22,8;17,5;23,6;22,7;17,8;17,2;72;69;72;241;1,6;,1;
2021/05/27;0100 UTC;0;940,2;940,2;939,9;;21,9;17,1;22,8;21,9;17,5;17,1;74;72;74;260;1,4;0;
2021/05/27;0200 UTC;0;939,9;940,2;939,9;;21,9;17;22;21,7;17,3;17;75;74;74;249;1,5;,1;
2021/05/27;0300 UTC;0;939,7;939,9;939,7;;21,4;16,5;22,1;21,3;17;16,5;76;72;74;261;1,5;0;
2021/05/27;0400 UTC;0;939,2;939,7;939,2;;20,4;16,2;21,6;20,4;16,7;16;77;73;77;254;0;0;
2021/05/27;0500 UTC;0;938,8;939,2;938,8;;20,1;15,9;20,4;20,1;16,3;15,9;78;77;77;259;,9;0;
2021/05/27;0600 UTC;0;938,4;938,8;938,3;;20,1;15,5;20,3;20;15,9;15,5;77;75;75;254;1,4;,9;
2021/05/27;0700 UTC;0;938,1;938,3;938;;19,7;15,4;20,1;19,6;15,6;15,3;77;75;76;259;1,4;,7;
2021/05/27;0800 UTC;0;938,5;938,5;938;;19,3;15,4;19,7;19,3;15,5;15,3;78;76;78;257;1,2;0;
2021/05/27;0900 UTC;0;939,1;939,1;938,4;;19;15,3;19,4;18,9;15,4;15,2;79;78;79;262;0;0;
2021/05/27;1000 UTC;0;939,8;939,8;939,1;85,7;20,1;16,1;20,1;18,9;16,1;15,2;80;78;78;260;0;0;
2021/05/27;1100 UTC;0;940,6;940,6;939,8;809,5;24,2;17,3;24,2;20,1;17,4;16;78;65;66;294;0;0;
2021/05/27;1200 UTC;0;940,8;940,9;940,6;1522,7;26;16,2;26,8;24,2;18,2;15,7;66;53;55;130;2,4;,8;
2021/05/27;1300 UTC;0;940,5;940,8;940,5;2124,4;27,6;16,7;27,9;26;17,5;15,9;57;51;51;119;3,1;1,4;
2021/05/27;1400 UTC;0;939,8;940,5;939,8;2525,6;29,3;17,9;29,4;27,5;18,5;16,5;54;49;50;68;4,8;1,4;
2021/05/27;1500 UTC;0;938,7;939,8;938,7;2695,7;30,3;16,7;30,3;28,8;17,6;16,1;50;44;44;97;4,2;1,8;
2021/05/27;1600 UTC;0;937,4;938,7;937,4;2655,2;31;17,7;31,4;30;18,4;16;48;42;45;203;4,8;1,1;
2021/05/27;1700 UTC;0;936,5;937,4;936,5;2409,1;31,7;18,6;32,1;30,6;19,7;16,8;50;43;46;171;4,3;1,1;
2021/05/27;1800 UTC;0;936,1;936,5;936,1;1561,2;29,8;18,4;32;29,6;19;16;51;41;50;176;4,2;,4;
2021/05/27;1900 UTC;0;935,9;936,1;935,9;289,8;29,7;18,1;30,8;29,2;20;17,5;54;46;50;137;3,3;1,3;
2021/05/27;2000 UTC;0;935,9;935,9;935,7;111,8;28;19,7;29,7;28;20,5;18,2;61;50;61;151;2,7;0;
2021/05/27;2100 UTC;0;936,6;936,6;935,9;6,5;26;19,9;28;26;20,5;19,1;71;59;69;257;0;0;
2021/05/27;2200 UTC;0;936,7;936,8;936,5;;24,7;18,3;26,1;24,7;20;18,3;70;67;67;271;1;,2;
2021/05/27;2300 UTC;0;937,1;937,1;936,7;;24,3;18;24,8;24,1;18,4;17,7;68;67;68;260;1,8;,3;
2021/05/28;0000 UTC;0;937,2;937,2;937;;23,3;17,3;24,3;23,3;18;17,3;69;66;69;274;1,6;0;
2021/05/28;0100 UTC;0;937,4;937,4;937,2;;23,3;17,4;23,7;23,2;17,6;17,3;70;69;70;265;1,6;,7;
2021/05/28;0200 UTC;0;937,1;937,4;937;;22,9;17,2;23,3;22,9;17,7;17,2;72;69;71;262;2;,6;
2021/05/28;0300 UTC;0;937;937,1;937;;22,4;17,3;23;22,4;17,3;17,1;73;70;73;263;1,7;0;
2021/05/28;0400 UTC;0;936,8;937;936,8;;22,4;16,9;22,6;22,2;17,6;16,9;73;71;71;245;0;0;
2021/05/28;0500 UTC;0;936,5;936,9;936,5;;22;17,6;22,4;21,4;17,7;16,9;78;71;76;244;1,1;0;
2021/05/28;0600 UTC;0;936,4;936,6;936,3;;21,2;16,9;22;21,2;17,6;16,9;77;75;76;268;1,6;0;
2021/05/28;0700 UTC;0;936,2;936,4;936,2;;21,5;16,8;21,5;21;17,1;16,6;77;74;74;256;2,5;1,2;
2021/05/28;0800 UTC;0;936,4;936,4;936,2;;21,7;16,5;22,1;21,4;16,8;16,5;74;72;72;265;2,2;,1;
2021/05/28;0900 UTC;0;936,7;936,8;936,4;;21,3;16,4;21,9;21,1;16,6;16,2;74;72;73;263;2,5;1,2;
2021/05/28;1000 UTC;0;937,2;937,2;936,7;106,8;21,9;17,4;21,9;21,1;17,4;16,3;76;73;76;281;2;,1;
2021/05/28;1100 UTC;0;937,8;937,8;937,2;724,8;25,3;20,1;25,3;21,9;20,3;17,4;77;71;73;168;1,5;0;
2021/05/28;1200 UTC;0;938,2;938,2;937,7;1433,6;27,4;21,4;27,4;24,8;21,5;19,7;76;67;70;76;2,4;,6;
2021/05/28;1300 UTC;0;938;938,2;938;2038,8;29,3;18;29,9;27,4;22,3;18;70;51;51;81;4,9;2,2;
2021/05/28;1400 UTC;0;937,5;938;937,5;2473;31,7;18,8;31,8;29,2;19,9;17,4;55;46;47;352;5,5;2,2;
2021/05/28;1500 UTC;0;936,6;937,5;936,6;2713,2;32,3;17,1;32,4;31,1;18,5;16,3;47;40;40;339;7;3;
2021/05/28;1600 UTC;0;935,6;936,6;935,6;2491,5;32;16,9;33,2;31,2;18,1;15,7;43;39;41;338;7,4;3,3;
2021/05/28;1700 UTC;0;934,7;935,6;934,7;1819,3;31,7;16,1;32,2;30,5;18,2;15,3;44;37;39;340;7,4;3,7;
2021/05/28;1800 UTC;0;934,5;934,7;934,4;1346,5;30,9;15,4;32;30,5;17,2;15;43;38;39;342;7,3;3;
2021/05/28;1900 UTC;0;934,8;934,8;934,5;548,6;29,9;16;31,2;29,9;16,4;15,3;43;39;43;333;6,7;2,4;
2021/05/28;2000 UTC;0;935,3;935,3;934,8;217,7;28,1;16,5;29,9;28,1;16,6;15,8;50;43;50;334;5;1,8;
2021/05/28;2100 UTC;0;935,7;935,7;935,3;8,7;26,2;17,2;28,1;26,2;17,9;16,4;59;50;58;280;3,3;,9;
2021/05/28;2200 UTC;0;936,1;936,1;935,7;;25,2;17,3;26,2;25,1;17,3;17;61;58;61;269;1,9;1,1;
2021/05/28;2300 UTC;0;936,5;936,5;936,1;;24,3;17;25,2;24,3;17,2;16,9;64;61;64;270;2,1;,8;
2021/05/29;0000 UTC;0;937;937;936,5;;24,3;16,5;24,8;24,3;17,2;16,5;64;61;62;274;2,8;,9;
2021/05/29;0100 UTC;0;937,1;937,2;937;;23,6;16,5;24,3;23,4;16,8;16,4;65;62;64;274;2,7;1,1;
2021/05/29;0200 UTC;0;936,7;937,1;936,6;;23,4;16,4;23,7;23,2;16,6;16,3;65;64;65;274;2,6;1,6;
2021/05/29;0300 UTC;0;936,7;936,8;936,6;;22,7;16,2;23,4;22,7;16,4;16,1;67;65;67;273;2,6;,9;
2021/05/29;0400 UTC;0;936,3;936,7;936,3;;22,8;16,1;23;22,6;16,3;16,1;67;66;66;274;2,9;1,4;
2021/05/29;0500 UTC;0;936;936,3;936;;22,7;16,1;22,9;22,7;16,2;16,1;66;66;66;265;2,6;1,5;
2021/05/29;0600 UTC;0;936,4;936,5;936;;22,8;16,1;22,9;22,7;16,2;16,1;67;66;66;269;2,5;1,1;
2021/05/29;0700 UTC;0;936,8;936,8;936,4;;21,5;15,9;22,8;21,5;16,1;15,9;71;66;71;314;1,9;,2;
2021/05/29;0800 UTC;0;937,1;937,2;936,8;;21,3;16,1;21,5;21,3;16,1;15,9;72;71;72;306;1,9;,4;
2021/05/29;0900 UTC;0;937,6;937,6;937,1;;20,8;16;21,3;20,8;16,2;15,9;74;72;74;311;1,6;,2;
2021/05/29;1000 UTC;0;938,3;938,3;937,6;64,6;21,4;16,6;21,6;20,4;16,9;15,8;75;74;74;307;2;,6;
2021/05/29;1100 UTC;0;939,1;939,1;938,3;591,3;24,3;18,6;24,3;21,1;18,9;16,4;76;70;71;297;1,9;,1;
2021/05/29;1200 UTC;0;939,7;939,7;939,1;1021,2;26,5;20,2;26,5;24,3;20,3;18,3;73;67;69;12;1,8;0;
2021/05/29;1300 UTC;0;939,8;939,9;939,6;1985,7;29,9;17,9;29,9;26,4;20,2;16,9;69;48;49;311;5,1;1,7;
2021/05/29;1400 UTC;0;939,4;939,8;939,3;2560,2;30,8;16,2;31,1;29,1;18;15,4;49;41;42;302;5,8;2,2;
2021/05/29;1500 UTC;0;938,7;939,4;938,7;2656,1;30,6;16,6;31,2;29,8;17,1;14,9;44;39;43;285;5,9;2,2;
2021/05/29;1600 UTC;0;938,1;938,7;938,1;2397,4;31,2;15,8;32;30;17,4;15;43;38;40;331;6,2;1,7;
2021/05/29;1700 UTC;0;937,4;938,1;937,4;1995,8;32;16,8;32,4;29,9;18,7;14,9;46;39;40;325;5,2;1,5;
2021/05/29;1800 UTC;0;937,2;937,5;937,1;1300,3;29,9;16,6;32;29,1;17,3;14,7;45;38;45;324;5,7;,9;
2021/05/29;1900 UTC;0;937,2;937,3;937,1;328,2;29,3;15,9;30,3;29;17,6;15,2;48;43;44;351;4,9;1,6;
2021/05/29;2000 UTC;0;937,6;937,6;937,2;107,7;27,6;16,3;29,3;27,6;16,7;15,6;50;43;50;343;3,8;1,1;
2021/05/29;2100 UTC;0;938,1;938,1;937,5;5,8;25,2;16,6;27,6;25,2;16,8;16,1;59;50;59;276;2,2;,3;
2021/05/29;2200 UTC;0;938,5;938,5;938,1;;23,9;16,1;25,2;23,9;16,6;16,1;62;59;62;275;1,7;,5;
2021/05/29;2300 UTC;0;938,7;938,8;938,4;;23,4;16;23,9;23,2;16,4;16;64;62;63;271;2,2;1;
2021/05/30;0000 UTC;0;939;939;938,7;;22,7;15,5;23,4;22,7;16;15,5;64;63;64;268;2,2;,4;
2021/05/30;0100 UTC;0;939,1;939,1;939;;22,2;15,4;23,3;22,2;16;15,2;65;63;65;279;2,3;,7;
2021/05/30;0200 UTC;0;939,1;939,2;939,1;;22;15,3;22,5;22;15,8;15,3;66;65;66;281;2,3;,6;
2021/05/30;0300 UTC;0;938,9;939,1;938,9;;21,3;15,3;22,1;21,2;15,4;15,1;69;66;69;301;2,2;,3;
2021/05/30;0400 UTC;0;938,5;938,9;938,5;;21,5;15,5;21,5;20,9;15,7;15,1;70;69;69;272;2,2;1,1;
2021/05/30;0500 UTC;0;938,3;938,5;938,3;;20,4;15,2;21,5;20,3;15,4;15,1;72;69;72;259;2;,5;
2021/05/30;0600 UTC;0;938,3;938,5;938,2;;20,3;15,3;20,5;20,1;15,5;15,1;73;72;73;268;2,1;1,2;
2021/05/30;0700 UTC;0;938,2;938,3;938,1;;19,5;15,1;20,3;19,4;15,3;14,8;76;73;76;246;2,1;0;
2021/05/30;0800 UTC;0;938,8;938,8;938,2;;19,2;15,1;19,7;19;15,4;14,9;78;76;77;273;0;0;
2021/05/30;0900 UTC;0;939,5;939,5;938,8;;19;15,1;19,3;18,9;15,3;15;78;77;78;264;1,8;,1;
2021/05/30;1000 UTC;0;940,3;940,3;939,5;103,5;19,9;16,1;19,9;18,9;16,1;15;79;78;78;303;1,1;0;
2021/05/30;1100 UTC;0;940,9;940,9;940,3;585,3;23,6;18,1;23,7;19,9;19;16;79;71;71;106;1,5;,1;
2021/05/30;1200 UTC;0;941,1;941,2;940,9;1456,9;26,6;18,1;26,8;23,1;19,1;17,6;73;60;60;68;2,3;1;
2021/05/30;1300 UTC;0;941,2;941,3;941,1;1978,6;28,3;18;28,5;26,4;18,7;17,2;62;52;54;57;3;1,2;
2021/05/30;1400 UTC;0;940,7;941,2;940,7;2417,2;29,6;17,1;29,8;27,9;18,6;16;55;46;47;86;3,6;,9;
2021/05/30;1500 UTC;0;940;940,7;940;2315,1;29,8;16;30,3;28,9;17,3;15,1;48;42;43;15;4,7;1,4;
2021/05/30;1600 UTC;0;939;940;939;1639,2;30,3;16,4;30,4;29,1;17,1;15,4;47;42;43;92;4,1;1,6;
2021/05/30;1700 UTC;0;938,1;939;938,1;1998,9;30,6;16,5;30,8;29,5;17;15;46;40;43;44;4,3;,8;
2021/05/30;1800 UTC;0;937,8;938,1;937,7;1617,3;30;15,3;31,4;30;17,6;15,3;44;40;41;108;3,5;,7;
2021/05/30;1900 UTC;0;937,7;937,8;937,6;549,9;29,2;16,7;30,7;29,2;17;15,4;47;40;47;139;3,7;1,3;
2021/05/30;2000 UTC;0;937,9;937,9;937,7;152,4;27,6;16,9;29,2;27,6;17,5;16,4;53;47;52;151;2,9;0;
2021/05/30;2100 UTC;0;938,3;938,3;937,9;5,8;25,5;18;27,6;25,5;18,1;16,7;63;52;63;278;1,4;,2;
2021/05/30;2200 UTC;0;938,4;938,4;938,2;;24,1;17,3;25,5;24;18;17,3;68;63;66;264;1,9;,6;
2021/05/30;2300 UTC;0;938,8;938,8;938,4;;23,5;17,2;24,1;23,5;17,5;17,1;68;66;68;268;2,2;,7;
2021/05/31;0000 UTC;0;939;939;938,8;;22,9;16,7;23,5;22,9;17,2;16,7;68;67;68;260;2;,8;
2021/05/31;0100 UTC;0;939,2;939,3;939;;22,5;16,5;23;22,5;16,8;16,5;69;68;69;266;2,3;,9;
2021/05/31;0200 UTC;0;939,2;939,2;939,1;;22,2;16,6;22,5;22;16,7;16,4;71;69;70;260;2,3;1,1;
2021/05/31;0300 UTC;0;939;939,2;939;;22;16,6;22,3;21,9;16,7;16,5;71;70;71;258;2,3;,9;
2021/05/31;0400 UTC;0;938,7;939;938,7;;21,8;16,6;22,2;21,5;16,7;16,2;73;71;72;250;1,5;,2;
2021/05/31;0500 UTC;0;938,5;938,7;938,4;;21,4;16,3;21,8;21,3;16,6;16,2;73;72;73;227;1,3;0;
2021/05/31;0600 UTC;0;938,2;938,5;938,2;;20,9;16,3;21,6;20,8;16,5;16;75;72;75;254;0;0;
2021/05/31;0700 UTC;0;938,5;938,5;938,2;;20;16;20,9;20;16,3;15,8;78;75;78;290;0;0;
2021/05/31;0800 UTC;0;939;939;938,5;;19,5;16,1;20;19;16,2;15,5;81;78;81;261;2;,8;
2021/05/31;0900 UTC;0;939,7;939,7;939;;20;16,4;20,1;19,5;16,5;15,9;81;80;80;267;2,5;1,1;
2021/05/31;1000 UTC;0;940,1;940,1;939,7;151,2;21,3;17,3;21,3;19,8;17,3;16,2;80;78;78;244;2,2;1;
2021/05/31;1100 UTC;0;940,6;940,6;940;556,1;24,3;19,5;24,3;21,3;19,5;17,4;79;73;75;288;2;,1;
2021/05/31;1200 UTC;0;941,2;941,2;940,6;1575,2;27,2;18,4;28;24,3;20,6;18;75;57;59;132;3,1;1,4;
2021/05/31;1300 UTC;0;941,3;941,5;941,1;1365,3;27,3;18,7;27,9;25,7;19,4;18;65;57;59;121;4,2;1,6;
2021/05/31;1400 UTC;0;940,6;941,3;940,6;2480;28,3;18,2;28,9;27,3;20,2;18,2;63;54;54;125;4,8;2;
2021/05/31;1500 UTC;0;940;940,6;940;2654,1;30;17,2;30,6;28,3;19,3;17,2;57;46;46;131;5,3;1,5;
2021/05/31;1600 UTC;0;939,1;940;939,1;1735;28,9;18,6;30,3;28,6;19,8;16,8;58;46;54;131;5,1;,3;
2021/05/31;1700 UTC;0;938,3;939,1;938,3;1403,1;30;18,8;30,1;28,6;19,5;17,6;56;49;51;125;3,9;1,8;
2021/05/31;1800 UTC;0;938,2;938,3;938,1;1223,1;29,6;19,5;30,2;28,9;19,8;17,3;56;47;55;199;4,6;,3;
2021/05/31;1900 UTC;0;938,2;938,3;938,2;498,4;29,2;18,2;30,3;29,2;20,2;18,1;56;50;51;147;2,9;1,2;
2021/05/31;2000 UTC;0;938,5;938,5;938,1;177,8;27,6;18,9;29,2;27,6;19,2;17,2;59;50;59;223;3,3;0;
2021/05/31;2100 UTC;0;938,8;938,8;938,5;8,5;25,7;18;27,6;25,7;19,1;18;63;59;63;204;1,2;0;
2021/05/31;2200 UTC;0;939,2;939,3;938,7;;24,2;17,2;25,7;24,2;18;17,1;65;63;65;178;2,8;0;
2021/05/31;2300 UTC;0;939,5;939,6;939,2;;23,5;17,3;24,1;23,5;17,5;17;68;65;68;146;1,7;,1;
2021/06/01;0000 UTC;0;939,7;939,7;939,5;;23,3;17,2;23,9;22,9;17,4;17;69;67;69;166;2,8;,4;
2021/06/01;0100 UTC;0;939,7;939,8;939,7;;22,3;16,8;23,6;22,3;17,3;16,8;71;67;71;252;3,7;,1;
2021/06/01;0200 UTC;0;939,2;939,7;939,2;;21,3;16,5;22,3;21,3;16,8;16,4;74;71;74;201;1,7;0;
2021/06/01;0300 UTC;0;939;939,2;939;;21,1;16,4;21,4;21;16,6;16,3;75;74;75;291;1,4;0;
2021/06/01;0400 UTC;0;938,4;939;938,4;;20,6;16,1;21,1;20,6;16,4;16,1;75;74;75;226;,6;0;
2021/06/01;0500 UTC;0;937,8;938,4;937,8;;19,9;15,8;20,6;19,8;16,2;15,6;77;75;77;272;1,4;,4;
2021/06/01;0600 UTC;0;937,8;937,8;937,6;;19,5;15,7;19,9;19,4;15,8;15,5;79;77;79;194;1,3;0;
2021/06/01;0700 UTC;0;937,8;937,8;937,7;;18,8;15,3;19,5;18,8;15,7;15,2;80;79;80;281;0;0;
2021/06/01;0800 UTC;0;937,8;937,8;937,6;;18,5;15,2;18,8;18,4;15,3;15;81;80;81;270;1,3;,3;
2021/06/01;0900 UTC;0;938,3;938,3;937,8;;18,3;15,2;18,6;18,2;15,3;15,1;82;81;82;238;1,9;0;
2021/06/01;1000 UTC;0;939,2;939,2;938,3;121,6;19,7;16,4;19,7;18,2;16,4;15,1;83;81;81;287;1,5;0;
2021/06/01;1100 UTC;0;939,8;939,8;939,2;698,2;23,1;18,7;23,1;19,7;18,7;16,4;81;76;76;134;2,3;,3;
2021/06/01;1200 UTC;0;940,1;940,2;939,8;1017,5;22,6;18,5;23,7;22,6;19,3;17,7;80;71;78;261;3,3;,1;
2021/06/01;1300 UTC;0;939,8;940,2;939,8;1900,1;25;18,3;25,6;22,6;20,1;18,1;79;65;66;123;4,8;2,3;
2021/06/01;1400 UTC;0;939,4;939,8;939,4;2483,9;26,8;18,3;27,6;24,9;19,7;17,9;68;59;60;128;5,1;2,1;
2021/06/01;1500 UTC;0;938,3;939,4;938,3;2510,7;28,5;18,7;28,8;26,7;19,7;17,5;62;53;56;163;5,4;1,6;
2021/06/01;1600 UTC;0;937,4;938,3;937,3;2440,2;28,5;17,3;29,3;28;18,9;16,5;55;48;51;132;5,6;1,5;
2021/06/01;1700 UTC;0;936,3;937,4;936,3;1840,9;28,9;18,5;29,6;27,9;19,5;16,3;55;47;54;150;4;1,3;
2021/06/01;1800 UTC;0;936;936,3;936;1399,6;28,9;18,1;29,7;28,5;20,2;17,3;57;50;52;172;3,8;,5;
2021/06/01;1900 UTC;0;936;936;935,8;379,2;28,3;18,6;29,3;28,3;18,7;16,6;56;48;56;132;3,4;,9;
2021/06/01;2000 UTC;0;936,2;936,2;936;190,5;27,1;17,5;28,3;27,1;18,7;17,3;57;53;56;142;3,1;,7;
2021/06/01;2100 UTC;0;936,3;936,4;936,2;8,9;24,8;16,6;27,1;24,8;17,7;16,6;61;56;60;314;1,8;0;
2021/06/01;2200 UTC;0;936,9;936,9;936,3;;23,3;16,5;24,8;23,3;16,7;16,3;65;60;65;320;,6;0;
2021/06/01;2300 UTC;0;937,2;937,2;936,9;;23;16,3;23,6;22,8;16,6;16,2;67;65;66;32;1,2;0;
2021/06/02;0000 UTC;0;937,1;937,2;937;;22,2;16,2;23;22,2;16,4;16;69;66;69;264;0;0;
2021/06/02;0100 UTC;0;937,6;937,6;937,1;;21,9;15,6;22,2;21,9;16,2;15,6;69;68;68;211;0;0;
2021/06/02;0200 UTC;0;937,4;937,6;937,4;;21,5;15,4;22;21,5;15,6;15,4;69;67;68;259;0;0;
2021/06/02;0300 UTC;0;937,3;937,5;937,3;;20,6;15,2;21,6;20,6;15,4;15,2;71;68;71;278;0;0;
2021/06/02;0400 UTC;0;937;937,3;937;;20,3;15,1;20,7;20,3;15,4;15,1;73;71;72;279;0;0;
2021/06/02;0500 UTC;0;936,7;937;936,7;;19,4;14,8;20,3;19,4;15,1;14,7;75;72;75;245;0;0;
2021/06/02;0600 UTC;0;936,6;936,8;936,6;;19;14,5;19,4;19;14,9;14,5;76;74;75;267;0;0;
2021/06/02;0700 UTC;0;936,7;936,9;936,6;;18,7;14,5;19,1;18,7;14,7;14,4;77;75;77;263;0;0;
2021/06/02;0800 UTC;0;937,2;937,2;936,7;;18,3;14,4;18,7;18,3;14,6;14,3;79;76;78;268;1,6;0;
2021/06/02;0900 UTC;0;937,8;937,8;937,2;;18,2;14,2;18,4;18,2;14,4;14,1;78;77;77;261;0;0;
2021/06/02;1000 UTC;0;938,6;938,6;937,8;109,4;19;15;19;18,1;15;14,2;79;77;78;252;0;0;
2021/06/02;1100 UTC;0;939,4;939,4;938,6;522,9;21,8;16,4;21,9;19;17,2;15,2;78;71;71;82;1,6;,2;
2021/06/02;1200 UTC;0;939,9;939,9;939,4;1508,1;23,7;17,5;23,9;21,8;17,8;16;73;66;69;123;3,3;1,3;
2021/06/02;1300 UTC;0;939,9;940;939,8;2020,9;26;18,6;26;23,3;18,8;17,3;70;63;64;29;3,3;,8;
2021/06/02;1400 UTC;0;939,5;939,9;939,5;2497,8;28,1;19;28,6;25,6;19,9;17,7;64;54;58;64;4,1;1,6;
2021/06/02;1500 UTC;0;938,7;939,5;938,7;2673,1;29,9;16,3;30,9;28,1;20;16,2;59;44;44;62;4,1;1,8;
2021/06/02;1600 UTC;0;938;938,7;938;2759;30,4;14,4;31,6;29,4;17,7;13,8;47;36;38;60;5;1,9;
2021/06/02;1700 UTC;0;937,5;938;937,5;2312,1;29,7;13,4;32,5;29,7;17,9;13,4;44;35;37;333;5,6;2,4;
2021/06/02;1800 UTC;0;937,1;937,5;937,1;1006,2;31;17;31,4;29,4;18,2;13,2;47;37;43;288;5,6;1,4;
2021/06/02;1900 UTC;0;937,4;937,4;937,1;367,9;29,4;15,3;31,5;28,9;17,2;14,7;48;38;43;306;3,9;,7;
2021/06/02;2000 UTC;0;937,7;937,7;937,4;117,5;27,2;15,5;29,4;27,2;17,1;15,4;52;43;49;239;2,6;0;
2021/06/02;2100 UTC;0;938,4;938,4;937,7;2,9;25;16,1;27,2;25;17,2;15,5;59;49;58;269;2;1,3;
2021/06/02;2200 UTC;0;939,1;939,1;938,4;;23,7;14,9;25;23,5;16,1;14,8;59;58;58;269;2,2;1,1;
2021/06/02;2300 UTC;0;939,6;939,6;939,1;;22,6;14,6;24;22,6;14,9;14,4;61;57;61;274;2,4;,9;
2021/06/03;0000 UTC;0;940,1;940,1;939,6;;21,9;14,5;22,9;21,9;14,9;14,5;63;61;63;277;2;,3;
2021/06/03;0100 UTC;0;940,4;940,4;940,1;;21,4;14,6;21,9;21,4;14,9;14,5;65;63;65;270;1,9;,9;
2021/06/03;0200 UTC;0;940,4;940,5;940,3;;21,3;14,7;21,6;21,2;14,9;14,6;66;65;66;118;1,9;0;
2021/06/03;0300 UTC;0;940,2;940,5;940,2;;20,8;14,5;21,8;20;15,1;13,9;70;66;67;254;1,7;,8;
2021/06/03;0400 UTC;0;939,9;940,3;939,9;;20;14,3;20,8;20;14,6;14,2;70;67;70;277;1,5;0;
2021/06/03;0500 UTC;0;939,7;939,9;939,7;;19,8;14,3;20,3;19,8;14,7;14,3;71;69;71;311;0;0;
2021/06/03;0600 UTC;0;939,6;939,8;939,6;;20,1;14,3;20,8;19,7;15;14,2;71;69;69;324;0;0;
2021/06/03;0700 UTC;0;939,6;939,6;939,5;;19,2;13,9;20,1;19,2;14,4;13,8;71;69;71;256;0;0;
2021/06/03;0800 UTC;0;939,9;939,9;939,6;;19,2;14;19,5;19;14,6;13,8;74;71;72;306;0;0;
2021/06/03;0900 UTC;0;940,8;940,8;939,9;;18,9;14;19,2;18,9;14,3;13,8;73;72;73;245;0;0;
2021/06/03;1000 UTC;0;941,3;941,3;940,8;67,5;19,4;14,3;19,4;18,6;14,4;13,9;75;72;72;278;0;0;
2021/06/03;1100 UTC;0;942,1;942,1;941,2;744,7;23;15,7;23,5;19,5;16,8;14,2;72;63;64;108;2,4;,4;
2021/06/03;1200 UTC;0;942,3;942,4;942,1;1496,4;25;16,6;25,1;23;16,7;15,3;64;58;60;143;2,8;1;
2021/06/03;1300 UTC;0;941,9;942,3;941,9;2023,6;26,1;16,6;26,7;24,8;17,4;15,6;60;54;56;128;3,1;1,1;
2021/06/03;1400 UTC;0;941,2;941,9;941,2;2447,8;28,6;16,2;29,4;26,2;18,2;15,9;57;47;47;69;4,7;1,6;
2021/06/03;1500 UTC;0;940,5;941,2;940,5;2656,5;30;14,8;30,2;28,6;17;13,9;48;38;40;67;6,9;2,4;
2021/06/03;1600 UTC;0;939,6;940,5;939,6;2440,1;30;14,4;31,2;29,5;16,6;13,8;42;37;39;77;6,9;2,2;
2021/06/03;1700 UTC;0;939;939,6;939;2192;30,5;14,8;30,8;29,8;15,5;13,7;41;36;39;125;5,5;2;
2021/06/03;1800 UTC;0;938,7;939;938,7;1594,4;30,2;13,6;31;29,9;15,1;13,3;40;35;36;135;5,1;1,9;
2021/06/03;1900 UTC;0;938,7;938,7;938,5;287,2;29,7;14,5;30,8;29,7;15,9;13,2;42;35;40;120;4,3;1,9;
2021/06/03;2000 UTC;0;938,8;938,8;938,7;125;27,4;15,3;29,7;27,4;15,3;14;48;39;48;131;4,3;1,4;
2021/06/03;2100 UTC;0;939,3;939,3;938,8;4,9;25,5;15;27,4;25,5;15,4;15;52;48;52;163;3,1;0;
2021/06/03;2200 UTC;0;939,4;939,4;939,2;;23,9;14,7;25,5;23,9;15;14,6;56;52;56;280;1,2;,1;
2021/06/03;2300 UTC;0;939,7;939,7;939,4;;22,5;14,8;23,9;22,4;15;14,6;62;56;62;261;,9;0;
2021/06/04;0000 UTC;0;940,2;940,2;939,7;;21,7;14,6;22,5;21,5;15;14,3;65;62;64;256;1,7;,7;
2021/06/04;0100 UTC;0;940,4;940,5;940,2;;20,6;14,2;21,8;20,5;14,9;13,7;67;63;67;266;1,7;,1;
2021/06/04;0200 UTC;0;940,1;940,4;940,1;;20,5;14,2;21,2;20,4;14,9;14,2;69;66;67;256;1,2;0;
2021/06/04;0300 UTC;0;940,1;940,2;940,1;;20,2;14,1;20,7;20,1;14,5;13,8;68;66;68;230;0;0;
2021/06/04;0400 UTC;0;939,9;940,1;939,8;;19,5;13,5;20,2;19,4;14;13,4;69;67;69;275;1,7;,4;
2021/06/04;0500 UTC;0;939,7;939,9;939,6;;19,4;13,3;19,5;19,2;13,8;13,1;70;67;68;256;2;,4;
2021/06/04;0600 UTC;0;939,5;939,7;939,5;;18,9;13,3;19,6;18,7;13,5;12,9;70;67;70;257;1,4;,4;
2021/06/04;0700 UTC;0;939,7;939,7;939,5;;19,3;13,1;19,3;18,6;13,3;12,8;70;68;68;323;1,4;0;
2021/06/04;0800 UTC;0;940,2;940,2;939,7;;19;12,8;19,9;19;13,4;12,7;67;65;67;192;,9;0;
2021/06/04;0900 UTC;0;940,9;940,9;940,2;;18,3;12,6;19;18,2;12,9;12,2;69;67;69;214;1;0;
2021/06/04;1000 UTC;0;941,7;941,7;940,9;62,6;18,9;12,8;18,9;17,7;12,9;12;70;68;68;235;1,4;,3;
2021/06/04;1100 UTC;0;942,6;942,6;941,7;804,1;22,2;15;22,2;18,9;15;12,7;68;63;64;22;1,7;0;
2021/06/04;1200 UTC;0;942,8;942,8;942,5;1546,8;25,3;14,3;25,3;22,2;15,8;14,2;64;51;51;86;6,1;3,3;
2021/06/04;1300 UTC;0;942,6;942,9;942,6;2154,4;27,1;13,7;27,5;25,3;14,9;13,6;51;44;44;87;8;3,9;
2021/06/04;1400 UTC;0;942;942,6;942;2563,7;29;13,2;29,4;26,9;14,9;13,2;45;38;38;87;8,6;4;
2021/06/04;1500 UTC;0;941,1;942;941,1;2743,8;29,9;12,5;30,3;28,8;14,2;11,4;39;33;34;63;9,8;3,6;
2021/06/04;1600 UTC;0;940,2;941,1;940,2;2666,7;30,5;11,1;31,5;30;12,8;11;35;30;30;46;10,2;3,1;
2021/06/04;1700 UTC;0;939,4;940,2;939,4;2376,5;31;11,8;31,4;30,3;11,9;10,3;31;28;31;83;8,6;3,4;
2021/06/04;1800 UTC;0;939;939,4;939;1756,7;30,7;9;31,5;30,3;12,1;8,9;32;25;26;80;8,4;3,1;
2021/06/04;1900 UTC;0;938,9;939;938,9;310,9;29,3;9,5;30,7;29,3;10,4;8,7;30;26;29;80;7,4;2,3;
2021/06/04;2000 UTC;0;939,1;939,1;938,9;101;27,5;9,9;29,4;27,5;10;8,8;33;28;33;85;5,6;,6;
2021/06/04;2100 UTC;0;939,3;939,3;939;2,7;24,2;9,9;27,5;24,2;9,9;9,3;40;33;40;57;3,1;0;
2021/06/04;2200 UTC;0;939,7;939,7;939,3;;23,8;10,4;24,2;23,5;10,5;9,6;43;40;43;233;,9;0;
2021/06/04;2300 UTC;0;940,2;940,2;939,7;;21,6;10,9;23,9;21,5;10,9;10,1;51;43;51;272;1,4;,2;
2021/06/05;0000 UTC;0;940,5;940,5;940,2;;20,8;11;21,7;20,8;11,3;10,7;53;51;53;259;1,4;,2;
2021/06/05;0100 UTC;0;940,6;940,6;940,5;;20,3;10,5;21;20,2;11,2;10,3;54;52;53;256;1,3;,1;
2021/06/05;0200 UTC;0;940,3;940,6;940,3;;19,8;10,2;20,5;19,8;10,7;10,1;55;53;54;257;1,5;,3;
2021/06/05;0300 UTC;0;940,1;940,3;940,1;;19,6;10,1;20,1;19,4;10,7;10;55;54;54;251;1,5;0;
2021/06/05;0400 UTC;0;940;940,1;939,9;;19,7;10,5;20;19,3;10,7;9,7;55;53;55;17;1,9;,3;
2021/06/05;0500 UTC;0;939,6;940;939,6;;19,1;9,9;19,7;18,6;10,3;9,3;55;54;55;93;1,9;,1;
2021/06/05;0600 UTC;0;939,3;939,6;939,3;;18,9;10;19,3;18,4;10,1;9,5;56;55;56;91;1,6;,1;
2021/06/05;0700 UTC;0;939,2;939,4;939,2;;18,7;10,1;19,5;18,7;10,7;10;57;55;57;3;2,1;0;
2021/06/05;0800 UTC;0;939,6;939,6;939,2;;18,3;10,4;18,8;18,2;10,8;10,1;61;57;60;330;,2;0;
2021/06/05;0900 UTC;0;940,4;940,4;939,6;;18,3;9,9;19,7;18,2;11,2;9,9;60;57;58;109;1,8;0;
2021/06/05;1000 UTC;0;941,5;941,5;940,4;103,2;19,7;11,1;19,7;17,9;11,3;9,8;61;57;58;100;2,8;,9;
2021/06/05;1100 UTC;0;942,2;942,2;941,5;688,8;21,5;11,4;21,5;19,7;11,9;10,8;59;52;53;83;4,3;1,8;
2021/06/05;1200 UTC;0;942,4;942,5;942,2;1414,9;23,6;12,3;23,6;21,5;12,3;11,2;53;48;49;91;5,3;3;
2021/06/05;1300 UTC;0;942,1;942,5;942,1;2002;25,7;12,6;25,7;23,6;13;11,8;49;44;44;96;6,6;3,2;
2021/06/05;1400 UTC;0;941,4;942,2;941,4;2543,1;27,5;12,6;28,3;25,6;14,2;12,5;46;40;40;66;9,4;3,3;
2021/06/05;1500 UTC;0;940,6;941,4;940,6;2757,9;28,8;13,3;29,5;27,4;14,7;12,1;41;36;39;57;9,4;2,8;
2021/06/05;1600 UTC;0;939,5;940,6;939,5;2641,7;29,6;12,3;30,7;28,8;14,4;12,3;39;34;35;14;7,1;1,9;
2021/06/05;1700 UTC;0;938,7;939,5;938,7;2022,8;28,9;13,1;30,5;28,5;13,6;11,5;39;33;38;118;7,1;1,2;
2021/06/05;1800 UTC;0;938,4;938,7;938,4;1234,7;29,3;11,9;30;28,7;14,1;11,7;40;34;34;55;4,3;1,5;
2021/06/05;1900 UTC;0;938,3;938,4;938,2;395,2;29,4;11,9;30,2;28,8;13,6;11,4;38;33;34;358;3,6;,9;
2021/06/05;2000 UTC;0;938,6;938,6;938,3;137,7;27,6;13,1;29,4;27,6;13,1;11,4;41;33;41;332;3,3;,3;
2021/06/05;2100 UTC;0;939,2;939,2;938,6;1,4;24,5;13,6;27,6;24,5;14,1;13;51;41;51;272;1,8;,5;
2021/06/05;2200 UTC;0;939,6;939,6;939,2;;23,5;13,1;24,6;22,9;13,6;12,7;53;51;52;256;1,7;,3;
2021/06/05;2300 UTC;0;940,3;940,3;939,6;;21,2;12,6;23,5;21,1;13,1;12,4;58;52;58;274;1,8;,6;
2021/06/06;0000 UTC;0;940,5;940,5;940,3;;21,4;12,3;21,7;21,2;12,8;12,3;58;56;56;267;2,4;,4;
2021/06/06;0100 UTC;0;940,7;940,7;940,5;;20,6;11,9;21,4;20,5;12,3;11,9;58;56;58;274;1,8;,9;
2021/06/06;0200 UTC;0;940,2;940,7;940,2;;20,2;11,9;20,6;20,1;12,1;11,8;60;57;59;265;1,7;,4;
2021/06/06;0300 UTC;0;940,1;940,2;940;;20;11,6;20,2;19,8;12;11,5;60;59;59;264;1,7;,7;
2021/06/06;0400 UTC;0;939,7;940,1;939,7;;19,2;11,7;20;19;11,9;11,5;62;59;62;265;2;,6;
2021/06/06;0500 UTC;0;939,5;939,7;939,4;;18,8;11,7;19,3;18,8;12;11,5;64;61;63;257;2;0;
2021/06/06;0600 UTC;0;939,1;939,5;939,1;;18,1;11,7;18,8;17,9;11,7;11,4;66;63;66;248;0;0;
2021/06/06;0700 UTC;0;939,1;939,2;939;;17,9;11,7;18,2;17,9;12;11,5;67;65;67;261;1,4;,3;
2021/06/06;0800 UTC;0;939;939,1;938,9;;18,4;12,1;18,4;17,7;12,3;11,6;68;67;67;220;1,3;0;
2021/06/06;0900 UTC;0;939,4;939,4;939;;19,6;13,6;19,9;18,3;13,9;12,1;69;67;68;126;2,5;,3;
2021/06/06;1000 UTC;0;940,3;940,3;939,4;62,3;20;14;20;19,4;14;13,2;69;67;68;127;2,5;,3;
2021/06/06;1100 UTC;0;940,9;940,9;940,3;619,2;23,2;15,9;23,4;20;16,4;13,8;68;63;64;49;2,5;,2;
2021/06/06;1200 UTC;0;941,6;941,6;940,9;1515,9;25,2;16,1;26;23,2;17,4;15,9;64;57;57;40;4,3;1,4;
2021/06/06;1300 UTC;0;941,4;941,6;941,4;2124,1;26,8;15,3;27,1;25,2;16,7;15,2;58;49;50;87;5,1;2,3;
2021/06/06;1400 UTC;0;940,5;941,4;940,5;1913,6;27,1;15,8;27,7;26,2;16,6;14,7;52;49;50;87;6,2;2,5;
2021/06/06;1500 UTC;0;939,7;940,5;939,7;1956,2;29;16,7;29;27;17,2;15,2;52;46;47;33;5,7;1,4;
2021/06/06;1600 UTC;0;938,6;939,7;938,6;2302,4;29,4;14,1;30,3;28,4;17,6;12,7;49;35;39;34;4,9;1,7;
2021/06/06;1700 UTC;0;937,8;938,6;937,8;2035,1;30,2;14,4;30,9;29;15,9;12,5;41;35;38;7;5,5;1,3;
2021/06/06;1800 UTC;0;937,4;937,8;937,3;1290,4;29,3;13,4;30,2;29,1;14,9;12,8;40;36;38;59;3,3;1,3;
2021/06/06;1900 UTC;0;937,3;937,4;937,2;470,8;28,5;13,5;29,6;28,5;14,4;13,1;41;37;40;69;3;,5;
2021/06/06;2000 UTC;0;937,5;937,5;937,2;177,4;26,6;14,9;28,5;26,6;15,3;13,6;49;40;49;110;1,2;0;
2021/06/06;2100 UTC;0;937,8;937,9;937,5;7,2;23,8;15,4;26,6;23,8;15,4;14,6;60;48;60;279;1,9;,2;
2021/06/06;2200 UTC;0;938,4;938,4;937,8;;22,6;14,4;23,9;22,6;15,4;14,4;60;59;60;259;1,8;,8;
2021/06/06;2300 UTC;0;938,6;938,6;938,4;;21,3;14;22,6;21,1;14,4;13,9;64;60;63;269;2,3;1,2;
2021/06/07;0000 UTC;0;939,1;939,1;938,6;;20,9;13,7;21,4;20,9;14,2;13,7;65;63;64;270;2,3;,3;
2021/06/07;0100 UTC;0;939,1;939,2;939,1;;20,9;13,4;21,1;20,5;13,8;13,4;65;62;62;262;1,9;,4;
2021/06/07;0200 UTC;0;939;939,1;938,9;;20,1;13,1;21;20;13,4;12,9;65;61;64;268;2,3;,5;
2021/06/07;0300 UTC;0;938,9;939;938,8;;19,5;12,6;20,3;19,5;13,2;12,6;65;63;65;278;1,7;0;
2021/06/07;0400 UTC;0;938,6;938,9;938,6;;19,5;13,2;20;19;13,5;12,3;67;65;67;264;1,7;,6;
2021/06/07;0500 UTC;0;938;938,6;938;;19,1;12,7;19,5;19;13,2;12,7;68;66;66;278;1,7;0;
2021/06/07;0600 UTC;0;937,6;938;937,6;;18,7;12,7;19,1;18,7;13;12,6;69;66;68;252;2,1;,5;
2021/06/07;0700 UTC;0;937,6;937,7;937,5;;18,5;12,6;18,9;18,1;13;12,3;70;68;69;251;1,8;,6;
2021/06/07;0800 UTC;0;938,1;938,1;937,6;;18;12,6;18,5;17,8;12,7;12,3;71;68;71;209;1,4;0;
2021/06/07;0900 UTC;0;938,4;938,4;938,1;;17,7;12,3;18,2;17,5;12,8;12,1;71;70;70;261;1,5;,7;
2021/06/07;1000 UTC;0;939;939;938,4;53,6;18,7;13,3;18,7;17,4;13,3;12,2;72;70;70;253;1,9;0;
2021/06/07;1100 UTC;0;939,6;939,6;939;797,3;24,5;16,4;24,5;18,8;16,6;13,4;71;61;61;66;,9;,1;
2021/06/07;1200 UTC;0;940,2;940,2;939,6;1504,7;26;16,4;26,2;24,4;17,1;15,6;61;53;56;54;3;1,1;
2021/06/07;1300 UTC;0;940,3;940,4;940,2;2108,7;27,7;15;28,5;26;16,9;14,9;56;45;46;65;4,6;1,6;
2021/06/07;1400 UTC;0;939,7;940,4;939,7;2508,2;28,8;15,3;29,3;27,6;16,2;14,1;48;41;44;57;5,6;2,1;
2021/06/07;1500 UTC;0;938,6;939,7;938,6;2689,7;29,8;13,6;29,9;28,7;15,8;12,4;44;36;37;38;5,8;2;
2021/06/07;1600 UTC;0;937,6;938,6;937,6;2538,4;30,5;13;30,5;28,3;14,2;11,6;38;33;34;75;5,4;1,5;
2021/06/07;1700 UTC;0;936,9;937,6;936,9;2026,4;30;13,3;30,7;29,1;15,4;11,9;40;34;36;124;4,6;1,8;
2021/06/07;1800 UTC;0;936,8;936,9;936,8;1143,1;29,8;13,9;30;29;14,8;12,5;40;35;38;137;4;,9;
2021/06/07;1900 UTC;0;937,1;937,1;936,8;385,8;28,9;13;30,1;28,9;14,7;12,6;40;36;38;145;3,1;1,1;
2021/06/07;2000 UTC;0;937,3;937,3;937;107,8;27,1;13,4;28,9;27,1;13,9;12,6;43;37;43;132;2,4;,5;
2021/06/07;2100 UTC;0;937,5;937,5;937,2;4,6;24,7;13,5;27,1;24,7;14;13,4;50;43;50;223;1,8;0;
2021/06/07;2200 UTC;0;937,9;937,9;937,5;;22,8;13,7;24,7;22,8;13,7;13,3;56;50;56;257;0;0;
2021/06/07;2300 UTC;0;938,4;938,4;937,9;;21,6;13,5;22,8;21,4;13,7;13,3;60;56;60;261;1,4;0;
2021/06/08;0000 UTC;0;938,7;938,7;938,4;;20,9;13,3;21,8;20,9;13,8;13,2;62;60;62;263;1,6;0;
2021/06/08;0100 UTC;0;938,9;938,9;938,7;;20,5;12,6;21,2;20,5;13,3;12,5;61;60;61;261;1,5;0;
2021/06/08;0200 UTC;0;938,7;938,9;938,7;;20;12,3;20,6;20;12,9;12,3;62;61;61;266;1,5;,6;
2021/06/08;0300 UTC;0;938,5;938,7;938,5;;19,6;12,1;20,1;19,6;12,3;11,8;62;60;62;251;1,7;,4;
2021/06/08;0400 UTC;0;938,2;938,5;938,2;;19,4;11,6;19,8;19,1;12;11,3;62;60;61;247;1,3;,2;
2021/06/08;0500 UTC;0;938;938,3;938;;18,4;11,2;19,4;18,4;11,5;11,1;63;60;63;268;1,9;,9;
2021/06/08;0600 UTC;0;937,9;938;937,9;;18,4;11,3;18,6;18,3;11,6;11,1;65;62;63;264;1,9;,8;
2021/06/08;0700 UTC;0;937,9;938;937,8;;18,2;11;18,5;18,1;11,2;10,9;64;62;63;272;2,4;0;
2021/06/08;0800 UTC;0;938,1;938,2;937,9;;18,3;11;18,4;17,6;11,2;10,7;64;62;63;261;1,5;0;
2021/06/08;0900 UTC;0;938,6;938,6;938,1;;17,9;11,4;18,2;17,5;11,4;10,8;66;63;66;261;2;,8;
2021/06/08;1000 UTC;0;939,4;939,4;938,6;55,2;18,5;12,1;18,5;17,6;12,1;11,3;67;66;66;114;1,5;0;
2021/06/08;1100 UTC;0;940;940;939,4;766,6;22,9;14,4;23;18,5;14,5;12,2;67;58;59;327;,9;0;
2021/06/08;1200 UTC;0;940,1;940,2;940;1491,6;25,2;14,5;25,2;22,9;15,8;13,9;59;51;52;117;3,5;1,1;
2021/06/08;1300 UTC;0;940;940,3;940;2048,1;27,6;15,3;27,6;25;15,4;14,1;52;47;47;71;4,9;1,9;
2021/06/08;1400 UTC;0;939,3;940;939,3;2483,3;28,9;14,9;28,9;26,9;15,2;14,1;47;42;43;98;5,8;2,7;
2021/06/08;1500 UTC;0;938,2;939,4;938,2;2667,1;29,6;15;30;28,3;15,8;14,1;44;40;41;80;6,2;2,2;
2021/06/08;1600 UTC;0;937,3;938,2;937,2;2233,9;30,9;15,5;31,1;28,5;16,3;13,8;44;39;40;2;5,1;1,8;
2021/06/08;1700 UTC;0;936,6;937,3;936,6;2088,6;30,3;14,5;31,1;29,2;16,6;13,2;42;36;38;72;5,5;1,7;
2021/06/08;1800 UTC;0;936,3;936,6;936,1;1483,6;30,3;14,2;30,7;29,3;15,4;12,4;40;33;37;76;6,1;1,7;
2021/06/08;1900 UTC;0;936,4;936,4;936,1;389,6;29,2;14,1;30,6;29,2;15,1;12,9;40;35;40;144;6,1;1,3;
2021/06/08;2000 UTC;0;936,8;936,8;936,4;119;27,7;14,2;29,2;27,7;14,9;13,4;44;38;44;137;3;,3;
2021/06/08;2100 UTC;0;937,3;937,3;936,8;5,3;25,1;13;27,6;25,1;14,5;13;49;43;47;299;2,2;,1;
2021/06/08;2200 UTC;0;937,7;937,7;937,3;;23,1;13,6;25,1;23,1;13,9;13,1;55;47;55;265;1,6;0;
2021/06/08;2300 UTC;0;938,3;938,3;937,7;;22,2;13,7;23,1;22,2;14,2;13,6;59;55;59;269;0;0;
2021/06/09;0000 UTC;0;938,5;938,5;938,3;;21,5;13,6;22,4;21,5;14,2;13,4;62;58;61;262;0;0;
2021/06/09;0100 UTC;0;938,7;938,8;938,5;;21,5;14,1;21,9;21,5;14,3;13,6;63;61;63;257;1,2;,2;
2021/06/09;0200 UTC;0;938,8;938,8;938,6;;22,7;13,5;23,3;21,2;14,4;13,5;64;55;56;112;3,4;,3;
2021/06/09;0300 UTC;0;939;939,1;938,8;;20,8;12,3;22,7;20,8;13,7;12,2;63;56;58;234;1,6;,2;
2021/06/09;0400 UTC;0;938,6;939;938,6;;19,9;12,9;20,8;19,9;13;12,3;64;58;64;228;1,1;0;
2021/06/09;0500 UTC;0;938,3;938,6;938,3;;19,2;13;19,9;19,2;13;12,5;67;64;67;237;1;0;
2021/06/09;0600 UTC;0;938,3;938,3;938;;18,7;12,9;19,2;18,4;13,1;12,5;69;67;69;220;1,5;0;
2021/06/09;0700 UTC;0;938,4;938,4;938,1;;18,2;12,7;18,7;18,2;13,1;12,5;71;69;70;238;2,1;,3;
2021/06/09;0800 UTC;0;938,7;938,8;938,4;;17,6;12,4;18,3;17,6;13,4;12,4;74;70;72;255;1,7;,2;
2021/06/09;0900 UTC;0;938,9;938,9;938,7;;17,2;12,4;17,6;17;12,5;12;74;72;73;253;1,5;,6;
2021/06/09;1000 UTC;0;939,6;939,6;938,9;59,9;17,6;13,1;17,6;17;13,2;12,3;76;73;75;277;1,6;,3;
2021/06/09;1100 UTC;0;940,2;940,2;939,6;735,7;21,8;15,2;22;17,6;15,8;13,1;75;66;66;8;1,6;0;
2021/06/09;1200 UTC;0;940,6;940,6;940,2;1423,6;24;15,5;24,1;21,8;16,7;14,8;67;59;59;138;2,6;1,1;
2021/06/09;1300 UTC;0;940,1;940,6;940;2048,4;25,8;15,7;26,2;23,5;16,8;15,2;63;53;54;105;4,7;1,9;
2021/06/09;1400 UTC;0;939,3;940,1;939,3;2446,8;28;17,4;28;25,5;17,4;15,7;55;50;53;106;4,6;1,6;
2021/06/09;1500 UTC;0;938,3;939,3;938,3;2629,1;29,7;16,5;30,1;27,8;18,2;16,3;54;44;45;67;5,2;1,9;
2021/06/09;1600 UTC;0;937,2;938,3;937,2;2571,2;30,4;15,1;31,2;29,6;18;14,2;46;38;40;75;5,8;2,2;
2021/06/09;1700 UTC;0;936,3;937,2;936,3;2275,2;31,2;15;32,2;30,1;17;14,6;42;37;38;183;5,8;1,1;
2021/06/09;1800 UTC;0;936,1;936,4;936;1408,5;29,5;14,2;31,5;29,5;16,2;13,9;41;37;39;95;3,7;,7;
2021/06/09;1900 UTC;0;936,1;936,1;935,9;249,4;29,1;16,4;30,3;29,1;17,1;14,7;47;39;46;119;2,1;,2;
2021/06/09;2000 UTC;0;936,3;936,3;936,1;104,2;27,5;16,2;29,1;27,5;16,8;15,7;50;45;50;155;2,1;0;
2021/06/09;2100 UTC;0;936,8;936,8;936,3;5,4;25,6;16,4;27,5;25,6;16,5;15,6;57;50;57;273;1,6;,1;
2021/06/09;2200 UTC;0;937,3;937,3;936,8;;23,8;15,7;25,6;23,7;16,5;15,7;63;57;61;270;1,9;,5;
2021/06/09;2300 UTC;0;937,7;937,7;937,2;;23,5;15,8;23,8;23,4;16;15,4;62;60;62;266;1,9;,8;
2021/06/10;0000 UTC;0;938,3;938,3;937,7;;23,3;15,8;23,5;22,9;15,8;15,4;63;62;63;256;2,3;,7;
2021/06/10;0100 UTC;0;938,4;938,4;938,1;;22,7;15;23,3;22,5;15,7;15;63;62;62;257;2;,6;
2021/06/10;0200 UTC;0;938,3;938,5;938,3;;22,1;14,6;22,8;22;15,1;14,5;63;62;62;258;1,5;,7;
2021/06/10;0300 UTC;0;938,4;938,5;938,2;;21,6;14,2;22,1;21,5;14,6;14;63;62;63;263;1,9;,9;
2021/06/10;0400 UTC;0;938;938,4;938;;21,1;13,6;21,7;21,1;14,3;13,6;63;62;62;298;1,9;0;
2021/06/10;0500 UTC;0;937,9;938,1;937,9;;20,1;13,2;21,1;20,1;13,6;13,1;64;62;64;271;1,6;0;
2021/06/10;0600 UTC;0;937,4;937,9;937,4;;19,5;12,6;20,3;19,5;13,3;12,6;65;64;64;283;1,3;,1;
2021/06/10;0700 UTC;0;937,5;937,5;937,3;;19,3;12,4;19,6;19,1;12,7;12,3;65;64;65;245;1,6;0;
2021/06/10;0800 UTC;0;938;938;937,4;;18,8;12,4;19,8;18,8;12,9;12,3;66;64;66;241;1,4;0;
2021/06/10;0900 UTC;0;938,4;938,4;938;;18,7;12,4;19;18,7;12,6;12;67;65;67;178;1,9;0;
2021/06/10;1000 UTC;0;938,9;939;938,3;59,1;19,6;13,1;19,6;18,1;13,2;12,2;70;66;66;319;0;0;
2021/06/10;1100 UTC;0;939,2;939,2;938,9;712,8;22,9;15,2;23,1;19,6;15,7;13,2;66;61;62;56;1,7;,4;
2021/06/10;1200 UTC;0;939,5;939,6;939,2;1438;26,6;15,2;26,8;22,9;16,8;14,7;62;48;50;78;4,3;1,7;
2021/06/10;1300 UTC;0;939,2;939,6;939,2;2039,5;27,7;15;27,8;26,5;16,3;14,1;51;45;46;45;7,4;2,3;
2021/06/10;1400 UTC;0;939;939,2;939;2432,1;30,1;16,1;30,4;27,7;16,8;14,6;46;41;43;355;7,9;3,1;
2021/06/10;1500 UTC;0;938,3;939;938,3;2608;31,6;15,6;31,6;30;16,2;14,5;43;37;38;326;7,4;3;
2021/06/10;1600 UTC;0;937,8;938,4;937,8;2545,4;31,5;14,8;32,5;30,6;17;13,9;41;35;36;339;7,4;2,2;
2021/06/10;1700 UTC;0;937,2;937,8;937,2;1903,1;32;16,9;32,7;30,3;16,9;13,7;40;35;40;321;6;1,5;
2021/06/10;1800 UTC;0;936,8;937,2;936,8;1304,6;31;16,3;32,8;29,7;17,8;14,4;42;37;41;325;5,2;1,4;
2021/06/10;1900 UTC;0;936,7;936,8;936,7;597,6;29,7;16,9;31,5;29,7;17,3;16,1;47;40;46;291;4,6;1,7;
2021/06/10;2000 UTC;0;936,9;936,9;936,7;212,1;28,5;16,6;30;28,5;18,3;16,3;50;45;48;282;3,7;1,4;
2021/06/10;2100 UTC;0;937,2;937,2;936,8;2,4;25,4;16,3;28,5;25,4;17,7;16,3;60;48;57;323;3,2;0;
2021/06/10;2200 UTC;0;937,3;937,4;937,2;;24,7;15,7;25,4;24,7;16,3;15,7;58;57;57;264;1,9;1;
2021/06/10;2300 UTC;0;938,1;938,1;937,3;;24,2;15,9;24,7;23,6;16;15,1;60;57;60;263;2;,7;
2021/06/11;0000 UTC;0;939,1;939,1;938,1;;24,2;16;24,5;24,1;16,2;15,4;61;58;60;218;3,5;,6;
2021/06/11;0100 UTC;0;939,6;939,7;939,1;;22,5;16,1;24,1;22,5;16,1;15,8;67;60;67;218;4,7;,8;
2021/06/11;0200 UTC;0;939,7;939,8;939,6;;21;15,7;22,5;21;16,1;15,5;72;67;72;174;5,3;1,3;
2021/06/11;0300 UTC;0;939,8;939,9;939,7;;20,3;15,8;21;20,3;15,9;15,7;76;72;76;141;5,6;1,5;
2021/06/11;0400 UTC;0;939,6;939,8;939,4;;20,1;16;20,3;20;16;15,8;77;75;77;146;5,2;1,1;
2021/06/11;0500 UTC;0;939;939,6;939;;19,8;16;20,1;19,8;16,1;16;79;77;79;137;5,5;1,8;
2021/06/11;0600 UTC;0;938,9;939;938,8;;19,6;15,9;19,8;19,6;16,1;15,9;80;79;79;136;5,6;1,9;
2021/06/11;0700 UTC;0;938,7;938,9;938,6;;19,2;15,7;19,6;19,2;15,9;15,6;80;79;80;144;5,3;1,6;
2021/06/11;0800 UTC;0;938,9;938,9;938,7;;18,9;15,6;19,2;18,9;15,8;15,4;81;80;81;137;3,9;1,4;
2021/06/11;0900 UTC;0;939,6;939,6;938,9;;18,9;15,6;19;18,9;15,7;15,5;81;80;81;130;4,7;1,9;
2021/06/11;1000 UTC;0;940,2;940,2;939,6;38,8;18,9;15,5;19;18,8;15,7;15,5;82;81;81;145;5,4;1,5;
2021/06/11;1100 UTC;0;941,2;941,2;940,2;143,9;19,1;15,6;19,3;18,9;16;15,5;82;80;80;131;5,8;1,6;
2021/06/11;1200 UTC;0;941,8;941,8;941,2;222,3;20;16,2;20;19,1;16,4;15,6;81;78;79;138;4;,5;
2021/06/11;1300 UTC;0;942;942,1;941,8;350,7;20,5;16,2;20,7;19,8;16,6;15,7;80;74;76;175;3,4;,5;
2021/06/11;1400 UTC;2,4;941,9;942,1;941,7;248,5;18,9;15,4;20,6;18,8;16,2;14,8;80;74;80;133;3,1;,1;
2021/06/11;1500 UTC;2,4;941,1;941,9;941,1;224,6;18,6;14,9;19,1;18,5;15,6;14,8;81;79;79;267;2;,9;
2021/06/11;1600 UTC;1;939,7;941,1;939,7;392,4;19,2;15,7;19,2;18,5;15,7;14,8;81;79;80;358;2,6;,9;
2021/06/11;1700 UTC;,2;939,3;939,8;939,3;609,2;20,2;16,5;20,2;19;16,5;15,3;81;79;79;341;2,3;1,2;
2021/06/11;1800 UTC;0;938,6;939,3;938,5;718,8;21,3;17,2;21,4;20,1;17,8;16,4;81;77;78;331;3;,6;
2021/06/11;1900 UTC;0;938,6;938,6;938,5;421,6;21,7;17,2;21,7;21,3;17,7;17,2;78;76;76;221;1,7;,1;
2021/06/11;2000 UTC;0;939;939;938,5;189,5;20,3;17;21,7;20,3;17,3;16,7;81;75;81;128;4,2;,9;
2021/06/11;2100 UTC;0;939,4;939,4;939;2,4;19,9;16,1;20,4;19,9;17,3;16,1;82;79;79;121;2,3;,3;
2021/06/11;2200 UTC;0;939,8;939,8;939,4;;19,2;15,8;19,9;19,2;16,2;15,8;82;79;81;196;1,6;0;
2021/06/11;2300 UTC;0;940,2;940,2;939,8;;18,7;15,8;19,2;18,6;15,8;15,4;83;80;83;185;1,2;0;
2021/06/12;0000 UTC;0;940,5;940,5;940,1;;18,6;15,5;18,8;18,5;15,8;15,1;83;81;82;25;0;0;
2021/06/12;0100 UTC;0;940,6;940,7;940,5;;18,7;15,2;18,7;18,5;15,6;14,9;83;79;80;359;1;,1;
2021/06/12;0200 UTC;0;940,5;940,8;940,5;;18,3;14,9;18,7;18,1;15,2;14,8;81;80;80;218;1,7;,1;
2021/06/12;0300 UTC;0;940,3;940,5;940,3;;18;14,5;18,4;18;14,9;14,5;81;80;80;203;1,7;0;
2021/06/12;0400 UTC;0;940,2;940,4;940,2;;17,8;14,4;18,1;17,7;14,7;14,4;81;80;81;219;,9;0;
2021/06/12;0500 UTC;0;939,6;940,2;939,6;;17,8;14,6;17,9;17,6;14,6;14,2;82;80;82;201;1;0;
2021/06/12;0600 UTC;0;939,4;939,6;939,4;;17,9;14,7;17,9;17,6;14,8;14,4;82;81;82;131;1,9;,1;
2021/06/12;0700 UTC;0;939,5;939,6;939,2;;17,8;15,1;18,1;17,8;15,1;14,8;84;82;84;133;3,7;1,4;
2021/06/12;0800 UTC;0;939,8;939,9;939,4;;17,4;15,1;17,8;17,3;15,2;14,9;87;84;86;125;4,6;2;
2021/06/12;0900 UTC;0;940,2;940,2;939,8;;17,3;15,1;17,5;17,3;15,2;15,1;87;86;87;127;4,5;1,5;
2021/06/12;1000 UTC;0;940,8;940,9;940,2;47;17,3;15,3;17,4;17,1;15,3;15,1;88;87;88;129;4,4;1,4;
2021/06/12;1100 UTC;0;941,3;941,4;940,8;269,9;17,3;15,1;17,5;17,1;15,5;14,9;89;86;87;124;4,1;1,6;
2021/06/12;1200 UTC;0;941,4;941,5;941,3;1255,6;20,1;17;20,1;17,3;17;15,2;87;82;83;128;4,6;2,2;
2021/06/12;1300 UTC;0;941,1;941,6;941,1;2206,1;22,2;17,5;22,5;20,1;18;16,7;83;74;74;123;6;2,6;
2021/06/12;1400 UTC;0;940,6;941,1;940,6;2091,2;24,4;18,8;24,4;22;18,8;16,9;76;68;71;113;5,5;2,2;
2021/06/12;1500 UTC;0;939,5;940,7;939,5;2285,4;24,7;17,8;25;23,6;18,9;16,8;71;64;66;119;6,2;1,9;
2021/06/12;1600 UTC;0;938,7;939,5;938,7;2277,3;24,4;16,3;25,9;24;19,1;16,3;67;60;61;131;6,8;2,8;
2021/06/12;1700 UTC;0;938,1;938,7;938,1;2052,7;25,9;16,8;26,6;24,2;18,8;15,9;63;56;57;138;6,7;2,4;
2021/06/12;1800 UTC;0;937,7;938,1;937,7;1581;25;16,2;26,5;24,6;17,5;15,7;60;55;58;132;8,3;2,6;
2021/06/12;1900 UTC;0;938;938;937,7;487,7;24,4;15,7;25;24;16,6;15,5;60;57;58;120;8,7;1,6;
2021/06/12;2000 UTC;0;938,2;938,2;937,9;179,2;23,2;15,6;24,5;23,2;15,9;15,4;63;58;63;144;5,4;,6;
2021/06/12;2100 UTC;0;938,8;938,9;938,2;2,9;21,1;15;23,2;21,1;15,6;15;68;62;68;217;3,7;,1;
2021/06/12;2200 UTC;0;939,2;939,2;938,8;;20,2;14,7;21,1;20,2;15;14,6;71;68;71;229;2,4;,1;
2021/06/12;2300 UTC;0;939,5;939,5;939,2;;19,9;14,5;20,2;19,9;14,7;14,5;71;71;71;320;1,8;0;
2021/06/13;0000 UTC;0;939,9;939,9;939,5;;19,8;14,7;20;19,7;14,7;14,4;72;71;72;323;,9;0;
2021/06/13;0100 UTC;0;940,1;940,2;939,9;;19,5;14,6;19,8;19,5;14,7;14,5;73;72;73;299;0;0;
2021/06/13;0200 UTC;0;940,2;940,3;940,1;;19,1;14,2;19,5;19,1;14,6;14,2;74;73;73;177;0;0;
2021/06/13;0300 UTC;0;940,1;940,2;940;;18,7;14;19,1;18,7;14,3;14;74;73;74;201;2,3;0;
2021/06/13;0400 UTC;0;939,9;940,1;939,8;;18,9;14,1;19,4;18,7;14,5;14;74;73;73;99;2,8;0;
2021/06/13;0500 UTC;0;939,7;939,9;939,7;;17,9;13,3;18,9;17,9;14,1;13,3;75;73;75;60;,8;0;
2021/06/13;0600 UTC;0;939,5;939,7;939,5;;17,3;13;18;17,3;13,6;13;76;75;76;142;1;0;
2021/06/13;0700 UTC;0;939,4;939,5;939,3;;16,8;12,9;17,3;16,8;13;12,8;78;76;78;150;0;0;
2021/06/13;0800 UTC;0;939,8;939,8;939,4;;16,2;12,7;16,8;16,2;13;12,7;79;78;79;92;0;0;
2021/06/13;0900 UTC;0;940,2;940,2;939,7;;15,6;12,3;16,3;15,6;12,7;12,2;80;79;80;10;1;0;
2021/06/13;1000 UTC;0;940,8;940,8;940,2;88;16,4;13,7;16,4;15,6;13,7;12,3;84;80;84;7;,3;0;
2021/06/13;1100 UTC;0;941,3;941,4;940,8;414,4;18,5;14,9;18,5;16,4;14,9;13,6;84;80;80;196;,5;0;
2021/06/13;1200 UTC;0;941,7;941,7;941,3;1265,2;20,4;15,1;20,5;18,5;15,9;14,8;80;71;72;144;2,7;1,1;
2021/06/13;1300 UTC;0;941,4;941,7;941,3;1708,6;22,3;15,3;22,8;20,3;17;14,6;73;64;65;126;4,8;1,7;
2021/06/13;1400 UTC;0;941;941,4;940,9;2278,1;24,3;15,8;24,5;22,1;17;15,3;69;59;59;118;5,9;2,2;
2021/06/13;1500 UTC;0;940,1;941;940,1;2660,9;24,6;15,6;25,4;23,8;17;15,2;61;56;57;103;5,9;2;
2021/06/13;1600 UTC;0;939,2;940,2;939,2;2592,8;26,6;16,3;27;24,6;17,7;15,9;58;53;53;161;5,3;1,6;
2021/06/13;1700 UTC;0;938,4;939,2;938,4;2301;27,6;17,6;27,8;26,5;18,2;16,3;56;52;54;186;4,7;1;
2021/06/13;1800 UTC;0;938,1;938,4;938,1;1575,4;27,5;17,4;28;26,9;18;16,3;55;51;54;129;4;1;
2021/06/13;1900 UTC;0;938;938,2;937,9;413,2;26,8;16,4;27,6;26,8;17,5;16,1;55;51;53;151;4,1;,6;
2021/06/13;2000 UTC;0;938,2;938,2;937,9;120,4;25,7;16,4;26,9;25,7;16,6;15,9;57;52;57;136;2,7;,6;
2021/06/13;2100 UTC;0;938,8;938,8;938,2;7,1;23,2;16,6;25,7;23,2;17,1;16,4;67;56;67;223;1,9;0;
2021/06/13;2200 UTC;0;939,2;939,2;938,8;;21,8;16,1;23,2;21,8;16,7;16;70;67;70;269;1,7;,1;
2021/06/13;2300 UTC;0;939,7;939,7;939,2;;20,8;15,5;21,8;20,8;16,1;15,5;72;70;72;6;1,1;0;
2021/06/14;0000 UTC;0;940,1;940,1;939,6;;21,9;15,9;22;20,8;16,2;15,5;72;69;69;217;1,1;,1;
2021/06/14;0100 UTC;0;940,4;940,4;940,1;;20,8;15;21,8;20,8;15,8;15;70;68;69;236;1,6;0;
2021/06/14;0200 UTC;0;940,5;940,5;940,4;;20,2;14,4;20,8;20,1;15;14,4;70;69;70;292;0;0;
2021/06/14;0300 UTC;0;940,4;940,5;940,4;;19,5;14;20,2;19,5;14,5;14;71;69;71;324;0;0;
2021/06/14;0400 UTC;0;940,3;940,5;940,3;;19;13,6;19,5;19;14;13,6;72;70;71;290;,7;0;
2021/06/14;0500 UTC;0;940,1;940,5;940,1;;19,1;13,6;19,1;18,7;13,8;13,2;72;70;70;205;,7;0;
2021/06/14;0600 UTC;0;939,8;940,1;939,8;;18,8;13,3;19,1;18,7;13,6;13,2;71;70;70;224;,6;0;
2021/06/14;0700 UTC;0;939,6;939,8;939,5;;18,1;13;19;18,1;13,5;12,9;72;70;72;244;1,3;,1;
2021/06/14;0800 UTC;0;939,6;939,6;939,5;;17,3;12,7;18,1;17,3;13;12,7;74;72;74;265;,8;0;
2021/06/14;0900 UTC;0;939,9;939,9;939,6;;16,9;12,6;17,4;16,9;12,8;12,5;76;74;76;304;,9;0;
2021/06/14;1000 UTC;0;940,6;940,6;939,9;57,7;17,6;13,7;17,6;16,8;13,7;12,6;78;76;78;323;,5;0;
2021/06/14;1100 UTC;0;941,2;941,2;940,6;839,3;20,7;14,5;20,9;17,6;15,3;13,7;78;67;68;130;2,9;,9;
2021/06/14;1200 UTC;0;941,5;941,6;941,2;1354,8;22,5;15,8;22,5;20,4;16;14;69;63;66;130;3,7;1,5;
2021/06/14;1300 UTC;0;941,2;941,6;941,2;2019,8;25,2;16,3;25,3;22,5;16,9;15,3;67;58;58;125;4;2,1;
2021/06/14;1400 UTC;0;940,8;941,2;940,8;2432;27,1;17;27,1;25,1;17,4;16;60;54;54;115;5,9;2;
2021/06/14;1500 UTC;0;939,9;940,8;939,9;2615,6;28,6;17;28,7;27;18,1;16,2;55;49;50;101;5,9;1,9;
2021/06/14;1600 UTC;0;939,1;939,9;939,1;2292,9;28,6;16,6;30;28,1;18,7;16,5;53;47;48;98;5,1;1,6;
2021/06/14;1700 UTC;0;938,4;939,1;938,4;1546,2;29,3;17,6;29,5;28,4;18,1;16,2;52;46;49;118;5,1;1,2;
2021/06/14;1800 UTC;0;937,9;938,4;937,9;1393,6;29,9;18,5;30,3;28,6;19,5;17,1;54;48;51;253;3,3;,8;
2021/06/14;1900 UTC;0;937,7;938;937,7;463,4;28,9;17,4;30,2;28,8;19,2;17,2;53;49;50;210;2,7;,1;
2021/06/14;2000 UTC;0;938;938;937,7;119,6;27,1;17,7;28,9;27,1;17,7;16,9;56;48;56;186;2,1;0;
2021/06/14;2100 UTC;0;938,4;938,4;938;5,7;25;16,8;27,1;24,9;17,6;16,6;61;55;60;342;0;0;
2021/06/14;2200 UTC;0;939,2;939,2;938,4;;23,2;16,2;25,1;23,2;16,8;16,2;65;60;65;278;1,3;0;
2021/06/14;2300 UTC;0;940;940;939,2;;21,7;15,3;23,2;21,2;16,2;14,9;67;65;67;93;3;1,6;
2021/06/15;0000 UTC;0;940,3;940,3;939,9;;21,3;15,3;21,8;21,2;15,4;14,9;69;67;68;87;3,4;1,4;
2021/06/15;0100 UTC;0;940,5;940,5;940,2;;20,5;14,7;21,3;20,5;15,2;14,7;70;68;70;108;2,9;0;
2021/06/15;0200 UTC;0;940,5;940,6;940,5;;20,7;14,7;21;20,5;15,3;14,7;71;69;69;63;1,8;,2;
2021/06/15;0300 UTC;0;940,3;940,6;940,2;;19,7;14,1;21;19,7;15;14,1;70;68;70;147;2,9;,4;
2021/06/15;0400 UTC;0;940,1;940,3;940,1;;19,3;14,2;19,8;19,3;14,4;14,2;72;70;72;236;1,3;0;
2021/06/15;0500 UTC;0;939,8;940,1;939,8;;18,6;14;19,3;18,5;14,2;13,8;75;72;75;237;1,5;,5;
2021/06/15;0600 UTC;0;939,6;939,8;939,5;;17,4;12,9;18,6;17,4;14,1;12,9;75;74;75;271;1,8;0;
2021/06/15;0700 UTC;0;939,5;939,6;939,4;;17,7;13,6;18,8;17,4;14,4;13;77;75;77;57;1,1;0;
2021/06/15;0800 UTC;0;939,7;939,7;939,5;;17,6;13,5;17,9;17,6;13,7;13,4;77;76;77;259;1,2;0;
2021/06/15;0900 UTC;0;940,4;940,4;939,7;;17,3;13,6;17,7;17,2;13,8;13,5;79;77;79;257;1,6;0;
2021/06/15;1000 UTC;0;941;941;940,4;56,8;17,6;14,2;17,6;17,1;14,2;13,6;81;79;81;282;0;0;
2021/06/15;1100 UTC;0;941,6;941,6;941;724,6;20,9;16,5;21;17,6;16,9;14,2;81;76;76;54;1,3;0;
2021/06/15;1200 UTC;0;941,9;942;941,6;1466,4;22,5;17,2;22,7;20,9;17,4;16,3;77;69;72;127;3,2;1,2;
2021/06/15;1300 UTC;0;942;942,1;941,9;1665,8;24;18,3;24,6;22,4;18,6;16,7;73;67;70;145;3,5;,9;
2021/06/15;1400 UTC;0;941,6;942;941,6;2461;26,5;18,8;26,8;24;19,2;17,2;70;59;63;86;3,5;1,3;
2021/06/15;1500 UTC;0;940,5;941,6;940,5;2673;28,5;18;28,6;26,4;19,5;16,5;64;51;53;125;3,5;1,5;
2021/06/15;1600 UTC;0;939,6;940,5;939,6;2491;28,9;17,2;30;27,7;19;16,2;54;46;49;122;4,8;1,4;
2021/06/15;1700 UTC;0;938,6;939,6;938,6;2024,9;30,1;18,6;30,1;28,1;19,2;15,8;53;46;50;220;4,8;1,1;
2021/06/15;1800 UTC;0;938,3;938,6;938,2;1780,5;29,7;15,2;30,8;29,5;19,3;14,6;51;39;41;256;5,6;2;
2021/06/15;1900 UTC;0;938,1;938,3;938;379,8;28,8;13;30,2;28,3;15,6;12,3;42;36;38;246;5,6;2,1;
2021/06/15;2000 UTC;0;938,3;938,3;938,1;104;26,7;13,9;28,9;26,7;14,5;12,7;45;38;45;212;5,5;0;
2021/06/15;2100 UTC;0;938,5;938,5;938,3;4,3;24,3;13,4;26,7;24,2;13,8;13,2;51;45;51;264;0;0;
2021/06/15;2200 UTC;0;939;939;938,5;;21,8;12,8;24,3;21,8;13,4;12,6;57;51;57;267;2;,5;
2021/06/15;2300 UTC;0;939,4;939,4;939;;21;12,7;21,9;20,8;13;12,6;60;57;59;265;1,7;,3;
2021/06/16;0000 UTC;0;939,7;939,7;939,4;;19,9;11,7;21,2;19,8;12,8;11,6;60;58;59;93;1,6;0;
2021/06/16;0100 UTC;0;939,8;939,8;939,7;;20,4;9,5;21,4;19,8;12;9,5;59;49;50;102;2,4;,3;
2021/06/16;0200 UTC;0;939,8;939,9;939,8;;19,4;10,4;20,4;18,9;10,4;9,1;56;49;56;286;1,6;,2;
2021/06/16;0300 UTC;0;939,8;939,8;939,8;;18;9,8;19,5;17,8;10,4;9,5;59;55;59;261;1,8;0;
2021/06/16;0400 UTC;0;939,7;939,8;939,7;;17,6;9,6;18,4;17,5;10,4;9,6;61;59;60;281;0;0;
2021/06/16;0500 UTC;0;939,3;939,7;939,3;;17,1;10,3;17,6;16,8;10,3;9,4;64;60;64;264;1,5;0;
2021/06/16;0600 UTC;0;939;939,3;939;;16,5;9,5;17,1;16,5;10,3;9,5;64;63;63;285;1;,3;
2021/06/16;0700 UTC;0;938,9;939;938,8;;16;9,6;16,6;15,8;9,8;9,3;66;63;66;268;1,4;,1;
2021/06/16;0800 UTC;0;939,1;939,1;938,9;;15,9;9,7;16,1;15,8;9,9;9,5;67;66;67;247;1,2;0;
2021/06/16;0900 UTC;0;939,7;939,7;939,1;;15,6;9,6;15,9;15,6;9,8;9,4;67;66;67;168;0;0;
2021/06/16;1000 UTC;0;940,3;940,3;939,7;51,9;16,7;10,8;16,7;15,6;10,8;9,6;69;67;68;214;0;0;
2021/06/16;1100 UTC;0;940,9;940,9;940,3;744,8;20,5;12,4;21,1;16,7;13,7;10,9;68;59;60;164;1,3;,2;
2021/06/16;1200 UTC;0;941,2;941,3;940,9;1527,3;22,1;12,5;22,1;20,4;13,4;11,4;62;53;55;145;4,7;1,4;
2021/06/16;1300 UTC;0;941,2;941,3;941,2;2123,7;23,8;12,8;24;21,8;13,4;11,3;57;48;50;120;4,8;1,9;
2021/06/16;1400 UTC;0;940,9;941,2;940,8;2554,5;25,4;12,8;25,4;23,3;13,5;11,6;50;44;46;130;5,9;1,8;
2021/06/16;1500 UTC;0;940,2;940,9;940,2;2744,3;26,5;12,9;27;24,8;14,1;11,2;48;40;43;129;5;2;
2021/06/16;1600 UTC;0;939,2;940,2;939,2;2694,3;27,5;12,7;28,1;26,3;13,7;9,7;44;33;40;109;5;1,3;
2021/06/16;1700 UTC;0;938,4;939,2;938,4;2400,5;28,8;7,3;28,9;27,1;13,4;7,1;41;26;26;125;5,5;2,2;
2021/06/16;1800 UTC;0;938,1;938,4;938,1;1792,1;28,1;7,8;29,2;27,8;9,1;5,9;30;25;28;144;5,5;1,3;
2021/06/16;1900 UTC;0;938,2;938,2;937,9;348,8;27,1;7,1;28,5;27,1;8,3;5,8;29;25;28;128;4,2;1,2;
2021/06/16;2000 UTC;0;938,7;938,7;938,2;94,2;25,1;7,8;27,1;25,1;8,3;6,6;33;28;33;142;3,5;0;
2021/06/16;2100 UTC;0;939,1;939,1;938,7;4,9;22,2;7,7;25,1;22,2;7,7;7;39;33;39;262;1,1;0;
2021/06/16;2200 UTC;0;939,4;939,4;939,1;;19,6;8,9;22,2;19,6;9;7,8;50;39;50;267;1,7;,8;
2021/06/16;2300 UTC;0;939,8;939,8;939,4;;19,1;8,1;19,6;18,7;8,9;7,9;50;49;49;257;1,9;,9;
2021/06/17;0000 UTC;0;940,1;940,1;939,8;;18,2;7,8;19,1;18,2;8,2;7,7;51;49;51;265;2,3;1;
2021/06/17;0100 UTC;0;940,2;940,2;940;;17,2;7,5;18,2;17,2;8;7,1;53;50;53;277;2;,7;
2021/06/17;0200 UTC;0;940,2;940,3;940,2;;17,3;7,3;17,6;17;7,8;6,9;53;51;52;266;1,8;,1;
2021/06/17;0300 UTC;0;940,1;940,2;940,1;;16,8;7,1;17,7;16,7;7,4;6,4;53;49;53;261;1,4;,6;
2021/06/17;0400 UTC;0;940,1;940,2;940;;16,7;6,9;16,8;16,4;7,3;6,8;54;52;53;250;2,3;,9;
2021/06/17;0500 UTC;0;940;940,2;940;;15,7;6,7;16,7;15,7;6,9;6,2;55;52;55;295;1,6;0;
2021/06/17;0600 UTC;0;940;940,1;940;;15,7;7,6;15,8;15,2;7,7;6,5;59;55;59;245;1,1;0;
2021/06/17;0700 UTC;0;940,3;940,3;940;;16,7;8,7;16,7;15,6;8,7;7,6;60;59;59;236;1,1;0;
2021/06/17;0800 UTC;0;940,7;940,7;940,3;;16;8;16,7;16;8,7;8;59;58;59;220;,8;0;
2021/06/17;0900 UTC;0;941,1;941,1;940,7;;15,7;8,4;16;15,6;8,4;8;62;59;62;7;0;0;
2021/06/17;1000 UTC;0;941,9;941,9;941,1;49,2;16,1;9,8;16,1;15,1;9,8;8,1;66;62;66;241;0;0;
2021/06/17;1100 UTC;0;942,6;942,6;941,9;735,9;20;11,9;20;16,2;12;9,8;66;55;60;118;2,5;1,1;
2021/06/17;1200 UTC;0;943;943;942,6;1466,2;21,6;10,9;21,8;19,8;11,9;10,1;60;51;51;132;4,1;1,4;
2021/06/17;1300 UTC;0;943;943,1;943;2063;23,9;12,6;23,9;21,4;12,6;10,2;53;44;49;115;5;1,8;
2021/06/17;1400 UTC;0;942,4;943;942,4;2509,9;26;12,2;26;23,8;12,7;10,3;49;39;42;134;5,3;2,4;
2021/06/17;1500 UTC;0;941,5;942,4;941,5;2698,4;27,2;10,8;27,4;25,7;12,5;10,5;43;35;36;121;6,5;2,2;
2021/06/17;1600 UTC;0;940,5;941,5;940,5;2625,4;28,3;9,8;28,9;26,9;12,7;9,1;40;30;32;146;4,8;1,9;
2021/06/17;1700 UTC;0;939,8;940,5;939,8;2351,3;28,5;7,5;29;28;10,9;7,5;34;26;27;126;5,4;2;
2021/06/17;1800 UTC;0;939,3;939,8;939,3;1776,7;28,2;7,7;29;28,2;10,1;7,4;31;26;28;133;4,4;1,8;
2021/06/17;1900 UTC;0;939,3;939,3;939,2;359,5;27,5;10;28,6;27,4;10,3;7,2;34;27;33;129;4,9;1,4;
2021/06/17;2000 UTC;0;939,4;939,4;939,3;101,2;25,9;9,6;27,5;25,8;10,9;8,9;38;31;36;148;3,3;,6;
2021/06/17;2100 UTC;0;939,9;939,9;939,4;5,2;22,6;10,2;25,9;22,6;10,9;9,7;45;36;45;222;2,3;0;
2021/06/17;2200 UTC;0;940,2;940,2;939,9;;20,9;10;22,6;20,7;10,1;9,6;50;45;50;254;1,7;,6;
2021/06/17;2300 UTC;0;940,6;940,6;940,2;;19,8;9,7;20,9;19,6;10;9,3;52;50;52;255;1,7;0;
2021/06/18;0000 UTC;0;940,9;940,9;940,6;;18,8;8,6;20;18,6;9,7;8,6;53;51;52;256;1,8;,8;
2021/06/18;0100 UTC;0;940,9;941;940,8;;18,1;7,9;18,8;18,1;8,8;7,9;53;51;52;265;1,8;,6;
2021/06/18;0200 UTC;0;940,7;940,9;940,7;;17,8;8,5;18,1;17,5;8,5;7,8;54;52;54;275;1,7;,6;
2021/06/18;0300 UTC;0;940,9;940,9;940,7;;17,6;8,3;17,9;17,5;8,7;8,2;55;54;55;266;1,4;,4;
2021/06/18;0400 UTC;0;941;941,1;940,9;;17,3;8,4;17,8;17,3;8,8;8,3;56;55;56;263;1,4;0;
2021/06/18;0500 UTC;0;940,8;941;940,8;;16,3;8,3;17,3;16,3;8,4;8;59;56;59;261;1,3;,2;
2021/06/18;0600 UTC;0;940,5;940,8;940,5;;15,9;8,4;16,4;15,8;8,4;8;61;59;61;255;1,5;,8;
2021/06/18;0700 UTC;0;940,6;940,6;940,4;;15,3;8,1;16;15,3;8,6;8,1;62;61;62;268;1,5;0;
2021/06/18;0800 UTC;0;941;941;940,6;;15;8,3;15,4;14,9;8,5;7,8;64;62;64;258;0;0;
2021/06/18;0900 UTC;0;941,6;941,6;941;;14,3;8,1;15;14,3;8,3;7,8;66;64;66;283;0;0;
2021/06/18;1000 UTC;0;942,6;942,6;941,6;59,2;15,3;9,6;15,3;14,3;9,6;8,1;69;66;69;254;1,6;0;
2021/06/18;1100 UTC;0;943,2;943,2;942,6;716,7;20;12,1;20;15,3;12,3;9,7;69;60;60;25;1,3;,1;
2021/06/18;1200 UTC;0;943,4;943,4;943,2;1464,8;23,4;13,2;23,4;20;13,8;12;62;52;53;203;1,5;,4;
2021/06/18;1300 UTC;0;943,2;943,4;943,2;2072,8;25;10,6;25,2;22,8;13;9,2;53;38;40;126;3,7;1,4;
2021/06/18;1400 UTC;0;942,7;943,2;942,7;2466,3;26,8;10,3;27,1;24,7;12,5;9,4;42;34;36;82;5,1;2,2;
2021/06/18;1500 UTC;0;941,6;942,7;941,6;2690,8;29;10,2;29;26,6;11,4;8,8;36;29;31;66;5,5;1,9;
2021/06/18;1600 UTC;0;940,6;941,6;940,6;2624,8;29,4;8,8;29,6;28,3;12,4;7,8;35;26;28;120;6,5;2,5;
2021/06/18;1700 UTC;0;939,9;940,6;939,9;2333,7;29,9;6,8;30,2;28,9;9,7;6,6;30;23;24;103;7,3;3,3;
2021/06/18;1800 UTC;0;939,6;940;939,6;1770,8;29,7;8,7;29,9;29,1;9,9;7;30;24;27;105;7,2;2,5;
2021/06/18;1900 UTC;0;939,5;939,6;939,4;380,3;28,5;9;29,9;28,5;10,2;7,4;30;25;30;139;5,7;1,6;
2021/06/18;2000 UTC;0;939,8;939,8;939,5;107,4;26,7;9,2;28,5;26,7;11;8,7;36;29;33;148;3,6;,9;
2021/06/18;2100 UTC;0;940,1;940,1;939,8;5,3;23,5;9,1;26,7;23,5;9,6;9,1;40;33;40;188;2,2;0;
2021/06/18;2200 UTC;0;940,4;940,4;940,1;;21,3;9,7;23,5;21,2;9,7;8,8;48;40;48;257;1,2;,2;
2021/06/18;2300 UTC;0;940,6;940,6;940,4;;20,4;10,1;21,3;20,2;10,1;9,6;51;48;51;266;1,4;,1;
2021/06/19;0000 UTC;0;940,9;940,9;940,6;;19,6;9,2;20,5;19,4;10,1;9;51;50;51;262;1,5;,4;
2021/06/19;0100 UTC;0;941;941,1;940,9;;18,9;8,5;19,6;18,9;9,3;8,5;52;51;51;253;1,7;,9;
2021/06/19;0200 UTC;0;940,8;941,1;940,8;;18,2;8,4;18,9;18;8,6;8,2;53;51;53;260;1,6;,8;
2021/06/19;0300 UTC;0;940,8;940,8;940,7;;17,5;7,9;18,3;17,5;8,6;7,9;53;53;53;271;1,6;,9;
2021/06/19;0400 UTC;0;940,5;940,8;940,5;;17,5;8,4;17,7;17,3;8,5;7,9;55;53;55;253;2;,7;
2021/06/19;0500 UTC;0;940,4;940,5;940,4;;16,6;8;17,6;16,5;8,4;7,9;57;55;57;261;1,5;,7;
2021/06/19;0600 UTC;0;940,3;940,4;940,3;;16,6;8,4;16,8;16,4;8,4;8;58;57;58;256;1,6;0;
2021/06/19;0700 UTC;0;940,5;940,6;940,3;;16,3;8,5;16,8;15,9;8,6;8;60;58;60;256;1,5;,8;
2021/06/19;0800 UTC;0;940,8;940,8;940,5;;16,1;8,5;16,3;16;8,6;8,3;61;60;61;249;1,5;0;
2021/06/19;0900 UTC;0;941,2;941,2;940,8;;15,9;8,5;16,2;15,6;8,6;8,2;62;61;62;258;,7;0;
2021/06/19;1000 UTC;0;941,8;941,8;941,2;80,4;17;9,9;17;15,4;9,9;8,3;63;62;63;278;0;0;
2021/06/19;1100 UTC;0;942,5;942,5;941,8;628,9;21,7;12,5;21,7;17;12,8;10;64;56;56;44;,8;,1;
2021/06/19;1200 UTC;0;942,9;942,9;942,5;1423,1;24,5;11,8;24,5;21,7;13;11,5;57;45;45;111;3,1;1,4;
2021/06/19;1300 UTC;0;943;943;942,9;1945,8;26,4;12,6;26,5;24,1;13;10,9;47;42;43;102;4,6;2,4;
2021/06/19;1400 UTC;0;942,3;943;942,3;2467,1;27,8;12,9;28,9;26,2;15,1;11,8;44;38;40;11;6,2;2;
2021/06/19;1500 UTC;0;941,2;942,3;941,2;2638,8;30,3;13,4;31,1;27,8;15,4;12,4;41;35;36;343;6,6;2,7;
2021/06/19;1600 UTC;0;940,4;941,2;940,4;2617,5;30,6;12,2;32;29,6;14,9;12;38;32;32;339;9,4;3,5;
2021/06/19;1700 UTC;0;939,9;940,4;939,9;2036,3;29,9;13;31,5;29,7;14,8;12,1;37;32;36;325;9,4;2,8;
2021/06/19;1800 UTC;0;939,4;939,9;939,4;1735,2;31;15;31,8;29,8;15,9;12,2;40;32;38;315;8,1;1,8;
2021/06/19;1900 UTC;0;939,5;939,5;939,3;355,3;29,5;14;31;29,5;15,2;12,5;39;33;39;295;7,2;1,7;
2021/06/19;2000 UTC;0;939,9;939,9;939,5;99,8;27,8;14,5;29,5;27,8;15,1;13,6;44;38;44;287;5,7;1;
2021/06/19;2100 UTC;0;940,3;940,3;939,9;5,4;25;14,8;27,8;25;15,7;14,1;54;44;53;275;2,5;,5;
2021/06/19;2200 UTC;0;940,6;940,6;940,3;;23;13,4;25;23;14,7;13,4;55;53;55;276;1,8;,5;
2021/06/19;2300 UTC;0;941,2;941,2;940,6;;22;13;23;22;13,9;13;57;55;57;284;2,1;,7;
2021/06/20;0000 UTC;0;941,3;941,3;941,2;;21,8;13,1;22;21,1;13,4;12,5;59;57;58;288;2,1;,6;
2021/06/20;0100 UTC;0;941,3;941,3;941,2;;21,4;13;21,8;21,2;13,1;12,7;59;58;59;266;2;,6;
2021/06/20;0200 UTC;0;941,4;941,4;941,3;;20,3;12,4;21,7;20,2;13,3;12,3;61;58;60;261;1,8;,5;
2021/06/20;0300 UTC;0;941,4;941,4;941,3;;20,4;12,7;20,4;20;12,7;12,4;62;60;61;251;2;1,1;
2021/06/20;0400 UTC;0;941,3;941,5;941,3;;20,6;12,4;20,8;20,4;12,9;12,4;62;59;59;266;2,3;,2;
2021/06/20;0500 UTC;0;940,8;941,3;940,8;;20,8;12,2;21,2;20,6;13;12,2;60;58;58;252;2,4;1,2;
2021/06/20;0600 UTC;0;940,6;940,8;940,5;;20,3;11,9;20,8;20,3;12,2;11,8;59;58;58;244;2,4;,6;
2021/06/20;0700 UTC;0;941,1;941,1;940,6;;19,7;11,3;21,4;19,3;12,5;10,8;59;56;59;111;4,8;1;
2021/06/20;0800 UTC;0;941,3;941,3;941;;18,3;10,8;19,7;18,3;11,3;10,7;61;58;61;303;2,1;,6;
2021/06/20;0900 UTC;0;941,5;941,5;941,3;;17,1;10,5;18,4;17,1;10,9;10,5;65;61;65;267;1,5;,1;
2021/06/20;1000 UTC;0;942,4;942,4;941,5;65,9;18,8;12;18,8;17,1;12;10,5;66;64;65;235;,7;0;
2021/06/20;1100 UTC;0;943,3;943,3;942,4;669,9;21,3;13,1;21,8;18,8;13,8;11,9;65;58;59;206;2,6;,3;
2021/06/20;1200 UTC;0;943,4;943,4;943,2;1410,3;23,2;13,6;23,4;21,2;14,6;12,9;61;54;55;133;6,3;2,4;
2021/06/20;1300 UTC;0;943,1;943,4;943,1;2011,7;24,5;13,3;25,4;22,8;14,9;13,1;57;49;49;120;6,9;2,2;
2021/06/20;1400 UTC;0;942,5;943,1;942,5;2425,1;26,1;15;26,2;24,3;15,7;13;54;49;51;135;6,5;2,3;
2021/06/20;1500 UTC;0;941,5;942,5;941,5;2616,3;27,2;16,1;28,3;25,5;18;13,9;54;48;51;144;7,6;,7;
2021/06/20;1600 UTC;0;940,4;941,5;940,4;2545,9;29,2;17,7;29,4;27;18,4;15,1;54;47;50;206;4,3;,7;
2021/06/20;1700 UTC;0;939,4;940,4;939,4;2169,7;28,6;16,4;29,2;27,8;17,4;14,3;51;43;47;192;4,3;1,5;
2021/06/20;1800 UTC;0;939;939,4;939;1819,2;29,8;16,5;30;28,5;17,4;15;49;43;45;245;4,2;1;
2021/06/20;1900 UTC;0;939,3;939,3;939;537,4;28,5;15,3;30,4;28,5;17,3;14,8;46;41;45;263;4,2;1,9;
2021/06/20;2000 UTC;0;939,6;939,6;939,2;113,7;27,3;15,8;28,7;27,3;16,4;15,3;50;45;50;242;4,4;1,3;
2021/06/20;2100 UTC;0;940;940;939,7;6;23,7;14,9;27,2;23,7;16,6;14,8;58;50;58;127;3;,6;
2021/06/20;2200 UTC;0;940,5;940,5;939,9;;22,3;13,7;23,9;22,3;14,9;13,7;58;56;58;274;1,6;,3;
2021/06/20;2300 UTC;0;940,8;940,9;940,5;;21,3;13,8;22,3;21,3;14;13,7;63;58;62;253;1,8;,3;
2021/06/21;0000 UTC;0;941,2;941,2;940,8;;21,4;13,6;21,6;21;14;13,5;63;61;61;245;1,3;0;
2021/06/21;0100 UTC;0;941,4;941,5;941,2;;20,9;12,8;22,1;20,3;14;12,8;63;58;60;259;1,8;0;
2021/06/21;0200 UTC;0;941,4;941,6;941,3;;19,7;12,3;20,9;19,6;12,9;12;62;59;62;118;1;,1;
2021/06/21;0300 UTC;0;941,4;941,5;941,3;;19,4;11,8;20,3;19,4;12,5;11,8;62;60;61;318;1,7;0;
2021/06/21;0400 UTC;0;941;941,4;941;;18,6;12;19,4;18,5;12,2;11,6;66;61;66;304;0;0;
2021/06/21;0500 UTC;0;940,6;941;940,5;;18,2;12;18,8;18,2;12,4;11,9;67;66;67;225;1,6;0;
2021/06/21;0600 UTC;0;940,3;940,6;940,3;;17,6;11,7;18,3;17,4;12;11,5;69;67;68;261;1,4;,6;
2021/06/21;0700 UTC;0;940,4;940,4;940,2;;16,9;11,5;17,6;16,9;11,8;11,5;70;69;70;275;1,4;,2;
2021/06/21;0800 UTC;0;940,7;940,7;940,4;;16,3;11,2;16,9;16,2;11,5;11,1;72;70;72;255;1,3;,1;
2021/06/21;0900 UTC;0;941,1;941,1;940,7;;16,2;11,5;16,5;16,2;11,7;11,2;74;72;74;268;1,6;0;
2021/06/21;1000 UTC;0;941,8;941,8;941,1;49,9;17,1;12,4;17,1;16,1;12,4;11,5;75;74;74;240;0;0;
2021/06/21;1100 UTC;0;942,7;942,7;941,8;700,3;20,3;14,4;20,4;17,1;14,7;12,4;74;68;69;118;2,4;,6;
2021/06/21;1200 UTC;0;943;943;942,7;1441;23,1;14,8;23,3;20,3;15,9;14,4;69;60;60;66;3,7;1,8;
2021/06/21;1300 UTC;0;943;943,1;943;2045,1;25,1;16;25,2;22,9;16,2;14,6;62;55;57;86;4,4;2,2;
2021/06/21;1400 UTC;0;942,3;943;942,3;2458,4;28;17,1;28;24,8;17,7;14,9;58;51;52;82;5,3;2;
2021/06/21;1500 UTC;0;941,2;942,3;941,2;2643,6;29;16,7;29,4;27;18;15,6;54;46;47;83;5,4;1,8;
2021/06/21;1600 UTC;0;940,2;941,2;940,2;2598,8;29,4;16;30,4;28,2;17,5;14,6;50;41;44;87;5,1;1,7;
2021/06/21;1700 UTC;0;939,5;940,2;939,4;2222,6;30,1;15,8;30,6;29,2;16,8;13,4;46;36;42;119;5,6;1,5;
2021/06/21;1800 UTC;0;939,1;939,5;939;1031,6;30,2;14,6;30,9;28,6;16,1;12,5;42;36;39;151;4,4;,5;
2021/06/21;1900 UTC;0;939,2;939,2;939;366;29,3;14,6;30,4;29,3;15,1;13;41;35;41;140;4,2;1,1;
2021/06/21;2000 UTC;0;939,5;939,5;939,2;107,5;27,7;14,1;29,3;27,7;14,7;13,4;44;38;43;152;2,9;,5;
2021/06/21;2100 UTC;0;940;940;939,5;6,5;24,7;13,6;27,7;24,7;14,1;13,5;50;43;50;214;1,7;0;
2021/06/21;2200 UTC;0;940,4;940,4;940;;23;13,5;24,8;22,9;14;13,3;55;50;55;268;0;0;
2021/06/21;2300 UTC;0;941;941;940,4;;21,9;13,5;23;21,7;13,7;13,2;59;55;59;258;1,7;,8;
2021/06/22;0000 UTC;0;941,3;941,3;941;;21,2;12,9;22;21,2;13,7;12,9;59;59;59;276;1,6;,2;
2021/06/22;0100 UTC;0;941,3;941,3;941,2;;20,5;12,9;21;20,4;13,2;12,6;62;59;62;263;1,8;,8;
2021/06/22;0200 UTC;0;941,2;941,3;941,2;;19,9;12,4;20,6;19,9;13;12,4;62;61;62;268;1,7;,5;
2021/06/22;0300 UTC;0;941,1;941,3;941,1;;19,9;12,5;20;19,5;12,7;12,3;63;62;63;251;1,7;,5;
2021/06/22;0400 UTC;0;940,8;941,1;940,8;;19,4;12,6;20;19,1;12,7;12,1;65;63;65;257;1,3;,3;
2021/06/22;0500 UTC;0;940,4;940,9;940,4;;19;12,4;19,4;18,9;12,6;12,2;66;65;66;247;1,5;,8;
2021/06/22;0600 UTC;0;940,2;940,5;940,2;;17,7;11,6;19,1;17,6;12,5;11,4;68;66;68;270;1,8;,9;
2021/06/22;0700 UTC;0;940,3;940,3;940,2;;17,8;12;18;17,7;12,1;11,7;69;68;69;263;2,1;,8;
2021/06/22;0800 UTC;0;940,8;940,8;940,2;;17,3;11,7;18,1;17;12,3;11,4;70;69;70;242;2;,5;
2021/06/22;0900 UTC;0;941;941,1;940,8;;16,5;11,3;17,3;16,5;11,7;11,3;71;70;71;265;2,5;1;
2021/06/22;1000 UTC;0;941,4;941,4;941;59,3;17,9;12,5;17,9;16,4;12,5;11,2;72;71;71;265;2,6;1;
2021/06/22;1100 UTC;0;942;942;941,4;706,7;22,4;15,8;22,4;17,9;15,8;12,6;71;66;66;279;1,9;,2;
2021/06/22;1200 UTC;0;942,5;942,5;942;1442,9;26,2;15,7;26,8;22,4;17,9;15,7;66;52;52;129;2,6;,8;
2021/06/22;1300 UTC;0;942,5;942,6;942,5;2049,2;27,6;15;28;25,9;16,6;14,8;55;45;46;96;3,6;1,7;
2021/06/22;1400 UTC;0;941,9;942,5;941,9;2468,7;28,9;14,2;29,2;27,3;15,4;13,5;47;40;41;64;4,9;1,8;
2021/06/22;1500 UTC;0;941;941,9;941;2649,8;30,2;14,1;31,3;28,9;17,2;13,7;44;36;38;36;4,6;1,4;
2021/06/22;1600 UTC;0;940,2;941;940,2;2582,1;31,1;14,6;31,2;30,1;15,9;12,2;41;33;37;135;4,9;1,5;
2021/06/22;1700 UTC;0;939,4;940,2;939,4;2315,7;30,9;11,5;31,7;30,5;15,3;10,9;38;29;30;127;4,3;1,8;
2021/06/22;1800 UTC;0;939;939,4;939;1767,9;31,1;12,3;31,8;30,5;14;11,2;34;29;32;101;4,6;2,1;
2021/06/22;1900 UTC;0;939;939,1;938,8;359;30,2;12,2;31,2;30,1;13,6;11,2;35;31;33;113;5,3;2,1;
2021/06/22;2000 UTC;0;939,4;939,4;939;101,3;27,9;14,1;30,2;27,9;14,3;11,5;43;32;43;133;3,8;,5;
2021/06/22;2100 UTC;0;939,7;939,7;939,4;7,1;25,2;12,9;27,9;25,2;14,2;12,8;46;43;46;149;2,8;0;
2021/06/22;2200 UTC;0;940,1;940,1;939,7;;23,3;12,4;25,2;23,3;12,9;12,1;50;46;50;268;1,6;,2;
2021/06/22;2300 UTC;0;940,4;940,4;940,1;;22,1;12,5;23,3;22,1;12,6;12,4;54;50;54;272;1,6;,2;
2021/06/23;0000 UTC;0;940,7;940,7;940,4;;21,5;12,1;22,2;21,5;12,5;12,1;55;54;55;267;2;,9;
2021/06/23;0100 UTC;0;940,8;940,8;940,7;;20,9;11,6;21,5;20,8;12,3;11,5;56;55;55;263;2;,2;
2021/06/23;0200 UTC;0;940,6;940,8;940,6;;20,6;11,8;21,3;20,2;11,9;11,4;58;55;57;249;1,6;1;
2021/06/23;0300 UTC;0;940,4;940,7;940,4;;20,1;11,7;20,6;20,1;11,8;11,5;58;57;58;259;1,6;,5;
2021/06/23;0400 UTC;0;940,2;940,4;940,2;;19,4;11,6;20,1;19,3;11,9;11,3;61;58;61;256;1,7;,9;
2021/06/23;0500 UTC;0;939,7;940,3;939,7;;18,9;11,2;19,6;18,9;11,9;11,2;61;60;61;266;1,5;,2;
2021/06/23;0600 UTC;0;939,6;939,7;939,5;;18,6;11,3;18,9;18,5;11,5;11,2;63;61;63;255;1,7;,8;
2021/06/23;0700 UTC;0;939,9;939,9;939,6;;18,2;11,2;18,6;18,2;11,5;11,1;64;63;64;250;1,4;,3;
2021/06/23;0800 UTC;0;940,4;940,4;939,9;;17,4;11;18,2;17,4;11,5;11;66;64;66;52;1,1;0;
2021/06/23;0900 UTC;0;940,6;940,6;940,3;;17;11;17,6;17;11,5;10,9;68;66;68;294;1,6;,3;
2021/06/23;1000 UTC;0;941,4;941,4;940,6;48,4;17,7;12,1;17,7;16,6;12,1;10,7;70;68;70;269;1,8;,5;
2021/06/23;1100 UTC;0;942;942;941,3;679,9;22,4;15;22,4;17,7;15;12,1;70;63;63;287;1,4;,3;
2021/06/23;1200 UTC;0;942,4;942,4;942;1425,4;24,3;15,1;24,3;22,4;15,4;14,1;63;54;56;142;3;1,1;
2021/06/23;1300 UTC;0;942,4;942,5;942,3;2022,8;27,1;16,4;27,1;24,1;16,4;14,4;57;50;52;98;5,2;2,3;
2021/06/23;1400 UTC;0;941,5;942,4;941,5;2433;28,5;14,6;28,7;26,7;16,2;14,1;52;43;43;95;6,8;3,3;
2021/06/23;1500 UTC;0;940,6;941,5;940,6;2631,1;29,8;13;30,4;28,5;15,4;13;43;35;36;98;7,3;3,9;
2021/06/23;1600 UTC;0;939,5;940,6;939,5;2553,5;30,4;12,8;30,8;29,6;14,5;12,3;38;33;34;101;8,2;3;
2021/06/23;1700 UTC;0;938,7;939,5;938,7;1379,6;30,4;13,6;30,8;29;13,9;11,5;39;31;36;86;6,6;2,4;
2021/06/23;1800 UTC;0;938,3;938,7;938,3;1318,8;29,1;13,9;30,9;29;15,3;12;40;33;39;86;6,2;,8;
2021/06/23;1900 UTC;0;938,2;938,3;938,1;440,3;29,8;11,6;30,6;29,1;15,7;11,1;42;31;33;105;5,8;2,8;
2021/06/23;2000 UTC;0;938,3;938,4;938,2;122,2;27,9;14,2;29,9;27,9;14,2;11,4;43;32;43;115;5;1,5;
2021/06/23;2100 UTC;0;938,7;938,7;938,3;5,9;25;13;27,9;24,9;14,2;12,9;48;43;47;333;3,3;0;
2021/06/23;2200 UTC;0;939;939;938,7;;23,3;12,6;25;23,3;12,9;12,3;51;47;51;270;1,4;0;
2021/06/23;2300 UTC;0;939,5;939,5;939;;22;12,3;23,3;22;12,8;12,3;55;51;54;260;1,1;,1;
2021/06/24;0000 UTC;0;939,9;939,9;939,5;;21,1;12;22;21;12,6;12;58;54;56;261;1,8;,7;
2021/06/24;0100 UTC;0;940,2;940,2;939,9;;20,6;11,8;21,2;20,6;12,1;11,7;57;56;57;253;1,8;,2;
2021/06/24;0200 UTC;0;940,3;940,4;940,2;;20,3;11,8;20,8;19,9;11,9;11,5;59;57;58;261;2,3;,7;
2021/06/24;0300 UTC;0;940;940,3;940;;19,6;11,5;21,1;19,6;12,3;11,5;59;57;59;271;1,8;,3;
2021/06/24;0400 UTC;0;939,5;940,1;939,5;;19,5;11,4;20,4;19,3;12,3;11,2;61;58;59;233;1,8;,3;
2021/06/24;0500 UTC;0;939,4;939,9;939,4;;19,8;11,6;20,3;18;12,1;10,5;62;59;59;250;3,2;,6;
2021/06/24;0600 UTC;0;939;939,4;939;;18,1;10,5;19,8;18;11,6;10,3;61;59;61;268;1,7;,6;
2021/06/24;0700 UTC;0;938,8;939;938,8;;17,2;10,6;18,1;17,2;10,9;10,5;65;61;65;250;1,9;,4;
2021/06/24;0800 UTC;0;938,6;938,9;938,6;;16,5;10,4;17,2;16,4;10,6;10,2;67;65;67;269;1,5;,8;
2021/06/24;0900 UTC;0;938,7;938,8;938,6;;16,6;10,8;16,8;16,5;10,9;10,5;69;67;69;263;1,5;,9;
2021/06/24;1000 UTC;0;939,3;939,3;938,7;49;17,3;11,8;17,3;16,6;11,8;10,8;71;69;70;204;2,1;0;
2021/06/24;1100 UTC;0;940,1;940,1;939,3;695,3;21,9;13,7;22;17,2;14;11,8;70;59;60;76;3,6;1,3;
2021/06/24;1200 UTC;0;940,5;940,5;940,1;1450,3;24,8;14,6;24,9;21,9;15;13,5;60;52;53;55;3,6;1,3;
2021/06/24;1300 UTC;0;940,4;940,6;940,4;2069,2;26,6;13,8;27,4;24,6;15,9;13,3;54;44;45;51;4,5;1,5;
2021/06/24;1400 UTC;0;940,1;940,5;940,1;2499,2;30,1;15,1;30,1;26,6;15,9;12,6;47;38;40;346;5,9;2,2;
2021/06/24;1500 UTC;0;939,2;940,1;939,2;2690,2;31,1;13,8;31,4;29,1;16,2;12,2;41;32;35;344;7,7;3,7;
2021/06/24;1600 UTC;0;938,1;939,2;938,1;2666,9;31,8;10,6;32,6;30,8;14,3;9,7;37;26;27;335;9,3;3,7;
2021/06/24;1700 UTC;0;937,4;938,1;937,4;2360,7;31,7;13,2;32,3;31,1;13,2;10,1;32;26;32;305;9,3;1,7;
2021/06/24;1800 UTC;0;937,1;937,4;937,1;1794,3;30,8;13,3;32,2;30,6;14,9;11,5;37;29;34;359;6,6;2,9;
2021/06/24;1900 UTC;0;937,3;937,3;937,1;376,1;29,8;13,5;31,5;29,8;16,6;13;41;34;37;343;5,5;1,1;
2021/06/24;2000 UTC;0;937,9;937,9;937,3;107,6;28,1;13,3;29,8;28,1;14,6;12,9;41;37;40;331;3,7;,4;
2021/06/24;2100 UTC;0;938,4;938,4;937,9;6,3;25;12,7;28,1;25;14;12,7;46;40;46;277;2;,4;
2021/06/24;2200 UTC;0;938,9;938,9;938,4;;23,3;12,2;25;23,3;12,7;12,2;50;46;50;267;2,8;1,1;
2021/06/24;2300 UTC;0;939,4;939,4;938,9;;22,5;12,5;23,3;22,5;12,5;12,1;53;50;53;264;2,4;,9;
2021/06/25;0000 UTC;0;939,7;939,8;939,4;;21,7;12,1;22,5;21,3;12,4;11,7;55;53;55;269;3,3;,9;
2021/06/25;0100 UTC;0;939,7;939,9;939,7;;21,5;12,2;21,8;21,4;12,3;11,9;55;54;55;257;2,5;1,1;
2021/06/25;0200 UTC;0;939,5;939,7;939,5;;21,5;12,2;21,6;21,3;12,3;12,1;56;55;55;271;1,9;,5;
2021/06/25;0300 UTC;0;939;939,5;939;;21,3;11,4;21,7;21,3;12,3;11,4;55;53;53;260;2,3;1,2;
2021/06/25;0400 UTC;0;938,7;939;938,7;;20;10,5;21,3;20;11,4;10,5;54;53;54;248;2;,8;
2021/06/25;0500 UTC;0;938,4;938,7;938,4;;19,8;10,3;20,1;19,8;10,6;10,3;55;54;54;250;1,8;1;
2021/06/25;0600 UTC;0;938,5;938,5;938,3;;17,8;9,7;19,8;17,8;10,6;9,4;59;54;59;244;1,7;0;
2021/06/25;0700 UTC;0;938,7;938,7;938,5;;17,1;9,7;18;17,1;10,3;9,7;62;59;62;262;1,8;,8;
2021/06/25;0800 UTC;0;939;939;938,7;;17,6;10,2;17,6;17,1;10,2;9,8;63;62;62;255;2;1;
2021/06/25;0900 UTC;0;939,6;939,7;939;;17,2;10,5;17,6;15,5;10,5;8,6;65;62;65;266;2,1;,2;
2021/06/25;1000 UTC;0;940,4;940,4;939,7;51,1;17,9;10,8;17,9;16,9;10,9;10,2;65;63;63;256;1,2;,2;
2021/06/25;1100 UTC;0;941,1;941,1;940,4;695,4;22,5;13;23;17,9;13,6;10,9;64;54;55;92;2,6;1;
2021/06/25;1200 UTC;0;941,4;941,4;941,1;1457,1;25,6;15,4;25,6;22,5;15,4;12,9;56;52;53;86;2,6;1;
2021/06/25;1300 UTC;0;941,3;941,4;941,3;2062,9;27,5;14,4;27,8;25,2;15,6;14,4;53;45;45;43;4,2;1,8;
2021/06/25;1400 UTC;0;940,8;941,3;940,8;2473,3;29,3;13,6;29,9;27,1;16,5;13,5;47;37;38;91;5,8;2,8;
2021/06/25;1500 UTC;0;940,2;940,8;940,2;2689,2;30,7;11;31,3;29,1;16,3;11;43;29;30;97;5,8;1,8;
2021/06/25;1600 UTC;0;939;940,2;939;2633,4;31,3;12,9;32,4;30,2;15,3;10,3;37;28;33;311;6,6;1,9;
2021/06/25;1700 UTC;0;938,2;939;938,2;2333;31,4;12,4;31,8;30,5;14,2;11,1;36;29;31;31;6,6;1,2;
2021/06/25;1800 UTC;0;937,8;938,2;937,8;1800,1;31,1;9,9;32,2;30,8;15,1;9,9;37;27;27;81;4,7;1,6;
2021/06/25;1900 UTC;0;937,8;937,9;937,6;395,1;30,2;11,7;31,1;30,1;11,9;9,3;32;26;32;130;4,7;1,2;
2021/06/25;2000 UTC;0;938;938;937,7;129,8;28,2;12,8;30,2;28,2;13;11,5;39;32;39;145;3,3;,6;
2021/06/25;2100 UTC;0;938,2;938,2;938;11,2;25,6;12,5;28,2;25,6;13,3;12,3;45;39;44;265;1,6;,3;
2021/06/25;2200 UTC;0;938,5;938,5;938,2;;23,2;12,4;25,6;23,2;12,5;11,6;51;44;51;277;1,3;,3;
2021/06/25;2300 UTC;0;938,9;938,9;938,5;;22,3;12,2;23,4;22,2;12,5;12;53;50;53;255;1,5;,2;
2021/06/26;0000 UTC;0;939;939;938,9;;21,6;11,8;22,3;21,4;12,4;11,7;54;53;54;258;1,9;,7;
2021/06/26;0100 UTC;0;939;939,1;938,9;;20,8;11,5;21,8;20,5;11,8;10,9;55;52;55;276;1,6;,6;
2021/06/26;0200 UTC;0;939,2;939,2;939;;20,8;11;21,2;20,7;11,6;10,9;55;53;54;262;2;,4;
2021/06/26;0300 UTC;0;939,1;939,2;939,1;;20;11,1;20,8;19,7;11,1;10,5;57;53;57;275;1,9;,3;
2021/06/26;0400 UTC;0;939;939,3;939;;20,6;11;20,9;19,9;11,4;11;57;54;54;4;1,9;,1;
2021/06/26;0500 UTC;0;938,5;939,1;938,5;;20,7;11,2;21,5;19,7;11,4;10,1;55;52;54;29;1,9;,4;
2021/06/26;0600 UTC;0;938,4;938,6;938,4;;20,4;10,8;21,1;20,4;11,2;10,7;54;52;54;96;3,2;,6;
2021/06/26;0700 UTC;0;938,3;938,4;938,3;;19;9,7;20,4;19;11;9,7;55;54;55;128;3,1;1,2;
2021/06/26;0800 UTC;0;938,7;938,7;938,3;;19,1;9,6;20,3;18,7;10,6;9,3;55;53;54;131;2,8;1,5;
2021/06/26;0900 UTC;0;939,2;939,2;938,7;;19,3;9,4;19,8;18,6;9,9;9,3;55;52;52;100;2,7;1;
2021/06/26;1000 UTC;0;939,8;939,8;939,2;48,6;19,6;9,6;19,6;18,8;9,7;9,1;54;52;53;98;2,3;,9;
2021/06/26;1100 UTC;0;940,5;940,5;939,8;715,4;23,1;9,9;23,1;19,5;10,6;9,4;53;42;43;89;5,1;2,8;
2021/06/26;1200 UTC;0;940,9;940,9;940,5;1499,5;25,4;9,7;25,4;23,1;10,3;9,2;43;37;37;90;5,6;2,7;
2021/06/26;1300 UTC;0;940,7;940,9;940,7;2127,3;27,4;9,2;27,7;25,2;11,1;9;38;32;32;88;9,9;4,5;
2021/06/26;1400 UTC;0;940,2;940,7;940,2;2555,9;29,1;8,9;29,3;27,1;10;8,3;33;27;28;86;10;3,9;
2021/06/26;1500 UTC;0;939,4;940,2;939,4;2755,6;29,4;7,5;29,6;28,2;8,8;5;28;22;25;85;10,5;4,1;
2021/06/26;1600 UTC;0;938,5;939,4;938,5;2692,6;29,2;7;30,1;28,7;8,4;6,2;26;23;25;64;10,6;2,5;
2021/06/26;1700 UTC;0;937,6;938,5;937,6;2406,8;29,8;7,2;30,2;28,8;8,6;6,5;27;23;24;90;8,1;4,3;
2021/06/26;1800 UTC;0;937,3;937,6;937,3;1859,2;29,6;7,3;30,4;28,9;7,9;5,5;26;22;25;65;8,3;2,2;
2021/06/26;1900 UTC;0;937,1;937,3;937,1;396,4;28,4;6,8;29,7;28,3;7,3;6;26;23;26;84;7,9;2,4;
2021/06/26;2000 UTC;0;937,5;937,5;937,1;101;26,4;8,6;28,5;26,4;8,7;6,5;33;25;33;93;6,1;,9;
2021/06/26;2100 UTC;0;937,7;937,8;937,5;5,6;23,1;7,9;26,4;23,1;8,7;7,9;38;33;38;327;2,3;0;
2021/06/26;2200 UTC;0;938,1;938,1;937,7;;22,3;8,5;23,2;22;8,7;7,8;42;38;41;262;,9;,1;
2021/06/26;2300 UTC;0;938,8;938,8;938,1;;21;8,4;22,3;20,9;8,7;8,1;44;41;44;268;1,4;,3;
2021/06/27;0000 UTC;0;939;939;938,8;;19,8;8,7;21;19,7;9;8,2;49;44;49;262;1,4;,2;
2021/06/27;0100 UTC;0;939,4;939,4;938,9;;19,2;8,8;20,1;19,2;9,1;8,6;51;49;51;262;1,7;,6;
2021/06/27;0200 UTC;0;939,3;939,4;939,3;;19,2;8,6;20,7;19,2;9,8;8,5;51;49;50;112;2;0;
2021/06/27;0300 UTC;0;939,6;939,6;939,3;;19,7;9,1;20,1;18,9;9,4;8,4;51;50;50;87;3,5;,3;
2021/06/27;0400 UTC;0;939,5;939,6;939,4;;17,9;8,1;20;17,8;9,3;7,9;53;50;53;153;3;,6;
2021/06/27;0500 UTC;0;939,4;939,5;939,4;;17,4;8,4;18,1;17,3;8,8;8;55;53;55;128;2;,1;
2021/06/27;0600 UTC;0;939,3;939,4;939,3;;16,4;7,9;18;16,4;8,8;7,8;57;55;57;197;2;0;
2021/06/27;0700 UTC;0;939,2;939,3;939,1;;15,8;8;16,6;15,5;8,1;7,4;60;57;60;211;1,6;0;
2021/06/27;0800 UTC;0;939,5;939,5;939,2;;15;7,6;15,8;14,7;7,9;7,4;62;60;62;256;,7;0;
2021/06/27;0900 UTC;0;939,9;939,9;939,5;;14,6;7,7;15;14,2;7,8;7,2;63;62;63;229;1,6;,4;
2021/06/27;1000 UTC;0;940,4;940,4;939,9;47,5;16,3;9,1;16,3;14,5;9,1;7,6;64;62;62;334;1,6;0;
2021/06/27;1100 UTC;0;941,1;941,1;940,4;723,5;20,5;9,4;21;16,3;11,1;9,2;63;49;49;84;2,2;,9;
2021/06/27;1200 UTC;0;941,4;941,4;941;1513,3;23,2;8,4;23,2;20,4;9,8;7,9;49;39;39;80;4,9;2,8;
2021/06/27;1300 UTC;0;941,2;941,5;941,2;2127,1;24,5;7,2;25,3;23;9;7,2;40;33;33;66;5,2;2,3;
2021/06/27;1400 UTC;0;940,5;941,2;940,5;2547,6;27;7,9;27,4;24,5;8,7;6,9;34;29;30;89;5,7;2,9;
2021/06/27;1500 UTC;0;939,5;940,5;939,5;2732,2;28,5;8,5;28,5;26,7;10;7,4;33;29;29;79;5,7;1,6;
2021/06/27;1600 UTC;0;938,5;939,5;938,5;2705,2;29,5;12,3;29,5;27,9;13,1;7,8;37;27;35;140;4,8;1,2;
2021/06/27;1700 UTC;0;937,9;938,5;937,9;2408,5;29,4;9,9;29,9;27,9;12,7;8,6;38;28;30;106;4,5;2;
2021/06/27;1800 UTC;0;937,4;937,9;937,3;1859;29;8,4;30,1;28,4;11,4;8;32;27;28;93;5,6;2,6;
2021/06/27;1900 UTC;0;937,3;937,4;937,2;391,1;28,4;7,6;29;28,1;10,1;7,1;31;26;27;102;4,6;1,7;
2021/06/27;2000 UTC;0;937,5;937,5;937,3;98,3;26,2;7,7;28,4;26,2;8,6;7,2;31;27;31;94;4,6;1,1;
2021/06/27;2100 UTC;0;938,1;938,1;937,5;6,8;23,1;7,9;26,2;23,1;8,6;7,7;38;31;38;315;2,1;,6;
2021/06/27;2200 UTC;0;938,7;938,7;938,1;;20,7;8,6;23,1;20,7;9,1;7,9;46;38;46;265;1,8;,7;
2021/06/27;2300 UTC;0;939,4;939,4;938,7;;19,5;8,2;20,7;19,5;9;8;48;46;48;267;1,8;,5;
2021/06/28;0000 UTC;0;939,8;939,8;939,4;;18,5;7,8;19,6;18,5;8,6;7,8;50;48;50;266;2,2;,5;
2021/06/28;0100 UTC;0;940,1;940,1;939,8;;18,2;7,3;19,2;18,2;8,3;7,2;50;48;49;268;1,8;,7;
2021/06/28;0200 UTC;0;940,1;940,2;940,1;;17,4;6,6;18,5;17,4;7,5;6,6;49;48;49;268;1,7;,2;
2021/06/28;0300 UTC;0;940,2;940,2;940;;17,3;7;17,7;17,1;7,1;6,6;51;49;51;267;2,1;,3;
2021/06/28;0400 UTC;0;940,2;940,3;940,2;;17;6,6;17,4;16,9;7;6,5;51;50;50;255;2,1;1;
2021/06/28;0500 UTC;0;940;940,2;939,9;;16,2;6,3;17,3;16,2;6,9;6,2;52;50;52;258;2,1;,5;
2021/06/28;0600 UTC;0;939,8;940;939,7;;15,1;6,2;16,6;15;6,7;5,8;55;52;55;230;1,7;,1;
2021/06/28;0700 UTC;0;940;940;939,8;;15,7;6,7;15,9;15,1;7;6,3;56;55;55;205;1,6;0;
2021/06/28;0800 UTC;0;940,1;940,1;939,9;;16,2;7,2;16,3;15,6;7,2;6,6;55;54;55;131;1,6;,2;
2021/06/28;0900 UTC;0;940,3;940,3;940,1;;17,1;8,6;17,2;16,1;8,6;7,3;57;55;57;35;2,4;,4;
2021/06/28;1000 UTC;0;940,9;940,9;940,3;45;17,5;9,1;17,7;16,6;9,3;8,1;58;57;58;122;2,8;,4;
2021/06/28;1100 UTC;0;941,6;941,6;940,9;729,1;21,7;11,4;21,8;17,5;11,5;9,2;58;51;52;117;1,8;,5;
2021/06/28;1200 UTC;0;942,1;942,2;941,6;1510,2;22,2;10,7;22,5;20,4;11,6;10,5;54;48;48;123;2,5;1,1;
2021/06/28;1300 UTC;0;942;942,1;942;2131,5;25,7;11,2;25,7;22,2;12,1;9,9;50;40;40;89;5,4;1,9;
2021/06/28;1400 UTC;0;941,7;942;941,7;2560,1;27,1;9,3;27,6;25,7;11,3;8,6;40;31;33;75;7,6;2,6;
2021/06/28;1500 UTC;0;941,2;941,7;941,2;2751,3;28,7;8,9;28,9;26,6;11,1;8;36;27;29;96;8;3,2;
2021/06/28;1600 UTC;0;940,4;941,2;940,4;2709,4;28,2;8,1;29;27,8;9,9;7,7;32;27;28;121;7,3;2,7;
2021/06/28;1700 UTC;0;939,9;940,4;939,8;2415,3;28,8;7;29,1;28,1;9,8;7;31;25;25;113;7,6;3,4;
2021/06/28;1800 UTC;0;939,7;939,9;939,7;1857,4;28,4;8,8;29,3;28;10,3;7,1;31;25;29;134;7,6;2,3;
2021/06/28;1900 UTC;0;939,9;939,9;939,7;404,4;27,6;7,4;28,6;27,5;9,4;6,9;31;26;28;129;5,8;2,1;
2021/06/28;2000 UTC;0;940,4;940,4;939,9;100,1;25,8;8,4;27,6;25,8;8,8;7,1;33;28;33;135;4,8;1,4;
2021/06/28;2100 UTC;0;940,8;940,8;940,4;7;22,8;8,6;25,8;22,7;8,9;8,4;40;33;40;207;2,9;0;
2021/06/28;2200 UTC;0;941,5;941,6;940,8;;21,4;9,6;22,8;21,4;9,6;8,2;47;40;47;207;2,7;,6;
2021/06/28;2300 UTC;0;942,6;942,6;941,5;;20;11,4;21,4;20;11,4;9,7;58;47;58;156;3,7;,8;
2021/06/29;0000 UTC;0;943,1;943,2;942,5;;18,7;11,1;20;18,7;11,6;10,9;61;58;61;211;3,4;,6;
2021/06/29;0100 UTC;0;943,5;943,6;943,2;;17,7;10,8;18,7;17,7;11,2;10,7;64;61;64;231;5,4;,7;
2021/06/29;0200 UTC;0;943,7;943,8;943,5;;16,5;10,4;17,7;16,5;10,8;10,3;67;64;67;126;4,2;1,6;
2021/06/29;0300 UTC;0;944,1;944,1;943,6;;16,2;10,5;16,6;16;10,7;10,3;69;67;69;135;4,9;1,3;
2021/06/29;0400 UTC;0;944,2;944,3;944;;15,1;9,6;16,3;15,1;10,7;9,6;70;69;70;202;6;1,5;
2021/06/29;0500 UTC;0;944,2;944,3;944;;14;9,1;15;14;9,5;9,1;73;70;73;171;6,1;1,9;
2021/06/29;0600 UTC;0;944,4;944,4;944,1;;13;8,2;14;13;9,2;8,2;73;72;72;154;8,2;1,8;
2021/06/29;0700 UTC;0;944,7;944,7;944,4;;11,9;7;13;11,9;8,2;7;73;71;72;173;7,2;2;
2021/06/29;0800 UTC;0;945;945;944,7;;10,9;6,1;12;10,9;7;6,1;72;71;72;139;6,7;2,5;
2021/06/29;0900 UTC;0;945,5;945,5;944,9;;10,6;5,9;11;10,4;6,2;5,8;73;72;73;142;8,7;1,4;
2021/06/29;1000 UTC;0;946,2;946,2;945,5;29,4;10,4;6;10,6;10,2;6,1;5,6;75;72;74;153;7;1,5;
2021/06/29;1100 UTC;0;946,9;946,9;946,2;211,7;10,8;6;10,8;10,3;6;5,5;74;71;72;139;6,2;1,8;
2021/06/29;1200 UTC;0;947,5;947,5;946,9;576,3;12,2;7;12,3;10,7;7,1;5,8;72;70;70;134;6,6;1,9;
2021/06/29;1300 UTC;0;947,5;947,6;947,4;1176,2;13,6;7,8;13,7;11,9;7,9;6,5;71;68;68;143;7,3;2,2;
2021/06/29;1400 UTC;0;946,9;947,5;946,8;1960,2;14,7;8,1;14,7;13,1;8,2;7,2;68;64;65;134;9,7;3,6;
2021/06/29;1500 UTC;0;946;946,9;946;2708,7;16,7;8,8;16,8;14,5;9,1;7,8;65;59;59;137;8,5;3;
2021/06/29;1600 UTC;0;945,2;946;945,2;2652,1;18,2;9,5;18,6;16,6;10,2;8,3;60;55;57;139;7,7;2,3;
2021/06/29;1700 UTC;0;944,2;945,2;944,2;2366;18,8;9,1;19,5;17,8;10,1;8,2;57;51;53;148;8;2,2;
2021/06/29;1800 UTC;0;943,7;944,2;943,6;1821,2;19,2;8,7;19,9;18,5;10;8;54;48;51;137;7,9;2,3;
2021/06/29;1900 UTC;0;943,9;943,9;943,5;436,3;18,5;8;19,8;18,3;9,1;7,4;51;48;50;129;7;2,5;
2021/06/29;2000 UTC;0;944;944;943,9;133;17,1;7,4;18,6;17,1;8,3;7,2;53;49;53;129;7,8;2,1;
2021/06/29;2100 UTC;0;944;944,1;943,9;8,9;15,6;7;17,1;15,6;7,3;7;56;52;56;119;5;1;
2021/06/29;2200 UTC;0;944,3;944,3;944;;14,8;5,1;15,6;14,8;7;5,1;57;52;53;126;3,5;1,2;
2021/06/29;2300 UTC;0;945;945;944,3;;13,5;3,3;14,9;13,5;5,2;3,3;53;49;50;139;8,1;2,7;
2021/06/30;0000 UTC;0;945,6;945,6;945;;11,3;1,8;13,4;11,3;3,6;1,7;53;50;52;169;7,8;1;
2021/06/30;0100 UTC;0;945,6;945,7;945,5;;10,6;,9;11,3;10,6;1,7;,8;52;50;51;201;6,7;,5;
2021/06/30;0200 UTC;0;945,4;945,6;945,3;;10,1;,9;10,6;10,1;1,2;,7;53;51;53;200;4,6;,4;
2021/06/30;0300 UTC;0;945,3;945,5;945,3;;9,7;-,7;10,2;9,7;1;-,7;53;48;48;213;3,7;,5;
2021/06/30;0400 UTC;0;945;945,3;945;;9,6;-1,1;9,8;9,4;-,7;-1,2;48;47;47;85;3,1;,6;
2021/06/30;0500 UTC;0;944,7;945;944,7;;9;-,6;9,6;8,5;-,6;-1,5;51;47;51;125;4;1,1;
2021/06/30;0600 UTC;0;944,3;944,7;944,3;;7,6;-,6;9;7,6;-,4;-,7;56;51;56;118;4,9;1,5;
2021/06/30;0700 UTC;0;944,3;944,3;944,2;;6,9;,4;7,6;6,7;,4;-,5;64;56;63;118;4,4;1,6;
2021/06/30;0800 UTC;0;944,7;944,7;944,3;;7,1;0;7,5;7;,5;0;63;59;61;130;7,7;1,7;
2021/06/30;0900 UTC;0;945,2;945,2;944,6;;6,9;,5;7,1;6,8;,5;0;64;61;64;129;6,1;1,6;
2021/06/30;1000 UTC;0;945,7;945,7;945,2;47,8;7;,8;7;6,3;,9;,3;66;64;65;131;5,3;1,5;
2021/06/30;1100 UTC;0;946,3;946,3;945,7;750,3;8,9;,7;8,9;7;1,5;,3;65;56;57;133;8,2;2,8;
2021/06/30;1200 UTC;0;946,5;946,6;946,2;1523,8;10,8;,5;10,8;8,7;1,2;0;57;48;49;133;8,1;3,3;
2021/06/30;1300 UTC;0;946,3;946,6;946,3;2148,4;12,5;,8;12,5;10,3;1,3;-,6;50;43;45;137;8,3;2,8;
2021/06/30;1400 UTC;0;946;946,3;946;2593;14,1;1;14,8;11,9;1,7;-,5;46;39;41;134;10,5;2,6;
2021/06/30;1500 UTC;0;945;946;944,9;2662;16,4;,6;16,5;14,1;1,9;0;42;34;34;143;8;2,4;
2021/06/30;1600 UTC;0;943,8;945;943,7;2720,5;17,7;,3;18,2;15,7;1,4;-,7;35;31;31;131;7;2,6;
2021/06/30;1700 UTC;0;942,9;943,8;942,9;2431,8;19;,2;19,2;17,7;2;-,9;32;27;28;139;6,7;2;
2021/06/30;1800 UTC;0;942,3;942,9;942,2;1888,7;19;-1;19,9;18,5;1,1;-1,3;30;26;26;124;6,3;2,9;
2021/06/30;1900 UTC;0;942,2;942,3;942;441,2;18,8;,2;19,2;18,6;,3;-1,1;29;26;29;135;5,8;2;
2021/06/30;2000 UTC;0;942,3;942,3;942,1;156,5;17,7;,3;18,8;17,7;,6;-,4;31;28;31;132;4,9;1,5;
2021/06/30;2100 UTC;0;942,6;942,6;942,3;11,3;15,5;-,4;17,7;15,5;,2;-,5;34;30;34;113;3,9;,6;
2021/06/30;2200 UTC;0;942,9;942,9;942,6;;14,3;-,2;15,5;14,3;,1;-,4;37;34;37;105;1,8;,1;
2021/06/30;2300 UTC;0;943,4;943,4;942,9;;13,8;-1,6;14,6;13,5;-,2;-1,7;37;34;35;97;2,3;,3;
2021/07/01;0000 UTC;0;943,9;943,9;943,4;;12,2;-1,9;13,9;12,2;-1,5;-2,1;38;34;38;68;2,2;0;
2021/07/01;0100 UTC;0;943,9;944;943,8;;11,4;-1;12,2;11,4;-1;-1,9;42;38;42;247;,9;0;
2021/07/01;0200 UTC;0;943,8;943,9;943,8;;10,4;-,8;11,4;10,4;-,6;-1,1;46;42;46;124;1;0;
2021/07/01;0300 UTC;0;943,8;943,8;943,7;;11,6;-,7;11,8;10,3;-,1;-,9;46;42;42;117;3,6;,7;
2021/07/01;0400 UTC;0;943,5;943,9;943,5;;10,5;-,8;11,6;10,2;-,7;-1,4;46;42;46;69;2,6;,4;
2021/07/01;0500 UTC;0;943,2;943,5;943,2;;9,9;-,8;10,5;9,9;-,6;-,9;47;46;47;31;3;,2;
2021/07/01;0600 UTC;0;943,2;943,2;943,1;;9,9;-,7;10,1;9,6;-,6;-1;48;47;47;2;1,9;0;
2021/07/01;0700 UTC;0;943,3;943,3;943,1;;9;-,9;10,1;8,8;-,7;-1,2;50;47;50;270;1,1;0;
2021/07/01;0800 UTC;0;943,5;943,6;943,3;;8,1;-1,2;9;8;-,8;-1,3;52;50;52;263;0;0;
2021/07/01;0900 UTC;0;944;944;943,5;;7,8;-1,1;8,1;7,7;-,9;-1,3;53;52;53;162;1,2;0;
2021/07/01;1000 UTC;0;943,9;944,1;943,9;44,8;8,3;-,3;8,3;7,4;-,3;-1,3;55;53;55;349;,7;,1;
2021/07/01;1100 UTC;0;944,5;944,5;943,9;749,7;12,4;1,5;12,5;8,3;1,7;-,2;55;47;47;225;2;,2;
2021/07/01;1200 UTC;0;944,7;944,8;944,5;1537,5;15,5;2;15,5;12,4;2,5;,7;48;38;40;154;2,7;1,1;
2021/07/01;1300 UTC;0;944,4;944,7;944,3;2167,4;18,2;2;18,2;15,5;3,1;1,2;40;33;34;146;4,2;1,4;
2021/07/01;1400 UTC;0;943,9;944,5;943,9;2596,3;20,3;2,8;20,3;18,1;2,9;,9;34;30;32;128;4,6;1,9;
2021/07/01;1500 UTC;0;943;943,9;943;2778,6;22,4;4,9;23,7;19,9;6,4;2,2;33;30;32;177;4,9;,7;
2021/07/01;1600 UTC;0;941,9;943;941,9;2734;23,9;5,8;24,7;22,3;7,9;4,6;36;29;31;114;5,1;2,2;
2021/07/01;1700 UTC;0;941;941,9;941;2450,9;25,1;7,1;25,8;23,8;7,6;4,8;34;27;32;145;4,6;1,4;
2021/07/01;1800 UTC;0;941;941;940,9;1893,5;25,3;7,7;26,3;25;8,3;5,7;33;28;33;153;4,8;1;
2021/07/01;1900 UTC;0;941;941;941;441,7;25;9;26,3;25;9,6;7,4;37;32;36;161;3,2;,8;
2021/07/01;2000 UTC;0;941,2;941,3;940,9;105,2;23,6;6,7;25;23,6;9;6,7;37;33;34;140;2,8;,8;
2021/07/01;2100 UTC;0;941,8;941,8;941,2;8;20,3;6,9;23,6;20,2;7,8;6,8;42;34;42;93;2,2;0;
2021/07/01;2200 UTC;0;942,1;942,1;941,7;;18,7;7,6;20,4;18,6;7,6;6,5;49;42;48;260;1,3;,1;
2021/07/01;2300 UTC;0;942,6;942,7;942,1;;17,1;7,1;18,7;17;7,9;6,7;52;48;52;265;1,8;,7;
2021/07/02;0000 UTC;0;942,9;942,9;942,6;;16,6;6,9;17,2;16,2;7,2;6,5;53;51;53;264;1,8;,6;
2021/07/02;0100 UTC;0;943,2;943,2;942,9;;16,1;6,5;16,8;16,1;7;6,5;53;52;53;236;1,7;0;
2021/07/02;0200 UTC;0;943,3;943,3;943,2;;16,4;6,4;16,5;16;6,8;6,3;54;52;52;304;0;0;
2021/07/02;0300 UTC;0;943;943,3;942,9;;15,7;6,1;16,5;15,6;6,5;6;53;52;53;266;1,4;,5;
2021/07/02;0400 UTC;0;942,9;943;942,9;;14,4;5,8;15,7;14,1;6,1;5,5;56;53;56;254;1,4;0;
2021/07/02;0500 UTC;0;942,7;943;942,7;;13,9;5,8;14,4;13,9;6,2;5,7;58;56;58;262;1,2;0;
2021/07/02;0600 UTC;0;942,8;942,8;942,7;;13,6;5,7;14,9;13,6;6,6;5,6;59;58;59;272;1,4;,2;
2021/07/02;0700 UTC;0;942,9;942,9;942,8;;12,7;5,5;13,8;12,7;5,9;5,5;62;59;62;266;1,6;,3;
2021/07/02;0800 UTC;0;943,2;943,2;942,8;;12,7;5,8;13;12,4;5,8;5,5;63;62;63;263;1,4;,3;
2021/07/02;0900 UTC;0;943,7;943,7;943,2;;12,2;5,6;13,1;12,2;6,1;5,6;64;63;64;274;1,6;,1;
2021/07/02;1000 UTC;0;943,8;943,9;943,7;48,5;13,3;7;13,3;12,1;7;5,5;66;64;66;276;2;,2;
2021/07/02;1100 UTC;0;944,5;944,5;943,8;714,7;19,4;10;19,4;13,3;10,3;7,1;66;54;55;60;2;0;
2021/07/02;1200 UTC;0;944,9;945;944,5;1489,4;21,3;8,5;21,8;19,4;10,2;8,2;55;44;44;110;3,6;1,8;
2021/07/02;1300 UTC;0;944,9;945;944,9;2109,9;23,5;10,1;23,7;21,2;10,4;8,6;46;42;43;90;6,4;3,5;
2021/07/02;1400 UTC;0;944,1;944,9;944,1;2527,1;26,2;11,2;26,3;23,3;11,8;10;44;39;39;93;6,3;2;
2021/07/02;1500 UTC;0;943,2;944,1;943,2;2717,5;27,3;13;27,7;25,6;13,7;10,7;44;38;41;103;5,8;2,1;
2021/07/02;1600 UTC;0;942,3;943,2;942,3;2664;28,5;13;29,5;27,3;14,7;12;43;36;39;83;6;2,5;
2021/07/02;1700 UTC;0;941,6;942,3;941,5;2384,3;29,6;13,2;31;28,4;16,1;12,7;42;35;37;21;6,4;1,8;
2021/07/02;1800 UTC;0;941,3;941,6;941,3;1855,6;29,6;12,8;31,6;29,3;15;11,4;40;32;36;359;6,4;2,4;
2021/07/02;1900 UTC;0;941,3;941,3;941,1;434,1;28,9;11,1;30,1;28,9;15,1;11;40;33;33;311;4,7;1;
2021/07/02;2000 UTC;0;941,4;941,5;941,3;103,8;27,5;13,7;28,9;27,5;13,8;10,8;43;33;43;272;4,6;1,1;
2021/07/02;2100 UTC;0;941,9;941,9;941,4;8,4;24,3;13;27,5;24,3;14,8;13;51;43;49;280;2,7;,2;
2021/07/02;2200 UTC;0;942,5;942,5;941,9;;22,3;10,5;24,3;22,3;12,9;10,5;49;47;47;247;1,7;,4;
2021/07/02;2300 UTC;0;943;943;942,5;;20,1;9,5;22,3;20,1;10,5;9,4;51;47;51;279;2,2;,3;
2021/07/03;0000 UTC;0;943,2;943,2;943;;19,5;9,5;20,1;19,5;9,9;9,5;52;51;52;255;2;,3;
2021/07/03;0100 UTC;0;943,4;943,4;943,2;;18,9;9,5;19,7;18,8;9,8;9,4;55;52;55;252;1,6;0;
2021/07/03;0200 UTC;0;943,3;943,4;943,2;;18,8;9,9;19;18,4;9,9;9,3;56;54;56;248;1,6;,1;
2021/07/03;0300 UTC;0;943,4;943,4;943,3;;17,9;9,1;18,9;17,9;10;9,1;57;56;56;269;1,7;,3;
2021/07/03;0400 UTC;0;943,4;943,5;943,3;;17,9;9,5;18,2;17,6;9,5;8,7;58;55;58;252;2;,1;
2021/07/03;0500 UTC;0;943,5;943,6;943,4;;17,5;9,6;18;17,2;9,7;9;60;58;60;255;1,7;,1;
2021/07/03;0600 UTC;0;943,2;943,5;943,2;;16,8;9,2;17,7;16,7;9,6;9;61;59;61;270;1,1;,2;
2021/07/03;0700 UTC;0;943;943,2;943;;16,4;9,1;17,1;16,4;9,6;9,1;62;61;62;239;1,2;0;
2021/07/03;0800 UTC;0;943;943,1;942,9;;15,6;8,9;16,4;15,6;9,1;8,7;64;62;64;267;,9;0;
2021/07/03;0900 UTC;0;943,5;943,5;943;;15,2;8,7;15,8;15,2;9,2;8,7;65;64;65;215;0;0;
2021/07/03;1000 UTC;0;943,8;943,8;943,5;45,4;16,1;10,5;16,1;15;10,6;8,7;70;65;70;264;0;0;
2021/07/03;1100 UTC;0;944,3;944,3;943,8;719,1;21,7;13,2;21,7;16,1;13,6;10,5;70;59;59;87;0;0;
2021/07/03;1200 UTC;0;945,1;945,1;944,4;1491,7;24,1;13;24,1;21,7;13,6;12,1;59;50;50;97;3,1;1,3;
2021/07/03;1300 UTC;0;945;945,2;945;2105,9;25,1;11,5;25,1;23,4;13;10,8;50;42;43;94;5,5;2,7;
2021/07/03;1400 UTC;0;944,6;945,1;944,6;2526,5;26,6;12;27,3;25,1;13,5;10,7;44;39;40;89;6;1,5;
2021/07/03;1500 UTC;0;943,7;944,6;943,7;2712,8;28,1;11,9;28,5;26,3;14,5;10,8;44;35;37;350;4,7;1,2;
2021/07/03;1600 UTC;0;942,7;943,7;942,7;2670,2;28,3;13,4;29,1;27,2;13,7;9,9;40;32;40;200;5,2;1,2;
2021/07/03;1700 UTC;0;941,9;942,7;941,9;2392,5;28,5;11,1;29,7;28;13,8;9,5;40;30;34;179;5;1,3;
2021/07/03;1800 UTC;0;941,5;941,9;941,5;1869,5;28;8,5;28,7;27,7;11,2;8,4;35;29;29;136;5,8;2,2;
2021/07/03;1900 UTC;0;941,6;941,6;941,5;435,1;27,5;8;28,3;27,4;10;7,8;32;29;29;117;6,6;2,5;
2021/07/03;2000 UTC;0;942;942;941,6;110;25,9;8,9;27,5;25,8;9,4;7,8;35;29;34;118;4,7;,5;
2021/07/03;2100 UTC;0;942,4;942,4;942;7,4;22,9;8,7;25,8;22,8;8,9;8,2;40;34;40;295;1,8;0;
2021/07/03;2200 UTC;0;942,3;942,5;942,3;;20,7;8,9;23;20,7;9,3;8,4;47;40;47;261;2;,7;
2021/07/03;2300 UTC;0;942,6;942,6;942,3;;19,2;8,5;20,7;19,1;9,4;8,1;50;46;50;266;2,3;,6;
2021/07/04;0000 UTC;0;942,9;942,9;942,6;;17,8;7,6;19,3;17,8;8,7;7,6;51;49;51;267;1,7;0;
2021/07/04;0100 UTC;0;942,8;942,9;942,8;;18;7,8;18,4;17,8;8,2;7,6;52;51;51;269;1,7;,2;
2021/07/04;0200 UTC;0;942,6;942,9;942,6;;17,6;7,5;18;17,4;7,9;7,5;53;51;52;250;1,5;,6;
2021/07/04;0300 UTC;0;942,4;942,6;942,4;;16,4;7,2;17,5;16;7,4;6,2;55;51;55;254;1,9;,5;
2021/07/04;0400 UTC;0;941,9;942,6;941,9;;15,9;7;16,6;15,7;7,5;6,8;55;54;55;260;1,9;,5;
2021/07/04;0500 UTC;0;941,5;941,9;941,5;;15,6;7;16;15,6;7,1;6,9;57;55;57;255;1,5;,3;
2021/07/04;0600 UTC;0;941,5;941,5;941,4;;15,2;7;15,7;14,9;7,1;6,6;58;56;58;256;1,5;,2;
2021/07/04;0700 UTC;0;941,6;941,6;941,4;;14,1;6,3;15,2;14,1;6,9;6,3;59;58;59;261;1,6;,1;
2021/07/04;0800 UTC;0;941,8;941,8;941,5;;13,6;6,2;14,2;13,6;6,6;6,2;61;59;61;254;1,5;,2;
2021/07/04;0900 UTC;0;942,5;942,5;941,8;;13,4;6,3;13,8;13,4;6,5;6,2;62;61;62;254;1,5;0;
2021/07/04;1000 UTC;0;943,2;943,2;942,5;45,9;13,9;7,5;13,9;13,1;7,5;6,3;65;62;65;259;1,1;,1;
2021/07/04;1100 UTC;0;944;944;943,2;716,5;18,6;9,1;18,8;13,9;9,9;7,5;65;54;54;351;1,2;,2;
2021/07/04;1200 UTC;0;944,4;944,4;944;1488,9;21,6;8,9;21,6;18,6;9,5;7,6;54;42;44;115;3;1,3;
2021/07/04;1300 UTC;0;944,5;944,6;944,4;2102,4;23,4;8,5;23,5;21,5;9,4;7,9;45;38;39;87;5,7;2,9;
2021/07/04;1400 UTC;0;944;944,5;944;2543,4;25,3;8,7;25,4;23,3;10,2;8,3;42;35;35;83;6,6;2,9;
2021/07/04;1500 UTC;0;943;944;943;2754,5;27,1;8,4;27,2;24,9;9,4;7,7;36;30;31;95;8,1;4;
2021/07/04;1600 UTC;0;942;943;942;2709,6;26,8;8,4;27,6;26,2;9,2;7,5;34;29;31;83;10,1;2,6;
2021/07/04;1700 UTC;0;941,2;942;941,1;2416,1;27,7;9,1;27,8;26,3;10,3;8;35;30;31;82;7,9;2,5;
2021/07/04;1800 UTC;0;940,9;941,2;940,9;1881;27,1;8,4;27,7;26,7;9,8;7,9;33;29;31;136;7,2;1,6;
2021/07/04;1900 UTC;0;941;941;940,9;454;26,4;7,1;27,7;26,4;9,2;7,1;33;28;29;102;6,3;2,7;
2021/07/04;2000 UTC;0;941,3;941,3;941;109,7;24,8;7,5;26,5;24,8;8,4;7,2;33;29;33;126;5,4;1,1;
2021/07/04;2100 UTC;0;941,8;941,8;941,3;8,9;22;7,6;24,8;22;7,8;7,4;39;33;39;177;2,1;0;
2021/07/04;2200 UTC;0;942,4;942,4;941,8;;19,9;8,8;22,2;19,8;8,8;7,2;49;39;49;251;1,6;,4;
2021/07/04;2300 UTC;0;942,8;942,8;942,4;;18,8;8,3;19,9;18,5;8,9;7,7;51;49;51;255;1,8;,7;
2021/07/05;0000 UTC;0;943;943;942,8;;17,6;8;18,9;17,6;8,4;7,6;53;50;53;263;1,7;,8;
2021/07/05;0100 UTC;0;943,2;943,3;943;;17,1;7,5;17,6;16,9;7,9;7,3;53;53;53;282;1,8;,4;
2021/07/05;0200 UTC;0;943,2;943,3;943,2;;16,7;7,4;17,2;16,5;8;7,3;55;53;54;263;1,9;,3;
2021/07/05;0300 UTC;0;942,9;943,2;942,9;;16,2;7,5;16,7;16,1;7,6;7,2;56;54;56;261;1,7;,9;
2021/07/05;0400 UTC;0;942,5;942,9;942,5;;15,9;7,5;16,3;15,8;7,7;7,2;57;56;57;260;1,9;,9;
2021/07/05;0500 UTC;0;942,3;942,5;942,3;;15,5;7,4;16;15,4;7,6;7,2;58;57;58;253;1,6;0;
2021/07/05;0600 UTC;0;942,1;942,3;942,1;;14,7;7,1;15,5;14,7;7,5;7;60;58;60;260;1,7;,4;
2021/07/05;0700 UTC;0;942,4;942,4;942,1;;14,3;7;15,3;14,3;7,7;7;61;60;61;281;1,9;0;
2021/07/05;0800 UTC;0;942,7;942,7;942,4;;14,8;7,6;14,9;14,2;7,8;6,9;62;61;62;327;1,4;,1;
2021/07/05;0900 UTC;0;943,4;943,4;942,7;;13,8;7;15;13,8;7,8;7;64;62;64;263;1,4;0;
2021/07/05;1000 UTC;0;944,1;944,1;943,3;44,8;13,8;7,8;13,8;13,3;7,8;6,8;67;64;67;256;1,2;0;
2021/07/05;1100 UTC;0;945;945;944,1;708,3;19,5;11;19,5;13,8;11,3;7,8;67;58;58;86;2,6;,9;
2021/07/05;1200 UTC;0;945,4;945,4;945;1509,3;20,9;9,6;21;19,1;11,2;8,8;58;48;49;113;3,1;1,2;
2021/07/05;1300 UTC;0;945,5;945,6;945,4;2119,9;23;8,6;23,1;20,7;10,8;8,6;51;40;40;118;4,8;2,3;
2021/07/05;1400 UTC;0;944,7;945,6;944,7;2569,7;24,9;7,7;25,4;22,8;9,7;7,5;42;33;33;95;5,3;2,5;
2021/07/05;1500 UTC;0;943,7;944,7;943,7;2778,8;26;8,2;26,3;24,9;9,9;7;36;31;33;93;6,1;2,6;
2021/07/05;1600 UTC;0;942,8;943,7;942,8;2734,3;26,9;8,9;27,6;26;11,2;7,6;36;30;32;46;8;1,3;
2021/07/05;1700 UTC;0;942;942,7;942;2447,4;27,7;7,7;28;26,8;10,1;7,3;33;28;28;138;5,7;1,4;
2021/07/05;1800 UTC;0;941,6;942;941,6;1916,6;27,1;8,2;28,2;26,9;10;7,5;33;28;30;130;5,7;2;
2021/07/05;1900 UTC;0;941,6;941,6;941,5;397;26,4;7,8;27,5;26,3;9,5;7,1;32;29;31;127;5,4;1,1;
2021/07/05;2000 UTC;0;941,9;941,9;941,5;109;25,1;7,2;26,5;25,1;8,9;6,6;34;28;32;139;4,4;1;
2021/07/05;2100 UTC;0;942,3;942,3;941,9;8,5;22,4;7;25,1;22,4;7,2;6,7;37;31;37;88;3,3;,1;
2021/07/05;2200 UTC;0;943;943;942,3;;19,9;6,5;22,4;19,9;6,9;6,3;42;37;42;314;1;0;
2021/07/05;2300 UTC;0;943,5;943,5;943;;18,5;6,7;20;18,5;7,1;6,5;47;42;46;263;1,7;,7;
2021/07/06;0000 UTC;0;943,8;943,8;943,5;;17,5;6,4;18,4;17,3;6,8;6;48;46;48;263;1,8;,1;
2021/07/06;0100 UTC;0;943,7;943,8;943,7;;16,9;6;17,5;16,9;6,6;5,8;49;48;48;260;1,8;0;
2021/07/06;0200 UTC;0;943,6;943,7;943,6;;16,1;5,9;16,9;15,8;5,9;5,3;51;48;51;261;1,4;,3;
2021/07/06;0300 UTC;0;943;943,6;943;;15,6;5,7;16,1;15,5;6;5,7;52;51;52;258;1,9;,4;
2021/07/06;0400 UTC;0;942,6;943;942,6;;15;5,4;15,7;15;5,9;5,4;53;52;53;258;1,7;,2;
2021/07/06;0500 UTC;0;942;942,6;942;;14,6;5,4;15,2;14,6;5,7;5,3;54;53;54;250;1,6;,7;
2021/07/06;0600 UTC;0;941,9;942;941,8;;14,1;5,4;14,6;14,1;5,6;5,3;56;54;56;243;1,5;,1;
2021/07/06;0700 UTC;0;942;942;941,8;;13,3;5,2;14,3;13,3;5,6;5,1;58;56;58;265;1,5;,3;
2021/07/06;0800 UTC;0;942,3;942,3;942;;12,4;4,8;13,7;12,4;5,8;4,8;60;58;60;283;1,7;,2;
2021/07/06;0900 UTC;0;942,6;942,6;942,3;;12,4;5,3;12,6;12,3;5,4;4,9;62;60;62;264;1,7;,3;
2021/07/06;1000 UTC;0;942,9;942,9;942,6;44,9;13,5;6,9;13,5;12,4;6,9;5,3;65;62;64;269;1,8;,2;
2021/07/06;1100 UTC;0;943,6;943,6;942,9;744,4;18,8;9,1;18,8;13,5;9,1;6,9;64;53;53;285;1,6;0;
2021/07/06;1200 UTC;0;944;944;943,6;1516,1;21,1;6,1;21,9;18,8;9,6;6,1;53;38;38;122;3,3;1,4;
2021/07/06;1300 UTC;0;943,9;944,1;943,9;2127,2;23,6;8,5;24;20,9;8,8;6,4;42;35;38;155;3,8;1,2;
2021/07/06;1400 UTC;0;943,1;943,9;943,1;2555,1;25,2;9;25,4;23,4;9,5;7;39;33;36;84;4,2;1,4;
2021/07/06;1500 UTC;0;942;943,1;942;2774,2;26,2;8,4;27,2;24,8;9,5;7,1;36;30;32;117;5;1,7;
2021/07/06;1600 UTC;0;940,9;942;940,9;2725,2;27,5;8,8;27,5;25,4;10,1;7,3;35;28;31;52;5,5;2,3;
2021/07/06;1700 UTC;0;939,9;940,9;939,9;2436,3;26,8;10,3;28,3;26,5;11,5;7,8;37;30;36;136;5,5;1,7;
2021/07/06;1800 UTC;0;939,4;939,9;939,4;1904,8;27,6;10,8;28;26,8;12,8;8,7;39;31;35;210;3,9;,7;
2021/07/06;1900 UTC;0;939,3;939,4;939,3;355,5;26,4;8,4;27,7;26,4;10,1;7,7;35;30;32;132;3,3;1,1;
2021/07/06;2000 UTC;0;939,6;939,6;939,3;112,4;25;7,6;26,4;25;8,5;7,4;34;30;33;136;3,8;,7;
2021/07/06;2100 UTC;0;939,8;939,8;939,6;8,9;21,7;6,9;25;21,7;7,7;6,9;38;33;38;198;2;0;
2021/07/06;2200 UTC;0;940,5;940,5;939,8;;19,8;7,7;21,7;19,8;7,9;6,2;46;38;46;259;1,2;0;
2021/07/06;2300 UTC;0;940,6;940,6;940,4;;18,2;7,2;19,8;17,9;7,6;6,6;50;45;49;264;,7;0;
2021/07/07;0000 UTC;0;940,8;940,8;940,6;;17,8;6,9;18,2;17,6;7,3;6,7;50;48;49;270;1,4;,1;
2021/07/07;0100 UTC;0;940,7;940,8;940,6;;16,9;6;17,7;16,9;6,8;5,9;49;48;48;266;1,7;,1;
2021/07/07;0200 UTC;0;940,6;940,8;940,5;;16,7;6,1;17,2;15,7;6,4;5,1;51;48;50;273;2;,3;
2021/07/07;0300 UTC;0;940,4;940,6;940,3;;15,9;5,2;17,1;15,9;6,3;5,2;50;48;49;273;1,6;,1;
2021/07/07;0400 UTC;0;940;940,4;940;;15,2;5,2;16,2;15,2;5,7;4,9;51;49;51;247;2;,3;
2021/07/07;0500 UTC;0;939,7;940,1;939,7;;14,7;5;15,2;14,4;5,1;4,5;52;51;52;262;1,5;,2;
2021/07/07;0600 UTC;0;939,5;939,7;939,5;;14,1;5,1;14,7;13,9;5,2;4,7;55;52;55;256;1,4;,3;
2021/07/07;0700 UTC;0;939,6;939,6;939,4;;13,4;5;14,1;13,2;5,2;4,8;57;55;57;268;1,9;,2;
2021/07/07;0800 UTC;0;940,2;940,2;939,6;;12,8;5;13,4;12,7;5,4;4,8;59;57;59;272;1,9;,1;
2021/07/07;0900 UTC;0;940,7;940,7;940,2;;11,8;4,7;12,9;11,8;5,4;4,7;61;59;61;276;1,3;0;
2021/07/07;1000 UTC;0;941,3;941,3;940,7;47,1;13,3;6,1;13,3;11,5;6,2;4,5;65;61;62;274;1,9;,1;
2021/07/07;1100 UTC;0;942;942;941,3;729,6;18,9;8,4;18,9;13,3;8,6;6;62;51;51;322;1,5;0;
2021/07/07;1200 UTC;0;942,5;942,5;942;1513,1;21,3;5,9;21,4;18,9;8,9;5,6;51;36;37;106;3,1;1,5;
2021/07/07;1300 UTC;0;942,5;942,5;942,5;2130,3;23,2;7,1;23,9;21,2;8,6;5,5;40;35;36;127;3,2;1,6;
2021/07/07;1400 UTC;0;942,1;942,5;942,1;2561,9;26,4;10,2;26,4;23,2;10,2;7,4;37;32;36;171;4,5;1,2;
2021/07/07;1500 UTC;0;941,2;942,1;941,2;2769;26,9;9,5;28,5;26,4;12,4;8,5;39;31;34;135;4,5;1,8;
2021/07/07;1600 UTC;0;940,3;941,2;940,3;2716,1;28,1;9,7;29;26,9;11,3;7,6;35;28;32;121;4,5;1,1;
2021/07/07;1700 UTC;0;939,2;940,3;939,2;2423,4;30,1;11;30,2;27,8;11,9;8,1;34;28;31;154;4;,5;
2021/07/07;1800 UTC;0;938,8;939,2;938,7;1900,2;28,5;9;30,1;28,2;10,2;7,5;31;27;30;102;4,8;1,2;
2021/07/07;1900 UTC;0;938,8;938,9;938,7;345,5;27,7;7,7;29,1;27,7;10,1;7,1;31;26;28;135;4,2;1,3;
2021/07/07;2000 UTC;0;939;939;938,8;116,5;25,7;8,4;27,7;25,7;9;7,4;33;28;33;133;3,7;1,1;
2021/07/07;2100 UTC;0;939,3;939,3;939;9,5;22,9;7,5;25,7;22,9;8,3;7,4;37;33;37;145;3,6;0;
2021/07/07;2200 UTC;0;939,7;939,7;939,3;;20,7;7,5;22,9;20,7;7,8;6,5;42;37;42;276;1;0;
2021/07/07;2300 UTC;0;940,1;940,1;939,7;;19,5;7,3;20,7;19,4;7,9;7,2;46;43;45;252;1;0;
2021/07/08;0000 UTC;0;940,3;940,4;940,1;;18;6,4;19,5;18;7,3;6,4;47;45;47;277;1,8;,1;
2021/07/08;0100 UTC;0;940,3;940,4;940,3;;17,3;6,1;18;17,3;6,8;6,1;48;47;48;259;1,8;,1;
2021/07/08;0200 UTC;0;940,7;940,7;940,3;;16,4;5,7;17,8;16,1;6,5;5,1;49;47;49;265;1,2;0;
2021/07/08;0300 UTC;0;940,5;940,7;940,4;;16,5;5,6;16,8;16,4;5,9;5,6;49;48;49;249;,9;0;
2021/07/08;0400 UTC;0;940,2;940,5;940,2;;16;4,8;16,8;16;5,7;4,8;49;47;47;272;1,5;,4;
2021/07/08;0500 UTC;0;939,9;940,2;939,9;;15,1;4,9;16;15,1;5,1;4,7;50;47;50;288;1,6;0;
2021/07/08;0600 UTC;0;939,6;939,9;939,6;;15,2;4,9;15,3;14,9;5,3;4,8;52;50;50;238;1,1;0;
2021/07/08;0700 UTC;0;939,7;939,7;939,6;;13,9;4,7;15,4;13,8;5;4,4;54;50;54;263;1,4;,1;
2021/07/08;0800 UTC;0;940;940;939,7;;13,5;4,8;13,9;13,4;4,9;4,6;56;54;56;255;1,3;,2;
2021/07/08;0900 UTC;0;940,7;940,7;940;;13,1;5;13,5;12,8;5;4,5;58;56;58;251;1,6;,5;
2021/07/08;1000 UTC;0;941,2;941,2;940,7;48,9;13,7;6,1;13,7;12,9;6,1;4,9;62;58;60;256;1,7;,3;
2021/07/08;1100 UTC;0;942;942;941,2;725,3;18,8;7,2;18,8;13,7;7,7;6,2;60;47;47;313;1,7;,4;
2021/07/08;1200 UTC;0;942,5;942,5;942;1496,4;22,7;7,2;23,1;18,8;8,7;6,7;47;36;37;180;2,3;,5;
2021/07/08;1300 UTC;0;942,4;942,5;942,4;2115,6;24,8;9,3;25,3;22,6;9,8;6,5;38;34;38;157;4,1;1;
2021/07/08;1400 UTC;0;941,9;942,4;941,9;2564,3;26,2;6,3;27;24,7;9;5,6;38;26;28;120;5,6;2,1;
2021/07/08;1500 UTC;0;941,2;941,9;941,2;2772,3;27,7;8,5;28,3;26,2;9;5,6;31;25;30;220;4,8;1,1;
2021/07/08;1600 UTC;0;940,1;941,2;940,1;2736,7;28,4;9;29,1;26,8;9;4,8;30;23;30;227;4,6;1,1;
2021/07/08;1700 UTC;0;939,2;940,1;939,2;2443,7;29,5;11,1;29,6;27,9;11,1;6,6;32;25;32;315;4,9;1;
2021/07/08;1800 UTC;0;938,8;939,2;938,8;1929,8;28,9;8,5;30,2;28,1;11,5;6,5;32;25;28;346;3,9;,8;
2021/07/08;1900 UTC;0;938,6;938,8;938,6;338,3;27,3;5,5;28,9;27,3;8,1;4,5;28;22;25;165;4,6;,9;
2021/07/08;2000 UTC;0;938,8;938,8;938,6;112,9;25,7;7,4;27,3;25,7;7,4;5,4;31;24;31;139;3,4;,6;
2021/07/08;2100 UTC;0;939,2;939,2;938,8;9,5;22,6;6,1;25,7;22,5;7,2;5,8;34;30;34;232;1,7;0;
2021/07/08;2200 UTC;0;939,7;939,7;939,2;;19,8;6,6;22,7;19,5;6,7;5,1;43;34;42;267;1,9;,2;
2021/07/08;2300 UTC;0;940,2;940,2;939,7;;18,9;6;20,1;18,9;6,9;6;43;42;43;239;2;,7;
2021/07/09;0000 UTC;0;940,4;940,4;940,2;;18,5;5;18,9;18,1;6;4,9;43;41;41;242;2;,9;
2021/07/09;0100 UTC;0;940,5;940,5;940,4;;17,2;4,9;18,5;17,1;5,3;4,6;45;41;44;257;1,7;,1;
2021/07/09;0200 UTC;0;940,7;940,7;940,5;;16,3;4,2;17,4;15,8;5,1;3,3;45;41;45;269;1,8;,2;
2021/07/09;0300 UTC;0;940,4;940,7;940,4;;16,1;3,8;17,1;15,9;4,7;3,6;45;42;44;291;1,6;,7;
2021/07/09;0400 UTC;0;940,4;940,6;940,4;;16,1;4;16,6;15,6;4,2;3,5;45;43;44;255;1,9;,3;
2021/07/09;0500 UTC;0;939,9;940,4;939,9;;15,3;3,7;16,3;14,9;4,2;3;47;43;46;252;1,8;,3;
2021/07/09;0600 UTC;0;939,5;939,9;939,5;;15;4,1;15,3;14,8;4,1;3,6;48;46;48;277;1,6;,5;
2021/07/09;0700 UTC;0;939,4;939,5;939,3;;14,9;4,4;15,1;14,5;4,4;3,9;49;48;49;260;2,1;,8;
2021/07/09;0800 UTC;0;939,8;939,9;939,4;;13;4;15;12,2;4,5;2,6;54;49;54;255;4;,4;
2021/07/09;0900 UTC;0;939,9;939,9;939,8;;13,5;4,9;13,6;12,8;5;3,9;56;54;56;258;1,8;,3;
2021/07/09;1000 UTC;0;940,5;940,5;939,9;50,9;14,4;5,9;14,4;13;5,9;4,6;59;56;57;262;1,7;,3;
2021/07/09;1100 UTC;0;941,1;941,1;940,5;709,6;20,3;7,9;21;14,4;9;5,9;57;45;45;342;1,4;0;
2021/07/09;1200 UTC;0;941,6;941,7;941,1;1483,4;22,7;5,9;22,7;20,3;8,8;5,1;45;33;34;110;3,6;1,5;
2021/07/09;1300 UTC;0;941,7;941,8;941,7;2100,9;25,3;8,1;25,3;22,6;8,1;5,6;36;32;33;92;4,2;1,5;
2021/07/09;1400 UTC;0;941,4;941,8;941,4;2541,3;26,1;8,1;26,4;24,5;8,4;6,9;34;30;32;109;3,9;1,7;
2021/07/09;1500 UTC;0;940,5;941,4;940,5;2745,4;28,6;11,1;28,6;26,1;11,7;7,9;36;30;34;35;4,3;1,2;
2021/07/09;1600 UTC;0;939,6;940,5;939,6;2698,1;27,9;9;29,2;27,8;11,3;7,2;35;27;31;36;5,8;1,5;
2021/07/09;1700 UTC;0;938,6;939,6;938,6;2406,1;29,5;10,4;29,8;27,8;11;7,7;34;26;31;342;6,2;1,7;
2021/07/09;1800 UTC;0;938,1;938,6;938,1;1884,3;29,1;9,2;30;28,6;12,2;8,1;34;27;29;8;5,2;1;
2021/07/09;1900 UTC;0;938,1;938,2;938;376,5;28;9,2;29,6;28;11,7;7,3;34;26;31;95;4,5;1;
2021/07/09;2000 UTC;0;938,3;938,3;938,1;126,2;26,7;12;28,2;26,7;12;9;40;30;40;147;3;,1;
2021/07/09;2100 UTC;0;938,8;938,8;938,3;11,2;23,7;11,5;26,7;23,7;12,5;10,7;48;37;47;287;2,1;0;
2021/07/09;2200 UTC;0;939,3;939,3;938,8;;21,5;9,4;23,7;21,4;11,5;9,4;47;45;46;269;2,3;,1;
2021/07/09;2300 UTC;0;939,9;939,9;939,3;;20,8;9;21,5;20,7;9,7;8,8;49;46;47;266;2,2;,6;
2021/07/10;0000 UTC;0;940,5;940,5;939,9;;19,5;7,8;21,2;19,4;9,2;7,4;47;45;47;267;1,8;0;
2021/07/10;0100 UTC;0;940,7;940,7;940,5;;19,6;7,6;20,2;19,4;8,5;7,6;47;46;46;232;2;,4;
2021/07/10;0200 UTC;0;940,4;940,8;940,4;;17,7;7;19,8;17,7;7,7;7;50;45;50;287;1,7;,3;
2021/07/10;0300 UTC;0;940,3;940,5;940,3;;17,5;7,7;17,8;17,2;7,8;6,9;53;50;53;244;1,6;0;
2021/07/10;0400 UTC;0;940;940,4;940;;16,8;6,9;17,6;16,7;7,9;6,8;53;52;52;268;1,2;,1;
2021/07/10;0500 UTC;0;939,7;940;939,7;;15,9;6,4;17,1;15,9;7,2;6,2;54;51;53;267;2;,3;
2021/07/10;0600 UTC;0;939,2;939,7;939,2;;15,7;6,3;16,3;15,7;6,9;6,3;54;53;53;251;1,5;,1;
2021/07/10;0700 UTC;0;939,2;939,2;939,1;;15,4;6,3;15,9;15,3;6,4;6,1;55;53;55;259;1;0;
2021/07/10;0800 UTC;0;939,5;939,5;939,2;;15,4;6,5;15,7;15,1;6,7;6,2;55;54;55;210;2;0;
2021/07/10;0900 UTC;0;940,1;940,1;939,5;;14,8;6,6;15,4;14,7;6,7;6,4;58;55;58;253;1,1;,1;
2021/07/10;1000 UTC;0;940,9;940,9;940,1;52;15,2;7,6;15,4;14,7;7,8;6,5;61;58;60;287;1,1;0;
2021/07/10;1100 UTC;0;941,7;941,7;940,9;712,4;21,5;10,5;21,5;15,2;11;7,6;61;50;50;162;1,8;,3;
2021/07/10;1200 UTC;0;942,1;942,1;941,7;1483,8;24;7,5;24,3;21,6;10,8;7,4;50;35;35;81;5,7;2,6;
2021/07/10;1300 UTC;0;942,3;942,3;942,1;2101,1;25,7;7,9;25,8;23,9;8,8;7;35;32;32;75;6,1;2,2;
2021/07/10;1400 UTC;0;941,8;942,3;941,8;2532,5;27,3;7,8;27,7;25,4;9;6,9;33;29;29;29;6,4;2,8;
2021/07/10;1500 UTC;0;941,3;941,8;941,3;2727,4;29;9,4;29,4;27,1;9,9;7,5;31;27;30;6;6,6;1,5;
2021/07/10;1600 UTC;0;940,1;941,3;940,1;2671;28,9;9,1;29,9;28,2;10,8;7,5;32;26;29;89;6,3;3;
2021/07/10;1700 UTC;0;939,2;940,1;939,2;2389,6;29,4;10,1;30,4;28,8;11,4;8,1;31;27;30;72;6,1;1,8;
2021/07/10;1800 UTC;0;938,6;939,2;938,6;1890,7;29,2;9,9;30,4;28,5;12,3;9,7;35;29;30;105;4,8;2;
2021/07/10;1900 UTC;0;938,6;938,7;938,6;414,9;28,1;9;29,4;28,1;11,5;8,6;34;29;30;32;4,8;,8;
2021/07/10;2000 UTC;0;939;939;938,6;123,1;26,7;10,3;28,3;26,7;10,5;8,1;36;29;36;141;3,8;,8;
2021/07/10;2100 UTC;0;939,3;939,3;939;11,7;23,8;10,3;26,7;23,8;11,6;10,2;45;36;42;307;2,2;0;
2021/07/10;2200 UTC;0;939,8;939,8;939,2;;20,4;8,7;23,8;20,4;10,3;8,4;47;42;47;287;1,4;,7;
2021/07/10;2300 UTC;0;940,3;940,4;939,8;;19,6;8,1;21,2;19,6;9,4;7,8;47;45;47;267;1,6;,3;
2021/07/11;0000 UTC;0;940,8;940,8;940,3;;18,9;7,7;19,6;18,8;8,7;7,7;49;47;48;261;1,6;0;
2021/07/11;0100 UTC;0;941,2;941,2;940,8;;18,5;8,2;19;18,2;8,2;7,4;51;48;51;260;1,6;,3;
2021/07/11;0200 UTC;0;941;941,2;941;;17,9;7,5;18,5;17,5;8,1;7,2;51;50;51;272;1,9;0;
2021/07/11;0300 UTC;0;940,9;941,1;940,9;;18,5;7,9;18,5;17,6;8,1;7,3;51;50;50;246;2,2;,4;
2021/07/11;0400 UTC;0;940,8;941,1;940,8;;16,5;6,7;18,7;16,4;8,1;6;52;48;52;274;1,8;,1;
2021/07/11;0500 UTC;0;940,2;940,9;940,2;;16,4;6,7;17,2;16,3;7,2;6,4;53;51;53;266;1,6;,3;
2021/07/11;0600 UTC;0;940;940,2;940;;16,3;6,7;16,4;16;6,9;6,5;53;53;53;256;1,4;,2;
2021/07/11;0700 UTC;0;940;940;939,9;;16,1;6,7;16,5;16;6,9;6,4;54;53;54;253;1,3;0;
2021/07/11;0800 UTC;0;940,3;940,3;940;;15,1;6;16,2;15,1;6,6;6;54;53;54;273;,6;0;
2021/07/11;0900 UTC;0;940,8;940,8;940,3;;14,8;6,4;15,3;14,7;6,6;6;57;54;57;261;1,3;,1;
2021/07/11;1000 UTC;0;941,5;941,5;940,8;53,1;15,4;7,8;15,4;14,7;7,8;6,4;62;57;61;264;1;0;
2021/07/11;1100 UTC;0;942,4;942,4;941,5;699,8;20,1;8,1;20,5;15,4;9,7;7,8;61;45;46;83;2,5;1,1;
2021/07/11;1200 UTC;0;942,9;942,9;942,4;1461,2;22,5;8,1;22,6;20;8,6;7,5;46;39;40;99;4,7;2,1;
2021/07/11;1300 UTC;0;942,8;942,9;942,7;2076,6;24,8;7,2;25,1;22,4;9,5;7,2;41;33;33;85;5,6;2,6;
2021/07/11;1400 UTC;0;942,2;942,8;942,2;2495,8;26,4;8,9;26,8;24,8;9,3;7,5;34;31;33;74;6,4;2,4;
2021/07/11;1500 UTC;0;941,2;942,2;941,2;2706,1;28,1;8,9;28,4;26,4;9,1;7,1;33;28;30;71;8,1;2,1;
2021/07/11;1600 UTC;0;940,1;941,2;940,1;2667,5;28,4;10;29;27,4;11,8;7,7;35;27;32;82;6,9;1;
2021/07/11;1700 UTC;0;939,2;940,1;939,2;2376,6;28,3;8,7;29,4;27,9;12;8,7;35;29;29;125;5,6;1,9;
2021/07/11;1800 UTC;0;938,6;939,2;938,6;1881,1;28,8;11;29,2;27,8;11;8,1;33;28;33;245;5,8;,7;
2021/07/11;1900 UTC;0;938,5;938,6;938,4;436,9;27,5;9,1;28,9;27,4;11,6;7,9;36;28;31;85;4,5;1,2;
2021/07/11;2000 UTC;0;938,6;938,6;938,5;125,9;25,9;10;27,7;25,9;10;8,4;37;30;37;134;3;,2;
2021/07/11;2100 UTC;0;938,8;938,8;938,6;11,3;23;8,7;25,9;23;10,6;8,7;40;37;40;275;1,4;,4;
2021/07/11;2200 UTC;0;939,4;939,4;938,8;;21;9,4;23;20,7;9,4;8,7;48;40;48;256;1,7;,2;
2021/07/11;2300 UTC;0;940;940;939,3;;19,1;8,6;21;19;9,4;7,9;51;46;50;263;1,7;,1;
2021/07/12;0000 UTC;0;940,3;940,3;940;;18,9;7,9;19,2;18,7;8,6;7,8;50;49;49;262;1,4;,2;
2021/07/12;0100 UTC;0;940,6;940,7;940,3;;17,9;7,2;18,9;17,9;7,9;7,2;50;48;50;265;1,7;,4;
2021/07/12;0200 UTC;0;940,2;940,6;940,2;;17,8;7,3;18,1;17,5;7,4;7;51;49;50;265;1,7;,4;
2021/07/12;0300 UTC;0;939,9;940,2;939,8;;17,1;6,7;17,8;17;7,2;6,3;50;49;50;263;1,7;0;
2021/07/12;0400 UTC;0;939,4;939,9;939,4;;16,8;6,2;17,7;16,7;7,1;6,1;51;49;50;255;1,4;0;
2021/07/12;0500 UTC;0;938,9;939,4;938,9;;16,1;6,1;16,8;15,9;6,3;5,8;52;50;51;255;1,7;,6;
2021/07/12;0600 UTC;0;938,9;939;938,8;;15,6;5,9;16,7;15,4;6,5;5,7;53;50;53;289;1,9;,1;
2021/07/12;0700 UTC;0;939;939;938,8;;15;5,7;16,3;15;6,4;5,5;54;52;54;274;1,5;0;
2021/07/12;0800 UTC;0;939,6;939,6;939;;15,8;6,7;15,8;15;6,7;5,7;55;54;55;275;2,3;0;
2021/07/12;0900 UTC;0;940,4;940,4;939,6;;15,5;6,2;16,4;15,5;6,9;6,2;55;53;54;328;,9;0;
2021/07/12;1000 UTC;0;941,3;941,3;940,4;51,4;16,6;7,3;17,1;15,4;8;6,2;57;54;54;152;1,4;,1;
2021/07/12;1100 UTC;0;942;942;941,3;726,3;20,9;7,6;21;16,4;9;7,1;55;42;42;91;3,7;1,6;
2021/07/12;1200 UTC;0;942,6;942,6;942;1503,4;22,9;7,4;22,9;20,9;8,3;6,6;43;36;37;102;5;2,9;
2021/07/12;1300 UTC;0;942,6;942,7;942,6;2126,4;25,2;7,7;25,4;22,8;8,2;6,8;37;33;33;93;5,9;2,9;
2021/07/12;1400 UTC;0;942,2;942,7;942,2;2562,2;27,2;8,7;27,8;25;9,8;7,5;35;31;31;73;5,9;2,8;
2021/07/12;1500 UTC;0;941,3;942,2;941,3;2760;28,4;9,1;28,9;26,7;11,2;8;36;27;30;76;6,6;1,6;
2021/07/12;1600 UTC;0;940,4;941,3;940,4;2725;29,2;8,2;30,1;28,2;11,2;7,9;33;27;27;97;6,2;1,9;
2021/07/12;1700 UTC;0;939,6;940,4;939,6;2438,7;30,2;10,7;31;28,9;12;8;33;26;30;305;5,4;1,1;
2021/07/12;1800 UTC;0;939,1;939,6;939,1;1941,6;29,7;9,4;30,2;28,9;11,7;8,2;33;27;28;93;4,7;2,6;
2021/07/12;1900 UTC;0;939,1;939,1;939;434,5;29;10,2;29,8;28,5;11,4;8,5;33;27;31;92;4,5;1,2;
2021/07/12;2000 UTC;0;939,2;939,3;939,1;119;27,1;10,7;29;27,1;11,3;9,2;36;30;36;125;3,4;,7;
2021/07/12;2100 UTC;0;939,5;939,5;939,2;10,9;24,3;12,5;27,2;24,2;12,8;10,4;48;35;48;268;1,9;,1;
2021/07/12;2200 UTC;0;940,1;940,1;939,5;;21,3;10,9;24,4;20,7;12,5;9,4;52;45;52;263;2;1;
2021/07/12;2300 UTC;0;940,8;940,8;940,1;;20,7;9;21,7;20,7;11;9;52;47;47;261;2;,6;
2021/07/13;0000 UTC;0;941,1;941,1;940,8;;20,2;9;20,9;19,9;9,4;8,7;51;47;49;263;1,9;,2;
2021/07/13;0100 UTC;0;941,4;941,4;941,1;;19,3;7,9;20,2;19,3;9;7,9;49;47;47;263;1,5;,1;
2021/07/13;0200 UTC;0;941,3;941,4;941,2;;19;8,2;19,3;18,5;8,6;7,4;50;47;50;258;2,1;,4;
2021/07/13;0300 UTC;0;941,3;941,4;941,3;;18,3;7,3;19;18,1;8,2;7;50;48;49;255;1,7;,3;
2021/07/13;0400 UTC;0;941,1;941,3;941,1;;17,4;6,7;18,3;17,4;7,5;6,6;50;48;50;284;1,3;,1;
2021/07/13;0500 UTC;0;941,1;941,3;941,1;;17,2;7,3;17,7;16,9;7,4;6,8;53;50;52;136;1,3;0;
2021/07/13;0600 UTC;0;940,8;941,2;940,7;;16,9;7,1;17,4;16,8;7,4;6,8;53;52;53;277;1,4;0;
2021/07/13;0700 UTC;0;940,8;940,9;940,6;;17,2;7,3;19,1;16,9;8,8;6,9;53;51;52;242;1,8;0;
2021/07/13;0800 UTC;0;941,1;941,1;940,8;;16,5;7,4;17,2;16,5;7,6;7,1;55;52;55;260;,5;0;
2021/07/13;0900 UTC;0;941,6;941,6;941,1;;16,3;7,8;16,6;16,2;7,9;7,4;57;55;57;195;,9;0;
2021/07/13;1000 UTC;0;942,2;942,2;941,6;49,2;19,4;9,8;19,4;16,2;9,9;7,7;59;54;54;99;3,3;1;
2021/07/13;1100 UTC;0;943;943;942,2;742,9;21,8;9,4;21,8;19,4;10,4;9,3;54;45;45;83;4;1,9;
2021/07/13;1200 UTC;0;943,4;943,4;943;1503,3;23,4;9,4;23,7;21,6;10,5;9,2;47;41;41;87;5,3;2,7;
2021/07/13;1300 UTC;0;943,3;943,4;943,2;2117,4;25,2;9;25,2;23,2;10,2;8,2;43;36;36;95;6,4;2,8;
2021/07/13;1400 UTC;0;942,8;943,3;942,8;2537,9;26,9;10,9;27,5;24,9;11,2;8,8;39;35;37;71;5,2;1,5;
2021/07/13;1500 UTC;0;941,8;942,8;941,8;2750,7;29,2;12,9;29,7;26,7;14;10,6;40;32;37;273;6,5;1,5;
2021/07/13;1600 UTC;0;940,7;941,8;940,7;2701,2;30;11,1;30,6;28,5;12,8;9,1;37;28;31;71;6;1,9;
2021/07/13;1700 UTC;0;940;940,7;940;2429,1;30,4;9,6;31,4;29,2;13,6;9;35;27;28;77;5;2,3;
2021/07/13;1800 UTC;0;939,4;940,1;939,4;1942,7;29,9;10,5;30,8;29,3;11,3;7,7;31;25;30;208;6,4;1,2;
2021/07/13;1900 UTC;0;939,3;939,4;939,2;432,3;29,2;9,3;30,9;29;11,9;8,2;31;27;29;105;3,7;1,3;
2021/07/13;2000 UTC;0;939,5;939,5;939,2;116,4;27,5;10,3;29,2;27,5;11,1;8,2;35;27;34;123;4,4;,7;
2021/07/13;2100 UTC;0;939,8;939,8;939,5;11,3;24,4;10,3;27,5;24,4;12;9,9;41;34;41;306;1,9;,1;
2021/07/13;2200 UTC;0;940,2;940,2;939,8;;22,1;10,2;24,4;21,9;10,7;9,2;48;41;47;257;1,4;,2;
2021/07/13;2300 UTC;0;940,9;940,9;940,2;;20,6;9,2;22,2;19,8;10,1;7,9;49;44;48;250;1,5;,2;
2021/07/14;0000 UTC;0;941,3;941,4;940,9;;19,9;8,8;20,6;19,4;9,1;8,4;49;47;49;246;2;1;
2021/07/14;0100 UTC;0;941,4;941,4;941,3;;18,8;8,5;20;18,6;9,1;8,2;51;49;51;265;1,9;,2;
2021/07/14;0200 UTC;0;941,4;941,5;941,4;;19;7,9;19,2;18,8;8,6;7,6;51;48;48;254;1,8;0;
2021/07/14;0300 UTC;0;941,4;941,5;941,3;;18,4;7,6;19,1;18,4;8,3;7,6;50;48;49;187;,9;0;
2021/07/14;0400 UTC;0;941,2;941,4;941,2;;18,5;7,7;18,8;18;7,9;7;50;48;49;201;1;0;
2021/07/14;0500 UTC;0;941,1;941,4;941,1;;17,2;7,3;19,1;16,9;8,3;6,7;52;48;52;250;,5;0;
2021/07/14;0600 UTC;0;940,8;941,1;940,8;;17,2;7,1;17,5;17;7,5;7;53;51;51;121;0;0;
2021/07/14;0700 UTC;0;941;941,1;940,8;;17,3;7,5;17,8;16,8;7,7;6,9;53;51;53;80;1,6;,1;
2021/07/14;0800 UTC;0;941,1;941,1;940,9;;16,4;7,4;18,3;16,4;8,6;7,4;55;53;55;218;1,6;0;
2021/07/14;0900 UTC;0;941,5;941,5;941,1;;16;7,4;16,4;15,9;7,6;7,1;57;55;57;195;0;0;
2021/07/14;1000 UTC;0;942;942;941,5;51,4;16,1;7,8;16,8;15,5;8,5;7,2;58;57;58;224;0;0;
2021/07/14;1100 UTC;0;942,6;942,6;942;742,4;21,5;9,5;21,5;15,9;10,8;7,8;60;46;46;96;3,8;2;
2021/07/14;1200 UTC;0;943;943,1;942,6;1502,7;23,8;8,8;24,1;21,5;10,3;8,8;48;39;39;90;4;1,7;
2021/07/14;1300 UTC;0;942,9;943,1;942,9;2120,7;25,8;8,7;26;23,7;10,1;8;39;33;34;45;6,1;2,5;
2021/07/14;1400 UTC;0;942,5;942,9;942,5;2553,4;26,8;8,9;27,4;25,3;10,2;8,2;35;31;32;43;9,6;3;
2021/07/14;1500 UTC;0;941,3;942,5;941,3;2744,4;29,3;9,6;29,6;26,8;10,9;8;33;28;29;353;7;2,5;
2021/07/14;1600 UTC;0;940;941,3;940;2710,1;28,9;10,3;29,4;28;11,1;8,4;33;28;32;62;7,4;2,3;
2021/07/14;1700 UTC;0;939;940;939;2440,9;29,3;10,4;30,3;28,6;11,4;8,9;33;28;31;353;5,9;2,6;
2021/07/14;1800 UTC;0;938,6;939;938,5;1952,4;29;10;29,7;28,3;10,8;7,9;32;27;31;56;5,8;1,5;
2021/07/14;1900 UTC;0;938,5;938,6;938,4;444,5;27,6;9,4;29,1;27,6;10,3;7,6;32;27;32;35;5,2;,8;
2021/07/14;2000 UTC;0;938,7;938,7;938,5;120,5;26,4;10,7;27,8;26,4;10,8;8,9;38;31;37;73;3,5;,6;
2021/07/14;2100 UTC;0;939;939;938,7;11,5;23,1;10;26,4;23,1;11,4;10;43;37;43;104;2,3;0;
2021/07/14;2200 UTC;0;939,3;939,3;938,9;;20,5;9,2;23,1;20,4;10,2;8,6;48;43;48;309;1,6;,3;
2021/07/14;2300 UTC;0;939,6;939,6;939,2;;21,2;9,2;21,3;20,4;9,9;9;49;46;46;270;1,6;0;
2021/07/15;0000 UTC;0;940;940;939,6;;19;7,4;21,2;19;9,1;7;47;43;47;283;1,7;,1;
2021/07/15;0100 UTC;0;940,3;940,4;940;;18,6;8,2;19,2;18,1;8,2;7,2;51;47;51;276;1,7;,1;
2021/07/15;0200 UTC;0;940,4;940,4;940,3;;18,7;7,8;19;17,6;8,2;6,8;51;48;49;253;2,2;,9;
2021/07/15;0300 UTC;0;940,2;940,4;940,2;;16,9;6,3;18,7;16,9;7,7;5,9;49;47;49;299;2,4;,5;
2021/07/15;0400 UTC;0;939,9;940,2;939,9;;17,3;6,8;17,9;16,9;7,5;6,5;51;49;50;240;2,2;,4;
2021/07/15;0500 UTC;0;939,6;939,9;939,4;;15,4;6,2;17,7;15,2;7,1;5,7;54;49;54;213;3,9;,5;
2021/07/15;0600 UTC;0;939,4;939,7;939,4;;16,6;7,2;16,6;15,3;7,2;6,1;55;54;54;261;3,9;0;
2021/07/15;0700 UTC;0;939,6;939,6;939,4;;16,1;7,2;16,6;15,9;7,5;6,9;56;54;55;261;1,8;,3;
2021/07/15;0800 UTC;0;939,9;939,9;939,5;;15,8;7,3;16,3;15,3;7,6;6,7;57;55;57;259;2,3;,7;
2021/07/15;0900 UTC;0;940,6;940,6;939,9;;15,7;7,5;16,3;15,1;7,8;6,8;58;56;58;278;2,3;,2;
2021/07/15;1000 UTC;0;941,2;941,2;940,6;49,1;15,8;8,3;16;15,1;8,6;7,1;62;58;61;272;1,8;0;
2021/07/15;1100 UTC;0;941,8;941,8;941,2;753,9;21,5;10,7;21,5;15,8;10,9;8,4;61;50;50;302;1,2;,1;
2021/07/15;1200 UTC;0;942;942,1;941,8;1507,5;24,8;11,2;24,9;21,5;12,2;10,1;51;43;43;89;2,5;,1;
2021/07/15;1300 UTC;0;941,8;942;941,8;2117,4;27,4;11,1;27,5;24,5;12,5;10,8;44;36;36;131;3,5;1,4;
2021/07/15;1400 UTC;0;941,3;941,8;941,3;2549,4;28,7;9,8;30,3;27,1;12,2;8,6;38;29;31;51;7,2;2;
2021/07/15;1500 UTC;0;940,6;941,3;940,6;2774,5;29,1;9;30,6;28,5;11,8;9;33;27;28;11;8,7;2,7;
2021/07/15;1600 UTC;0;939,6;940,6;939,6;2739,5;30,6;12,1;30,9;28,7;12,2;8,3;33;27;32;279;8,7;1,3;
2021/07/15;1700 UTC;0;938,8;939,6;938,8;2461,3;30;11,1;31,4;29,4;12,8;9,1;33;27;31;47;6,8;1,5;
2021/07/15;1800 UTC;0;938,3;938,8;938,3;1950,8;29,4;10,7;31,1;29,4;12,9;10,1;35;29;31;112;4;,4;
2021/07/15;1900 UTC;0;938,2;938,3;938,2;457,5;28,8;11;30,7;28,7;12,9;10,5;35;30;33;329;5,1;1,4;
2021/07/15;2000 UTC;0;938,6;938,7;938,2;123,4;27,8;10,5;29;27,8;11,9;10,4;37;33;34;250;5,3;1,9;
2021/07/15;2100 UTC;0;939;939;938,6;12,8;24,1;12,1;27,8;24,1;12,7;10,2;47;34;47;292;3,5;,6;
2021/07/15;2200 UTC;0;939,3;939,3;939;;22,2;10;24,1;22,1;12,1;9,5;47;44;46;274;2,6;,9;
2021/07/15;2300 UTC;0;939,6;939,6;939,3;;21,5;10,3;22,4;19,8;10,3;8,6;51;46;49;268;3,1;1,2;
2021/07/16;0000 UTC;0;939,8;939,8;939,6;;21,2;8,6;21,8;21;10,3;8,6;49;44;45;272;2,6;1;
2021/07/16;0100 UTC;0;939,9;939,9;939,8;;20,5;8,4;21,7;20,5;9;8,4;46;44;46;266;2,2;1,3;
2021/07/16;0200 UTC;0;939,6;939,9;939,6;;19,9;7,6;20,5;19,9;8,4;7,6;46;45;45;271;2,8;1,6;
2021/07/16;0300 UTC;0;939,4;939,6;939,4;;18,4;7,7;20,3;18,4;8,3;7,6;50;45;50;294;2,5;,3;
2021/07/16;0400 UTC;0;939;939,5;939;;17,6;7,7;18,6;17,4;8,3;7,4;53;50;52;263;1,6;,6;
2021/07/16;0500 UTC;0;938,7;939;938,7;;17,3;7,6;17,6;16,6;8,1;7,3;55;52;53;271;2;,6;
2021/07/16;0600 UTC;0;938,4;938,7;938,4;;16,4;7,3;17,7;16,2;8,1;7,1;55;53;55;271;2,3;1,3;
2021/07/16;0700 UTC;0;938,5;938,5;938,4;;16,7;7,7;17,1;16,4;7,9;7,4;55;54;55;263;2,3;,3;
2021/07/16;0800 UTC;0;938,5;938,6;938,5;;16,1;7,6;16,7;15,9;7,7;7,4;57;55;57;274;1,8;,2;
2021/07/16;0900 UTC;0;938,6;938,7;938,5;;16,4;8,1;16,5;15,5;8,2;7,3;58;57;58;254;2,4;,2;
2021/07/16;1000 UTC;0;939,2;939,2;938,6;47,8;17,6;9,4;17,6;16,4;9,4;8,1;59;57;59;272;2,2;0;
2021/07/16;1100 UTC;0;939,9;939,9;939,2;768,4;23,5;12,4;23,5;17,6;12,6;9,3;59;50;50;89;1,2;0;
2021/07/16;1200 UTC;0;940,4;940,4;939,9;1523,7;26,3;10,1;26,3;23,5;12,9;10,1;50;36;36;98;4;2,3;
2021/07/16;1300 UTC;0;940,3;940,5;940,3;2148,7;28,1;10,2;28,5;25,9;11,6;9,4;38;32;33;90;4,3;2,2;
2021/07/16;1400 UTC;0;939,8;940,3;939,8;2587,3;29,5;9,3;30,1;28,1;10,6;8,1;33;27;28;32;5;1,6;
2021/07/16;1500 UTC;0;938,9;939,8;938,9;2805,4;30,7;10,4;30,7;28,4;10,4;7,4;30;25;29;354;5,9;1,7;
2021/07/16;1600 UTC;0;937,7;938,9;937,7;2748,3;31,6;12,2;32;29,5;12,2;6,9;31;24;31;325;6;1,8;
2021/07/16;1700 UTC;0;936,7;937,7;936,7;2474,3;30,9;10,1;31,9;30,9;12,3;8,8;31;25;28;359;6,8;1,1;
2021/07/16;1800 UTC;0;936,4;936,7;936,3;1773;31,1;10,9;32;30,4;12,4;9,1;31;26;29;295;6,2;1,7;
2021/07/16;1900 UTC;0;936,4;936,5;936,3;543,8;29,6;9,9;31,2;29,5;11,7;9,4;32;27;30;349;5,1;1,9;
2021/07/16;2000 UTC;0;936,6;936,6;936,4;119;28;10,2;29,6;28;10,4;8,9;33;28;33;346;4,8;1;
2021/07/16;2100 UTC;0;936,8;936,9;936,6;18,8;25,3;12,3;28;25,3;13,1;10,4;46;33;44;251;2,3;0;
2021/07/16;2200 UTC;0;937;937;936,8;;22,4;11,2;25,3;22,4;12,5;11,2;49;44;49;279;2,4;,2;
2021/07/16;2300 UTC;0;937,5;937,6;937;;22,3;10,5;23,6;22,3;11,8;10,5;49;46;47;273;2,3;,4;
2021/07/17;0000 UTC;0;937,9;937,9;937,5;;21,8;10,2;22,3;20,9;10,6;9,9;49;47;47;268;2,8;1;
2021/07/17;0100 UTC;0;938,3;938,3;937,9;;20,9;9,3;21,8;20,9;10,1;9,3;47;46;47;267;2,6;,9;
2021/07/17;0200 UTC;0;938,2;938,5;938,1;;19,9;9,3;21;19,8;9,3;8,9;50;47;50;257;2,8;,8;
2021/07/17;0300 UTC;0;938,4;938,4;938,2;;19,6;9;20,4;19,1;9,5;8,3;51;49;50;264;2,7;,9;
2021/07/17;0400 UTC;0;938,2;938,4;938,1;;19,9;8,6;20;19,6;9,1;8,4;51;48;48;273;2,5;,8;
2021/07/17;0500 UTC;0;938,2;938,3;938,1;;19,7;8,5;19,9;19,4;8,7;8,1;49;48;48;263;2,2;,7;
2021/07/17;0600 UTC;0;938,1;938,2;938;;18,3;7,7;19,9;18,2;8,5;7,5;50;48;50;254;2,5;0;
2021/07/17;0700 UTC;0;938,3;938,3;938;;17,4;7,8;18,4;17,4;8,5;7,7;54;50;53;262;1,2;,1;
2021/07/17;0800 UTC;0;938,7;938,7;938,3;;16,8;8,2;17,5;16,5;8,4;7,7;57;53;57;267;1,4;0;
2021/07/17;0900 UTC;0;939;939;938,7;;16,6;8,1;16,8;16,5;8,3;8;58;57;58;253;1,5;0;
2021/07/17;1000 UTC;0;939,7;939,7;939;48,9;17,4;9,3;17,4;16,6;9,3;8,2;59;58;59;256;1,6;,3;
2021/07/17;1100 UTC;0;940,4;940,4;939,7;758,2;22,8;11,9;22,8;17,4;11,9;9,4;59;50;50;311;1,5;0;
2021/07/17;1200 UTC;0;940,8;940,8;940,4;1502,2;26,5;12,6;26,5;22,8;13,2;11,6;50;40;42;61;1,7;0;
2021/07/17;1300 UTC;0;940,6;940,8;940,5;2114,1;29,4;12,9;29,4;26,6;13;10,9;42;33;36;258;2,8;1;
2021/07/17;1400 UTC;0;940,4;940,6;940,3;2539,1;30,7;13,1;31,5;29,2;13,8;11,3;36;30;34;286;5,7;2,3;
2021/07/17;1500 UTC;0;939,6;940,4;939,6;2738,5;30,7;13;31,9;30,4;14,6;11,5;36;30;34;253;5,7;1,6;
2021/07/17;1600 UTC;0;939;939,6;939;2689,9;31,4;13,2;32,6;30,7;14,7;11,6;35;30;33;269;7,5;2,6;
2021/07/17;1700 UTC;0;938,4;939;938,4;2416,2;31,9;12,7;33;30,9;14,5;12;33;29;31;308;6,6;1,8;
2021/07/17;1800 UTC;0;938,1;938,4;938,1;1806,8;31,5;14;32,8;30,9;14,8;12,7;35;30;34;248;6,7;2,6;
2021/07/17;1900 UTC;0;938,1;938,2;938;595,1;30,8;11;32,7;30,8;14,4;10,9;34;29;29;268;6,7;2,2;
2021/07/17;2000 UTC;0;938,5;938,5;938,1;134,1;29,6;10,9;31;29,6;11,5;9,9;31;27;31;269;5,2;1,3;
2021/07/17;2100 UTC;0;938,9;938,9;938,5;12;26;13,2;29,6;26;13,3;10,8;45;31;45;274;2,9;,2;
2021/07/17;2200 UTC;0;939,4;939,4;938,9;;24,2;10,8;26;24,2;13,2;10,8;45;42;43;267;1,9;,6;
2021/07/17;2300 UTC;0;939,9;939,9;939,4;;23,3;10,4;24,1;23,3;10,8;10,4;45;43;44;271;2,3;,7;
2021/07/18;0000 UTC;0;940,7;940,7;939,9;;24;10,8;25,6;22,9;12,3;10;45;42;43;182;4,1;,7;
2021/07/18;0100 UTC;0;941;941;940,7;;23,8;10;24;23,1;10,9;9,6;44;42;42;185;2;,3;
2021/07/18;0200 UTC;0;940,8;941;940,8;;22,6;9,4;24,1;22,4;10,2;9,1;43;41;43;225;1,9;0;
2021/07/18;0300 UTC;0;940,9;940,9;940,8;;21,2;9,4;22,6;21,2;9,5;8,9;47;43;47;229;,6;0;
2021/07/18;0400 UTC;0;940,6;940,9;940,6;;20,4;9,3;21,2;20;9,3;8,8;49;46;49;309;0;0;
2021/07/18;0500 UTC;0;940,5;940,6;940,5;;19,9;9,6;20,4;19,7;9,9;9,4;52;49;52;205;,9;0;
2021/07/18;0600 UTC;0;940,5;940,6;940,5;;19,1;9,1;20,1;19,1;9,8;9,1;52;51;52;207;0;0;
2021/07/18;0700 UTC;0;940,7;940,7;940,5;;19,5;9,4;19,6;18,9;9,5;9,1;54;52;52;290;1,1;0;
2021/07/18;0800 UTC;0;941,2;941,2;940,7;;18;8,8;19,5;18;9,4;8,8;55;52;55;236;0;0;
2021/07/18;0900 UTC;0;941,7;941,7;941,2;;18,3;9,5;18,6;17,9;9,6;8,8;56;55;56;356;0;0;
2021/07/18;1000 UTC;0;942,5;942,5;941,7;51,9;18,7;10,8;18,7;17,6;10,8;9,2;60;56;60;229;0;0;
2021/07/18;1100 UTC;0;943,2;943,2;942,5;689,9;22,9;12,9;22,9;18,7;12,9;10,9;60;53;53;129;2,9;,8;
2021/07/18;1200 UTC;0;943,5;943,6;943,2;1641,6;24,3;12,5;24,5;22,9;14,3;12,3;54;48;48;129;5,9;2,7;
2021/07/18;1300 UTC;0;943,6;943,6;943,4;1694;24,5;12,7;25,1;23,9;13,7;12,3;50;47;48;140;6,6;2,5;
2021/07/18;1400 UTC;0;943;943,6;943;2495,3;26,2;13;26,8;24,4;14,1;12,2;49;43;44;143;6,6;2;
2021/07/18;1500 UTC;0;942;943;942;2697,5;28,4;13,9;28,5;26,2;14,2;12,3;45;39;41;168;7,1;2;
2021/07/18;1600 UTC;0;941;942;941;2651,2;29,3;14,9;29,9;27,4;15,4;12,2;43;38;41;189;7,1;1,4;
2021/07/18;1700 UTC;0;940,2;941;940,2;2364;29,9;14,1;29,9;28,6;15,1;12,5;43;37;38;172;6;1,5;
2021/07/18;1800 UTC;0;939,8;940,2;939,7;1821,1;28,6;13,6;30;28,6;15,2;12,4;42;35;40;142;6,7;2,3;
2021/07/18;1900 UTC;0;940,1;940,1;939,7;566,2;27,6;14,1;29,1;27,4;14,2;12,6;44;38;44;130;7,8;2,7;
2021/07/18;2000 UTC;0;940,4;940,4;940;216,7;26,6;14,2;27,8;26,6;14,6;13,6;47;42;47;129;6,6;1,4;
2021/07/18;2100 UTC;0;941;941;940,4;15,2;24,6;13,9;26,6;24,6;14,4;13,8;52;46;51;130;4,6;1,1;
2021/07/18;2200 UTC;0;941,9;941,9;941;;22,9;13,9;24,6;22,9;14,4;13,8;57;51;57;190;8,3;1,5;
2021/07/18;2300 UTC;0;943;943;941,9;;20,9;13;22,9;20,9;13,9;12,9;61;57;60;183;5,7;1,3;
2021/07/19;0000 UTC;0;943,7;943,7;943;;19,9;12,2;20,9;19,9;13;12,2;61;60;61;195;6;1,3;
2021/07/19;0100 UTC;0;944,1;944,1;943,7;;18,6;10,9;19,9;18,6;12,2;10,9;62;60;61;221;6,1;,6;
2021/07/19;0200 UTC;0;943,8;944,1;943,7;;17,7;8,8;18,6;17,7;10,9;8,7;62;54;56;170;5,8;,6;
2021/07/19;0300 UTC;0;943,3;943,9;943,3;;16,7;8,4;17,7;16,7;8,9;8,2;58;56;58;213;3,7;,4;
2021/07/19;0400 UTC;0;942,9;943,4;942,9;;15,8;8,1;16,7;15,6;8,4;7,7;60;58;60;205;3,7;,8;
2021/07/19;0500 UTC;0;942,8;942,9;942,6;;15,3;7,7;16;15,3;8,2;7,6;60;59;60;167;5,3;,2;
2021/07/19;0600 UTC;0;942,5;942,8;942,5;;14,8;6,9;15,4;14,8;7,7;6,9;61;59;59;205;4,3;,4;
2021/07/19;0700 UTC;0;942,4;942,5;942,2;;14,4;5,4;14,8;14,4;6,9;5,4;59;55;55;118;4,7;,9;
2021/07/19;0800 UTC;0;943,1;943,1;942,3;;12,8;3,7;14,4;12,8;5,4;3,7;57;54;54;135;7;2,4;
2021/07/19;0900 UTC;0;943,7;943,7;943,1;;11,8;2,7;12,8;11,8;3,6;2,7;54;53;54;129;7,5;2;
2021/07/19;1000 UTC;0;944,7;944,7;943,7;61,8;11,6;1,9;11,8;11,4;2,7;1,7;54;50;51;129;6,8;2,3;
2021/07/19;1100 UTC;0;945,2;945,2;944,7;795,9;13,7;1,2;13,8;11,6;1,6;0;51;40;42;185;8,3;1,8;
2021/07/19;1200 UTC;0;945,3;945,5;945,2;1540,1;14,8;,9;15,3;13,3;1,5;-,5;42;37;39;146;8,3;2,4;
2021/07/19;1300 UTC;0;945;945,4;945;2148,1;15,9;,4;16,7;14,6;2;-,4;39;34;35;147;8,9;2,4;
2021/07/19;1400 UTC;0;944,4;945,1;944,3;2596,4;18,3;,6;18,6;15,9;2;,2;36;30;30;147;7,4;2,6;
2021/07/19;1500 UTC;0;943,6;944,4;943,6;2809,7;21,2;3,9;21,5;18,3;3,9;0;33;28;32;178;7,5;1,7;
2021/07/19;1600 UTC;0;942,6;943,6;942,6;2765,3;23;,4;23,2;20,5;4,3;,4;32;22;22;125;7,6;2,7;
2021/07/19;1700 UTC;0;941,6;942,6;941,6;2477,9;23,9;-,6;24,6;22,8;2,7;-1,3;25;19;20;146;6,9;2,8;
2021/07/19;1800 UTC;0;941,1;941,6;941,1;1988,4;23,9;-1,7;24,5;23,6;1,9;-2,6;23;17;18;148;7;2,5;
2021/07/19;1900 UTC;0;941,1;941,2;941;505,8;23,4;-1;24,3;23,2;,9;-2,6;22;17;20;140;7,9;2,2;
2021/07/19;2000 UTC;0;941,6;941,6;941,1;126,4;21,6;-2,5;23,4;21,6;-,9;-2,9;21;18;20;139;7,6;2,6;
2021/07/19;2100 UTC;0;942,2;942,2;941,6;15,2;19;-2,5;21,6;19;-1,9;-2,8;23;19;23;125;6,7;2,2;
2021/07/19;2200 UTC;0;942,8;942,8;942,2;;17,3;-2,7;19;17,3;-2,2;-2,9;26;23;25;124;5,4;2,3;
2021/07/19;2300 UTC;0;943,4;943,4;942,8;;16,8;-3,8;17,4;16,8;-2,6;-4;26;24;24;128;5;1;
2021/07/20;0000 UTC;0;944;944;943,4;;15,7;-3,9;16,8;15,7;-3,7;-4,2;26;24;26;143;3,7;,6;
2021/07/20;0100 UTC;0;944;944;943,9;;15,5;-4,8;15,9;15,5;-3,7;-4,8;26;24;24;127;5,3;1,1;
2021/07/20;0200 UTC;0;944;944,1;944;;14;-5,2;15,7;13,9;-4,6;-5,4;26;24;26;112;4,3;,7;
2021/07/20;0300 UTC;0;943,7;944;943,6;;13;-4,5;14;12,7;-4,5;-5,3;29;26;29;106;1,9;,5;
2021/07/20;0400 UTC;0;942,6;943,7;942,6;;11,9;-4,4;13,1;11,7;-4,3;-4,9;32;29;32;94;2,7;,2;
2021/07/20;0500 UTC;0;942,2;942,6;942,2;;11;-4;12;10,8;-4;-4,5;35;32;35;83;2,1;,1;
2021/07/20;0600 UTC;0;941,7;942,2;941,7;;10;-4,1;11;10;-4;-4,4;37;35;37;104;1,1;0;
2021/07/20;0700 UTC;0;941,7;941,8;941,6;;9,2;-4,1;10,2;9,2;-4;-4,3;39;37;39;109;1,6;,2;
2021/07/20;0800 UTC;0;942,1;942,1;941,7;;8,7;-3,8;9,2;8,7;-3,7;-4,4;41;39;41;213;1,3;0;
2021/07/20;0900 UTC;0;942,5;942,5;942,1;;8,8;-3,8;9;8,6;-3,5;-3,9;41;41;41;222;,5;0;
2021/07/20;1000 UTC;0;943,1;943,1;942,5;60,9;9,7;-3,1;9,7;8,4;-3,1;-4,2;41;41;41;313;,8;0;
2021/07/20;1100 UTC;0;943,8;943,8;943,1;828,1;13,5;-5,1;13,6;9,7;-2,3;-5,1;40;27;27;120;4,3;2;
2021/07/20;1200 UTC;0;944,1;944,2;943,8;1602,7;15,9;-3,8;15,9;13,5;-3,8;-5,3;28;24;26;134;4,5;1,8;
2021/07/20;1300 UTC;0;943,6;944,1;943,6;2221,4;18,8;-3;19,4;15,8;-2,4;-4,4;26;22;23;133;4,6;1,9;
2021/07/20;1400 UTC;0;942,9;943,6;942,8;2660,8;21,7;-1,1;21,7;18,8;-1,1;-3,9;23;20;22;142;4,9;1,8;
2021/07/20;1500 UTC;0;941,7;942,9;941,7;2864,8;23,9;-1,6;24,3;21,7;-,3;-2,7;22;18;18;100;4,9;1,5;
2021/07/20;1600 UTC;0;940,9;941,7;940,9;2808,7;26,5;-2,8;26,7;23,6;1,4;-3,4;20;14;14;140;4,6;1,7;
2021/07/20;1700 UTC;0;939,9;940,9;939,9;2511,8;27,8;,2;27,8;25,8;2;-2,8;20;14;17;129;4,9;1,4;
2021/07/20;1800 UTC;0;939,5;940;939,5;2013,6;27,5;2,5;28,3;27,1;3,5;-1,5;21;15;20;116;5,1;1,4;
2021/07/20;1900 UTC;0;939,6;939,6;939,4;495,7;27,6;4,4;28,4;27,4;5,9;2,1;25;19;23;143;4,1;1,2;
2021/07/20;2000 UTC;0;939,8;939,8;939,6;119,6;26;5,3;27,6;26;5,7;4,2;27;22;27;138;3,3;,4;
2021/07/20;2100 UTC;0;940,2;940,2;939,7;13,5;23,1;4,2;26;23,1;5,7;4,2;31;26;29;161;1,5;0;
2021/07/20;2200 UTC;0;941,1;941,1;940,2;;20,8;5,1;23,1;20,8;5,1;3,5;36;29;36;242;,5;0;
2021/07/20;2300 UTC;0;941,9;941,9;941,1;;20,5;4,2;20,9;19,1;5,7;3,8;41;33;34;123;2,7;,5;
2021/07/21;0000 UTC;0;942,4;942,4;941,9;;20,5;-1,4;21,7;20,4;4;-1,4;34;23;23;111;4;,8;
2021/07/21;0100 UTC;0;942,7;942,7;942,4;;18,5;-,4;20,6;18;-,2;-1,5;28;23;28;226;2,3;0;
2021/07/21;0200 UTC;0;942,9;943;942,7;;18,5;-2,5;18,8;17,6;-,2;-2,5;29;24;24;110;3,3;1,3;
2021/07/21;0300 UTC;0;943;943,1;942,9;;16,8;-3,1;18,8;16,8;-2,2;-3,5;25;22;25;139;3,3;,2;
2021/07/21;0400 UTC;0;942,5;943;942,5;;15,8;-3;16,8;15,8;-1,7;-3;29;25;27;158;1,4;0;
2021/07/21;0500 UTC;0;942;942,5;941,9;;16;-2,5;16,3;15,8;-2,3;-3,3;28;27;28;268;,2;0;
2021/07/21;0600 UTC;0;941,4;942;941,4;;15,8;-3,7;16;15,4;-2,5;-3,8;28;26;26;223;1,1;0;
2021/07/21;0700 UTC;0;941,7;941,7;941,4;;14,3;-2,9;15,8;13,4;-2,9;-5;31;25;30;258;2,4;,2;
2021/07/21;0800 UTC;0;941,9;942;941,7;;13,4;-2,6;14,3;13,3;-2,6;-3,4;33;30;33;257;1,7;,6;
2021/07/21;0900 UTC;0;942,6;942,6;942;;12,8;-2,3;13,6;12,7;-2,3;-2,8;35;33;35;267;1,5;0;
2021/07/21;1000 UTC;0;943,4;943,4;942,6;62,1;13,4;,1;13,5;12,6;,4;-2,3;41;35;40;292;1,8;0;
2021/07/21;1100 UTC;0;944;944;943,4;755,8;19,2;1,8;19,4;13,2;2,8;0;41;31;31;5;2,1;0;
2021/07/21;1200 UTC;0;944,1;944,3;944;1495,6;22,2;1,8;22,3;19,2;2,4;-,9;31;23;26;223;2,6;,4;
2021/07/21;1300 UTC;0;944,9;945,2;944,1;2114;22,8;,6;23,9;21,8;2,4;-2;26;20;23;120;7,4;2,3;
2021/07/21;1400 UTC;0;944,2;944,9;944,2;2548,6;25,5;3,7;26,2;22,7;4,3;0;26;21;24;116;5;1,7;
2021/07/21;1500 UTC;0;943,4;944,2;943,4;2765;28,5;5,5;28,5;25,4;7;2,8;27;21;23;89;5,1;2,1;
2021/07/21;1600 UTC;0;942,3;943,4;942,3;2726,3;30,5;9,2;30,7;28,3;9,8;5,1;28;22;27;33;5,5;1,4;
2021/07/21;1700 UTC;0;941,5;942,3;941,5;2441,5;30,8;11,8;31,3;29,7;12,1;6,5;31;23;31;186;6,3;,9;
2021/07/21;1800 UTC;0;941,1;941,5;941,1;1939,4;30,9;12;31,5;30;13;7,6;33;24;31;186;4,5;,9;
2021/07/21;1900 UTC;0;941,2;941,2;941,1;490,1;29,4;10,3;31,1;29,4;12;9,2;31;27;30;280;3,2;1;
2021/07/21;2000 UTC;0;941,7;941,7;941,2;142,9;28;8,9;29,9;28;11,1;8,7;32;27;30;146;2,6;,9;
2021/07/21;2100 UTC;0;942,1;942,1;941,7;15,1;24,6;7,9;28;24,6;9,8;7,9;36;30;34;207;2;0;
2021/07/21;2200 UTC;0;942,5;942,6;942,1;;22,5;7,9;24,6;22,5;8,2;7,1;39;34;39;264;,9;,1;
2021/07/21;2300 UTC;0;942,9;942,9;942,5;;21,4;8,1;22,5;21,3;8,3;7,5;43;39;42;260;1,5;,9;
2021/07/22;0000 UTC;0;943,5;943,5;942,9;;20,5;6,9;21,4;20,5;8,1;6,9;42;41;41;267;1,8;0;
2021/07/22;0100 UTC;0;943,8;943,8;943,5;;20,1;6,9;20,6;19,5;7,5;6,6;44;41;42;260;2,2;,4;
2021/07/22;0200 UTC;0;943,9;944;943,8;;20;6,6;20,5;19,9;7,1;6,5;43;41;42;256;1,7;,1;
2021/07/22;0300 UTC;0;943,9;944,1;943,9;;19,6;6,9;20,7;19;7,1;6,1;44;41;44;282;1,2;0;
2021/07/22;0400 UTC;0;943,6;943,9;943,6;;19,7;6,8;19,8;19,5;7,1;6,7;44;43;43;201;1,8;0;
2021/07/22;0500 UTC;0;943,3;943,6;943,3;;18,6;6,3;20,8;18,4;7,5;5,8;45;41;45;255;2,3;0;
2021/07/22;0600 UTC;0;942,8;943,3;942,8;;18,2;5,7;18,7;18,1;6,4;5,6;45;44;44;264;,3;0;
2021/07/22;0700 UTC;0;943,1;943,1;942,8;;17;5,7;18,4;17;5,8;5,5;47;44;47;245;1,1;0;
2021/07/22;0800 UTC;0;943,3;943,3;943,1;;16,6;6,4;17;16,4;6,4;5,7;51;47;51;275;1,4;0;
2021/07/22;0900 UTC;0;943,8;943,8;943,3;;17;6,6;17,1;16,6;6,7;6,3;51;50;50;260;1,1;0;
2021/07/22;1000 UTC;0;944,4;944,4;943,8;71;17,6;7,9;17,6;16,7;8,2;6,4;55;50;53;285;,4;0;
2021/07/22;1100 UTC;0;945,2;945,2;944,4;507,4;20,6;8,4;20,8;17,6;8,7;7,5;53;45;45;69;1,4;,1;
2021/07/22;1200 UTC;0;945,9;945,9;945,2;1131,6;23;9,4;23;20,6;9,4;7,4;46;39;42;142;3,4;,6;
2021/07/22;1300 UTC;0;945,7;945,9;945,6;2026,4;26,7;11;26,7;23;11,7;8,9;42;37;37;114;5,8;2,1;
2021/07/22;1400 UTC;0;945,2;945,7;945,2;2551,8;28,6;12;28,8;26,6;13,4;10,5;41;33;36;80;5,8;1,8;
2021/07/22;1500 UTC;0;944,3;945,2;944,3;2778,7;30,5;10,4;30,7;28,3;12,1;10,3;36;29;29;101;7,4;3;
2021/07/22;1600 UTC;0;943,3;944,3;943,3;2799,2;31,2;9,3;31,5;30,1;12,1;9,3;31;26;26;97;8,4;4,1;
2021/07/22;1700 UTC;0;942,4;943,4;942,4;2359,8;30,6;9,3;31,5;30;10,9;8,8;30;25;27;120;8,4;2,3;
2021/07/22;1800 UTC;0;941,8;942,4;941,8;1938,6;30,6;9,6;31,9;30;11,1;9;30;26;27;96;8,1;2,4;
2021/07/22;1900 UTC;0;941,6;941,8;941,5;592,7;30,1;9,4;31,2;30,1;11,9;8,5;31;25;28;124;6,8;3,6;
2021/07/22;2000 UTC;0;941,7;941,7;941,5;134,8;28,2;9,8;30,1;28,2;10;8,7;32;27;32;110;6,8;1,4;
2021/07/22;2100 UTC;0;942,1;942,1;941,7;21,2;26,6;10;28,2;26,1;10,7;9,5;38;31;35;105;4,2;1,9;
2021/07/22;2200 UTC;0;942,7;942,7;942,1;;23,8;9,2;26,7;23,8;10,4;8,9;39;35;39;323;4,2;0;
2021/07/22;2300 UTC;0;943,3;943,3;942,7;;22,3;8,8;23,8;22,3;9,7;8,6;42;39;42;282;1,1;0;
2021/07/23;0000 UTC;0;943,6;943,6;943,3;;22,4;10,7;22,7;22,2;10,7;8,9;47;42;47;222;,3;0;
2021/07/23;0100 UTC;0;943,7;943,7;943,5;;22;9,5;22,4;21,9;10,6;9,2;47;44;45;167;1,7;0;
2021/07/23;0200 UTC;0;943,6;943,8;943,6;;22,6;9,5;22,8;21,2;9,8;8,9;45;43;43;102;2,7;1;
2021/07/23;0300 UTC;0;943,5;943,7;943,5;;20,4;8,8;22,6;20,2;9,4;8,3;47;43;47;132;2,3;,8;
2021/07/23;0400 UTC;0;943,1;943,5;943,1;;20,6;9,1;20,7;19,7;9,3;8,5;49;47;48;53;1,9;,4;
2021/07/23;0500 UTC;0;942,6;943,1;942,6;;19,7;8,3;20,9;19,7;9,3;8,3;49;47;48;146;2,5;,3;
2021/07/23;0600 UTC;0;942,4;942,6;942,4;;18,7;7,7;20,3;18,7;8,8;7,5;49;47;49;170;2,4;,1;
2021/07/23;0700 UTC;0;942,3;942,4;942,2;;18,5;7,8;19,8;18,4;9;7,6;50;48;50;123;1,6;,6;
2021/07/23;0800 UTC;0;942,3;942,4;942,2;;17,6;7,6;18,9;17,4;8,2;7,3;52;50;52;151;1,9;0;
2021/07/23;0900 UTC;0;942,9;942,9;942,3;;17,1;7,6;17,7;17,1;8,2;7,6;54;52;53;255;1,1;0;
2021/07/23;1000 UTC;0;943,6;943,6;942,9;55,7;18,5;9,3;18,5;16,7;9,3;7,5;58;53;55;147;1,1;0;
2021/07/23;1100 UTC;0;944,2;944,2;943,6;809,7;22,6;9,1;22,7;18,5;11,2;9,1;55;42;42;94;3,9;2;
2021/07/23;1200 UTC;0;944,6;944,6;944,2;1573,3;24,4;9,7;24,4;22,4;9,9;8,3;43;39;39;97;9;3,7;
2021/07/23;1300 UTC;0;944,4;944,7;944,3;2183,2;25,7;10,1;26,3;24,4;10,2;9;40;35;37;79;9,5;3,8;
2021/07/23;1400 UTC;0;943,9;944,4;943,9;2623,7;28,2;9,4;28,7;25,8;11,1;9;38;30;31;80;7,6;3,6;
2021/07/23;1500 UTC;0;943,1;943,9;943,1;2646,6;28,8;8,9;29,6;28,2;10,6;8,2;32;27;29;88;9,4;3;
2021/07/23;1600 UTC;0;942,1;943,1;942,1;2665,9;29,1;9,5;29,7;28,6;10;8,4;31;28;29;75;8,4;3,1;
2021/07/23;1700 UTC;0;941,1;942,1;941;2493,2;29,6;9,8;30;28,8;10,6;8,7;31;28;29;90;8,9;3,3;
2021/07/23;1800 UTC;0;940,6;941,1;940,6;1974,7;29,4;9,8;30;28,6;11,1;9,1;32;29;30;84;7,5;3,4;
2021/07/23;1900 UTC;0;940,4;940,6;940,3;509,8;29;9,6;29,8;28,8;10,8;9,4;32;29;30;98;6,9;3,4;
2021/07/23;2000 UTC;0;940,7;940,7;940,3;157,8;27;9,7;29;27;10,1;8,8;34;30;34;109;7;2,8;
2021/07/23;2100 UTC;0;940,8;940,9;940,6;16,6;24,2;9,5;27;24,1;10;9,1;39;34;39;92;5,1;1,1;
2021/07/23;2200 UTC;0;941,3;941,3;940,8;;23,8;9,5;24,3;23,7;9,6;9,3;41;39;40;101;2,4;1,1;
2021/07/23;2300 UTC;0;941,8;941,8;941,3;;21,7;8,7;23,8;21,7;9,7;8,7;43;40;43;138;2,5;,1;
2021/07/24;0000 UTC;0;942;942;941,8;;21;9,1;21,7;20,9;9,4;8,7;47;44;46;125;1,6;,4;
2021/07/24;0100 UTC;0;942,3;942,3;942;;21,4;9;22;20,7;9,6;8,7;47;44;45;103;2,8;1,6;
2021/07/24;0200 UTC;0;942,1;942,3;942,1;;19,3;8,7;21,4;19,2;9,2;8,4;50;45;50;144;2,8;,6;
2021/07/24;0300 UTC;0;942,3;942,3;942;;20;9,1;20,3;19,2;9,5;8,7;51;49;49;101;2,2;1,3;
2021/07/24;0400 UTC;0;942,1;942,3;942,1;;18,8;8,7;20;18,4;9,2;8,4;52;49;52;106;2,4;,5;
2021/07/24;0500 UTC;0;941,7;942,2;941,6;;18,1;8,3;18,8;17,9;8,8;8,2;53;52;53;94;1,8;0;
2021/07/24;0600 UTC;0;941,2;941,7;941,2;;17,1;8,2;18,1;16,6;8,3;7,4;56;53;56;178;1,4;0;
2021/07/24;0700 UTC;0;941,5;941,5;941,1;;17,2;8,4;17,2;16,4;8,5;7,7;57;56;56;105;1,8;,4;
2021/07/24;0800 UTC;0;941,7;941,7;941,3;;16,1;7,3;17,8;16,1;8,8;7,3;56;54;56;135;2,2;,1;
2021/07/24;0900 UTC;0;942,3;942,3;941,7;;17,3;8,1;17,4;16,1;8,3;7,3;56;55;55;102;3,5;2,2;
2021/07/24;1000 UTC;0;943,1;943,1;942,3;59,1;17,8;8,8;17,8;16,3;8,8;7,5;57;55;56;106;3,5;1,6;
2021/07/24;1100 UTC;0;943,7;943,8;943,1;824,2;20;9,4;20;17,8;9,5;8,8;56;50;51;112;3,4;2;
2021/07/24;1200 UTC;0;944,3;944,3;943,7;1584,8;22;9,8;22;19,8;9,9;9,1;51;45;46;92;5,8;2,7;
2021/07/24;1300 UTC;0;944,1;944,3;944;2196,1;24,5;9,9;24,7;21,9;10,7;9,3;46;40;40;90;6,5;3,3;
2021/07/24;1400 UTC;0;943,3;944,1;943,3;2632,4;27;10,5;27,1;24,5;11,2;9,9;42;35;36;70;6,8;2,8;
2021/07/24;1500 UTC;0;942,5;943,3;942,5;2844;27,6;10,6;29;26,8;11,7;9,5;37;33;35;21;7,1;2,3;
2021/07/24;1600 UTC;0;941,2;942,4;941,2;2783,2;28,2;11,7;29,2;27,2;12,1;9,4;36;32;36;162;5,2;1,9;
2021/07/24;1700 UTC;0;940,1;941,2;940,1;2500,4;29,5;11,3;30,4;27,8;13,6;10,2;38;32;32;81;5;2,2;
2021/07/24;1800 UTC;0;939,5;940,1;939,5;2017,3;29,1;11,1;29,8;28,5;11,9;9,1;33;29;33;15;4,8;1,6;
2021/07/24;1900 UTC;0;939,3;939,5;939,2;527,1;28,5;10,6;29,4;28,3;12,2;9,6;36;30;33;138;6;1;
2021/07/24;2000 UTC;0;939,3;939,4;939,2;141,3;27;10,1;28,6;27;10,5;9,4;35;31;35;87;3,8;1,6;
2021/07/24;2100 UTC;0;939,7;939,7;939,3;14,3;24,8;10;27;24,6;11,2;10;41;35;39;141;2,4;,7;
2021/07/24;2200 UTC;0;940,2;940,2;939,7;;22,4;9,7;24,8;22,4;9,9;8,9;44;39;44;263;1,8;0;
2021/07/24;2300 UTC;0;940,8;940,8;940,2;;21,4;9,4;22,4;21;10;9,1;47;44;46;220;0;0;
2021/07/25;0000 UTC;0;941,2;941,2;940,8;;20,1;9,3;21,5;19,9;9,5;8,7;50;45;50;258;1,2;,1;
2021/07/25;0100 UTC;0;941,7;941,7;941,2;;19,1;8,7;20,1;19,1;9,2;8,5;51;50;51;245;1,2;,2;
2021/07/25;0200 UTC;0;941,6;941,7;941,6;;18,5;8,6;19,2;18,2;8,8;8,2;53;51;52;174;1,2;0;
2021/07/25;0300 UTC;0;941,6;941,7;941,6;;19,9;8,1;20,1;18,3;9,1;8,1;53;46;47;103;3;1,4;
2021/07/25;0400 UTC;0;941,3;941,6;941,3;;18,4;7,5;19,8;18,1;8;7;49;47;49;125;3;,3;
2021/07/25;0500 UTC;0;941;941,3;941;;18,6;7,1;19,1;18,2;7,8;7,1;50;47;47;85;1,7;,5;
2021/07/25;0600 UTC;0;940,6;941;940,6;;17,5;6,8;18,7;16,9;7,2;6;50;47;50;112;2,1;,7;
2021/07/25;0700 UTC;0;940,4;940,6;940,2;;17;7,1;17,6;16,5;7,4;6,4;52;50;52;124;2,6;1,2;
2021/07/25;0800 UTC;0;940,6;940,6;940,3;;17,4;7,2;17,9;16,9;7,7;7;52;51;51;106;2,7;,7;
2021/07/25;0900 UTC;0;940,9;940,9;940,5;;16,1;7,1;17,4;16;7,4;6,5;55;51;55;136;2,6;0;
2021/07/25;1000 UTC;0;941,4;941,4;940,9;59;18,4;8,7;18,4;15,9;8,7;7;56;53;53;108;2;,5;
2021/07/25;1100 UTC;0;942,3;942,3;941,4;852;21,2;9;21,2;18,4;9,2;8,6;53;46;46;100;3,7;1,8;
2021/07/25;1200 UTC;0;942,7;942,8;942,2;1617,2;22,8;9,6;23,1;21,1;10,1;8,2;46;41;43;66;6,8;2,7;
2021/07/25;1300 UTC;0;942,5;942,7;942,5;2234,1;25,3;9,4;25,3;22,8;10,2;8,4;44;37;37;59;8,3;2,7;
2021/07/25;1400 UTC;0;942,3;942,6;942,3;2667,2;27,3;9,6;27,5;24,8;11,5;8,1;38;33;33;55;8,8;3,1;
2021/07/25;1500 UTC;0;941,3;942,3;941,3;2868;28,2;9,6;28,8;26,5;10,9;8,2;34;30;31;62;8,2;2,3;
2021/07/25;1600 UTC;0;940,3;941,3;940,3;2814,8;29,3;9,3;29,9;27,4;10,8;8,1;32;28;29;71;6,9;2,2;
2021/07/25;1700 UTC;0;939,5;940,3;939,5;2529,9;29;9,8;30,1;28,2;10,2;7,9;30;26;30;147;6;1,9;
2021/07/25;1800 UTC;0;938,7;939,5;938,7;2039,4;29;8,9;29,4;28,5;10,7;8;32;27;29;64;4,7;2;
2021/07/25;1900 UTC;0;938,4;938,7;938,4;551,7;28,8;8,4;29,4;28,6;9,5;7,6;30;26;28;108;4,7;,9;
2021/07/25;2000 UTC;0;938,7;938,7;938,4;133,4;26,9;7,7;28,8;26,9;8,2;7,2;30;27;30;93;4,3;1;
2021/07/25;2100 UTC;0;939,1;939,1;938,7;14,6;24,1;7,5;26,9;24;8,1;7,3;35;30;35;119;2,3;0;
2021/07/25;2200 UTC;0;939,7;939,7;939,1;;21,6;8,6;24,1;21,6;8,7;7,4;44;35;44;266;1,5;,1;
2021/07/25;2300 UTC;0;940,2;940,2;939,7;;20,3;8,8;21,6;19,8;8,8;8;48;44;48;283;1,5;,2;
2021/07/26;0000 UTC;0;940,6;940,6;940,1;;20,1;8;20,4;19,6;8,8;7,3;48;45;46;253;2;,3;
2021/07/26;0100 UTC;0;940,8;940,8;940,6;;18,9;7,8;20,1;18,7;7,9;7,1;49;45;49;269;1,4;,2;
2021/07/26;0200 UTC;0;940,8;940,9;940,7;;18,8;7,6;19,1;18,5;8,1;7,4;49;48;48;251;1,7;,3;
2021/07/26;0300 UTC;0;940,6;940,9;940,6;;18;7,4;18,8;17,4;7,6;6,8;50;48;50;256;1,6;,4;
2021/07/26;0400 UTC;0;940;940,6;940;;17,2;7;18,1;17,1;7,4;6,8;51;49;51;267;1,9;,1;
2021/07/26;0500 UTC;0;939,5;940;939,5;;17;7,6;17,4;17;8,1;6,8;55;51;54;262;1,8;0;
2021/07/26;0600 UTC;0;939,2;939,5;939,2;;16,9;7,2;17,4;16,7;7,6;6,9;54;52;53;234;1,6;0;
2021/07/26;0700 UTC;0;939,2;939,2;939,1;;16,6;7;17,2;16,6;7,6;6,9;53;52;53;208;1,3;0;
2021/07/26;0800 UTC;0;939,4;939,4;939,2;;16,1;7,2;16,6;16;7,4;6,5;56;53;56;194;,3;0;
2021/07/26;0900 UTC;0;940;940;939,4;;15,5;7,4;16,5;15,1;7,7;6,8;59;56;59;273;0;0;
2021/07/26;1000 UTC;0;940,8;940,8;940;59,1;15,8;8,9;15,8;14,4;8,9;7,1;64;59;63;236;1,8;,4;
2021/07/26;1100 UTC;0;941,7;941,7;940,8;838,3;21,6;11,3;21,6;15,8;11,6;9;64;50;52;159;1,8;,2;
2021/07/26;1200 UTC;0;942,1;942,1;941,7;1594,9;24,9;10,1;25;21,5;12,2;10,1;52;39;39;80;5;2,3;
2021/07/26;1300 UTC;0;941,7;942,2;941,7;2221,5;26,4;10,1;26,4;24,9;11,3;9,2;40;36;36;56;7,3;2,1;
2021/07/26;1400 UTC;0;941,4;941,7;941,4;2658,1;28,1;10,6;28,3;25,9;11,7;9,4;37;32;34;79;6,6;2,5;
2021/07/26;1500 UTC;0;940,3;941,4;940,3;2862,6;29,2;10,5;30,2;28;12,4;8,7;36;29;31;321;7,5;2;
2021/07/26;1600 UTC;0;939,4;940,3;939,4;2814,6;29,6;9,2;30,5;28,8;11,9;8,5;32;27;28;93;5;1,8;
2021/07/26;1700 UTC;0;938,5;939,4;938,5;2529,8;31;10,4;31,6;29,3;11,8;8,6;31;27;28;321;5,2;1,8;
2021/07/26;1800 UTC;0;937,6;938,5;937,6;2041,4;29,7;9,3;31;29,5;11,5;8,2;31;26;28;347;4,4;,9;
2021/07/26;1900 UTC;0;937,3;937,6;937,3;571,1;29,6;9,5;31;29,5;11,4;8,9;30;27;29;342;4,8;1,1;
2021/07/26;2000 UTC;0;937,4;937,4;937,2;128,5;27,8;9,6;30,2;27,8;10,4;8,4;32;28;32;338;3,5;1;
2021/07/26;2100 UTC;0;937,7;937,7;937,4;15;25,1;10,5;27,9;25,1;11,3;9,7;40;32;40;291;2,5;,4;
2021/07/26;2200 UTC;0;937,9;937,9;937,7;;23,4;8,7;25,1;23,4;10,4;8,7;41;39;39;274;2,3;,4;
2021/07/26;2300 UTC;0;938,4;938,4;937,9;;22,8;8;23,4;22,6;9;7,9;41;39;39;272;2,8;1,6;
2021/07/27;0000 UTC;0;938,9;938,9;938,4;;21,2;7,8;22,8;21,2;8;7,6;42;38;42;291;2,7;,5;
2021/07/27;0100 UTC;0;939,3;939,3;938,9;;21,3;8;21,7;21,2;8,4;7,8;43;42;43;281;1,8;,8;
2021/07/27;0200 UTC;0;939,5;939,6;939,3;;20,8;8,1;21,3;20,8;8,3;8;44;43;44;293;2;,3;
2021/07/27;0300 UTC;0;939,9;939,9;939,5;;20,5;8,4;20,8;20,3;8,7;8,1;46;44;46;270;2;,7;
2021/07/27;0400 UTC;0;939,7;940;939,7;;19,7;8,2;20,8;19,7;8,9;8,2;48;46;47;276;2,2;,2;
2021/07/27;0500 UTC;0;939,3;939,7;939,3;;20;8;20,3;19,7;8,6;8;47;46;46;270;2;,4;
2021/07/27;0600 UTC;0;938,6;939,3;938,5;;18,3;7,7;20;18;8,4;7;50;46;50;113;2,2;0;
2021/07/27;0700 UTC;0;938,8;938,9;938,6;;17,8;8,2;18,3;17,1;8,2;7,3;53;50;53;223;1,7;,2;
2021/07/27;0800 UTC;0;938,4;938,8;938,2;;18,2;8,9;18,2;17,4;8,9;7,9;55;53;55;265;1,7;0;
2021/07/27;0900 UTC;0;938,8;938,8;938,3;;17,3;8,3;18,3;17,3;9,1;8,2;56;54;55;219;1,5;0;
2021/07/27;1000 UTC;0;939,4;939,4;938,7;60,3;18,9;9,9;18,9;17;9,9;8,1;57;55;56;213;1,1;0;
2021/07/27;1100 UTC;0;940,2;940,2;939,4;836,9;24,5;12;24,5;18,9;12,5;10,1;56;46;46;15;1,2;0;
2021/07/27;1200 UTC;0;940,7;940,7;940,2;1588,7;27,6;12,4;27,6;24,5;12,4;10,5;46;38;39;17;2,8;,5;
2021/07/27;1300 UTC;0;940,5;940,7;940,5;2207,3;29;10,4;29,6;27,6;12,4;10,4;39;31;32;351;5,5;2,2;
2021/07/27;1400 UTC;0;939,9;940,6;939,9;2635,1;30,7;10,6;31,1;29;11,5;9,1;32;27;29;339;7,5;2,3;
2021/07/27;1500 UTC;0;939,3;939,9;939,3;2842,8;31,3;9,5;31,9;29,9;11,8;9,5;31;26;26;313;7,5;2,7;
2021/07/27;1600 UTC;0;938,5;939,3;938,5;2815;31,6;10,8;32,1;30,7;11,7;9,3;30;25;28;276;7,2;2,7;
2021/07/27;1700 UTC;0;937,7;938,5;937,6;2522,1;31,3;11,2;32,5;30,6;12,3;9,1;30;26;29;5;6,8;2,3;
2021/07/27;1800 UTC;0;936,9;937,7;936,9;1939,1;31,7;11,6;32,6;30,6;12,9;9,9;31;26;29;279;6,5;2,4;
2021/07/27;1900 UTC;0;936,7;937;936,7;621,2;31,5;11,2;32,3;31,2;12,4;10,2;30;27;29;288;5,9;1,6;
2021/07/27;2000 UTC;0;936,9;936,9;936,7;147,5;29,5;9,7;31,7;29,5;11,5;9,6;29;28;29;284;5,8;1,8;
2021/07/27;2100 UTC;0;937;937,1;936,9;15,8;26;12,2;29,5;26;12,5;9,3;42;29;42;307;4,4;,5;
2021/07/27;2200 UTC;0;937,2;937,2;937;;23,7;10,1;26;23,7;12,1;9,9;42;40;42;298;2,1;,4;
2021/07/27;2300 UTC;0;937,7;937,7;937,2;;24;11,1;24;23,4;11,1;10,2;44;42;44;287;2,8;,6;
2021/07/28;0000 UTC;0;938,2;938,2;937,7;;23,5;10,7;24;23,5;11,1;10,7;45;44;44;284;2,9;,9;
2021/07/28;0100 UTC;0;938,3;938,3;938,2;;23,1;10,4;23,6;23,1;10,8;10,4;45;44;45;275;2,5;1;
2021/07/28;0200 UTC;0;938,2;938,3;938,1;;22,3;10,3;23,2;22,2;10,4;10;47;44;47;276;2,3;1;
2021/07/28;0300 UTC;0;938,1;938,2;938;;21,6;10,1;22,4;21,6;10,5;9,8;48;46;48;300;3,1;,6;
2021/07/28;0400 UTC;0;938,6;938,7;938;;21,6;10,2;22,1;21,4;10,7;10;49;48;48;232;5,2;1,1;
2021/07/28;0500 UTC;0;938,6;938,7;938,5;;21,1;10;22,9;21,1;11,2;9,7;49;46;49;229;5,2;1,1;
2021/07/28;0600 UTC;0;938,6;938,8;938,5;;18,8;9,6;21,1;18,8;10,3;9,6;55;49;55;118;2,7;0;
2021/07/28;0700 UTC;0;938,7;938,8;938,5;;18,6;10,2;19,2;18,6;10,4;9,7;58;55;58;224;2;,1;
2021/07/28;0800 UTC;0;939,2;939,2;938,7;;17,1;9,9;18,6;17,1;10,4;9,7;63;58;63;125;2,1;0;
2021/07/28;0900 UTC;0;939,8;939,8;939,2;;16,5;11,2;17,1;16,5;11,2;9,9;71;63;71;95;2,5;,1;
2021/07/28;1000 UTC;0;940,4;940,4;939,7;60,5;16,3;10,9;16,5;16,1;11,3;10,7;72;70;70;134;2,5;,3;
2021/07/28;1100 UTC;0;941,2;941,2;940,4;354,6;17,4;11,9;17,4;16,3;11,9;10,8;70;70;70;165;4,4;,9;
2021/07/28;1200 UTC;0;942,1;942,1;941,2;537,1;18;12,1;18,1;17,5;12,2;11,7;70;68;69;182;6,3;1,1;
2021/07/28;1300 UTC;0;942,4;942,5;942,1;667,2;18,5;12,4;18,8;18;12,8;12,1;69;67;67;170;5,1;,5;
2021/07/28;1400 UTC;0;942,3;942,5;942,3;2084,7;21,1;13,9;21,3;18,1;14,3;12,2;68;62;64;214;5;1;
2021/07/28;1500 UTC;0;941,1;942,3;941,1;2703,8;23,8;15,3;23,8;21,1;15,3;13,2;64;57;59;308;4,8;,8;
2021/07/28;1600 UTC;0;940,2;941,1;940,2;2663,7;25,8;15,4;25,9;22,8;15,7;13,6;59;52;53;214;4,3;1,1;
2021/07/28;1700 UTC;0;939,2;940,2;939,2;2394,3;27,1;15,4;27,1;25,3;16,2;13,9;53;47;49;147;3,7;1,2;
2021/07/28;1800 UTC;0;938,7;939,2;938,7;1757,3;28,1;16,3;28,6;26,7;16,7;14,4;50;46;49;216;4,5;,8;
2021/07/28;1900 UTC;0;938,6;938,7;938,5;665,9;27,2;15;28,4;27;16,2;14,2;49;44;47;226;4,3;,4;
2021/07/28;2000 UTC;0;939,2;939,2;938,5;193,1;25,5;13,9;27,2;25,5;15,4;13,8;49;46;49;203;4,1;,7;
2021/07/28;2100 UTC;0;940,3;940,3;939,2;11,6;22,1;9,5;25,5;22,1;14;9,3;49;44;45;177;8;1,5;
2021/07/28;2200 UTC;0;941,7;941,7;940,3;;20,1;6,9;22,1;20,1;9,5;6,8;45;42;42;178;8,5;2,4;
2021/07/28;2300 UTC;0;943,2;943,2;941,7;;17,3;3,8;20,1;17,3;7,1;3,7;44;40;41;197;9,8;1,9;
2021/07/29;0000 UTC;0;944,4;944,4;943,2;;15,9;1,2;17,3;15,9;3,8;1;41;36;37;185;10;2;
2021/07/29;0100 UTC;0;944,9;944,9;944,4;;15;-,2;15,9;15;1,5;-,5;39;34;35;193;9,6;2,2;
2021/07/29;0200 UTC;0;945,2;945,2;944,9;;14,2;-1,6;15;14,2;0;-2,1;36;32;34;178;9,2;2,6;
2021/07/29;0300 UTC;0;945,2;945,3;945,1;;13;-1,7;14,3;13;-1,1;-2,1;37;33;36;179;9,9;1,3;
2021/07/29;0400 UTC;0;945,1;945,4;945;;12,4;-4,5;13;12,4;-1,4;-4,8;37;30;31;167;7;1,7;
2021/07/29;0500 UTC;0;944,8;945,2;944,8;;11,8;-4,4;12,4;11,8;-4,4;-5,2;32;30;32;159;7;1,9;
2021/07/29;0600 UTC;0;944,6;945;944,6;;10,3;-2,4;11,8;10,3;-2,4;-4,7;41;32;41;125;6,7;1,8;
2021/07/29;0700 UTC;0;944,7;944,8;944,4;;10,1;-1,3;10,4;10,1;-1;-2,4;46;41;45;144;5,7;2;
2021/07/29;0800 UTC;0;944,7;944,9;944,6;;9,6;-,8;10,1;9,5;-,8;-1,3;48;45;48;136;6,4;1,8;
2021/07/29;0900 UTC;0;945,1;945,1;944,6;;9,9;,2;9,9;9,5;,4;-,8;52;48;51;133;7,3;2,5;
2021/07/29;1000 UTC;0;945,6;945,6;944,9;70,6;10,1;,3;10,2;9,7;1,1;,1;54;51;51;140;8,3;2,4;
2021/07/29;1100 UTC;0;946,1;946,1;945,6;804,7;11,5;-,8;11,6;10;1,1;-,9;51;42;43;148;8,9;2,9;
2021/07/29;1200 UTC;0;946,4;946,4;946;1613,1;12,5;-1,2;12,6;11,5;,2;-2,3;44;37;39;142;10,4;3,6;
2021/07/29;1300 UTC;0;946,4;946,5;946,3;2194,8;14,2;-1,4;14,4;12,5;-,4;-2,3;40;33;34;159;9,5;2,8;
2021/07/29;1400 UTC;0;945,9;946,4;945,9;2641,5;15,6;-1,8;16,1;13,6;-,4;-2,1;35;30;30;147;9,2;3,2;
2021/07/29;1500 UTC;0;944,6;946;944,6;2852,8;17;-2;17,3;15,2;-,8;-2,5;31;27;27;144;8,6;3,2;
2021/07/29;1600 UTC;0;943,6;944,6;943,6;2819,8;18,6;-1,2;19,2;16,8;-,6;-2,5;28;25;26;168;8,2;2,2;
2021/07/29;1700 UTC;0;942,6;943,6;942,6;2547,8;20,1;-,6;20,1;18,4;-,6;-3;26;22;25;145;7,7;2,1;
2021/07/29;1800 UTC;0;942,2;942,6;942,1;2049,5;20,2;-1,9;20,5;19,2;-1;-3,6;25;20;23;162;8;2,4;
2021/07/29;1900 UTC;0;942;942,2;942;626,4;20;-2,7;20,8;19,6;-1,3;-3,7;23;20;21;141;6,7;2,1;
2021/07/29;2000 UTC;0;942,3;942,3;942;144,2;18,7;-3,4;20,1;18,7;-2,5;-3,9;22;21;22;146;6,7;1,3;
2021/07/29;2100 UTC;0;942,4;942,5;942,3;18,1;17;-3,3;18,7;17;-3,1;-3,6;25;22;25;140;4,8;,8;
2021/07/29;2200 UTC;0;942,8;942,8;942,4;;16;-3,5;17;16;-3,2;-3,6;26;25;26;134;3,9;1,4;
2021/07/29;2300 UTC;0;943,4;943,4;942,8;;15;-3,7;16;14,9;-3,4;-3,7;28;26;27;130;4,8;1,9;
2021/07/30;0000 UTC;0;943,8;943,8;943,4;;13,5;-3,6;15;13,5;-3,6;-3,7;30;27;30;130;5,5;1,8;
2021/07/30;0100 UTC;0;943,9;944;943,8;;13,5;-2,9;13,5;12,9;-2,8;-3,6;32;30;32;109;3,5;,5;
2021/07/30;0200 UTC;0;943,8;943,9;943,8;;11,7;-3,2;13,5;11,7;-2,8;-3,4;35;32;35;130;3;0;
2021/07/30;0300 UTC;0;943,7;943,8;943,7;;11,2;-2,4;11,7;11,2;-2,3;-3,1;38;35;38;134;4,8;2;
2021/07/30;0400 UTC;0;943,6;943,8;943,6;;10,7;-2,6;11,3;10,7;-2,4;-2,8;39;38;39;139;4,8;1;
2021/07/30;0500 UTC;0;943,6;943,7;943,6;;10,1;-2,3;10,7;10;-2,3;-2,7;42;39;42;132;4,5;1,3;
2021/07/30;0600 UTC;0;943,5;943,6;943,5;;10,1;-2,4;10,3;10;-2,1;-2,5;42;41;42;139;4,5;1;
2021/07/30;0700 UTC;0;943,5;943,6;943,4;;9,7;-2,2;10,1;9,7;-2,1;-2,4;43;42;43;129;5,6;1,6;
2021/07/30;0800 UTC;0;944;944;943,4;;9,8;-1,9;9,9;9,7;-1,8;-2,2;44;43;44;139;6,3;1,3;
2021/07/30;0900 UTC;0;944,3;944,4;943,9;;9,6;-2,1;9,9;9,6;-1,8;-2,1;44;44;44;128;6,3;1;
2021/07/30;1000 UTC;0;944,8;944,8;944,3;87,5;10,6;-1,6;10,7;9,6;-1,5;-2,1;44;42;43;134;4,7;1,9;
2021/07/30;1100 UTC;0;945,5;945,5;944,8;857,6;12,4;-1,5;12,5;10,6;-,6;-2;43;38;38;130;5,2;2;
2021/07/30;1200 UTC;0;945,7;945,8;945,5;1614,4;14;-1,2;14,3;12,1;-,3;-1,8;39;35;35;130;6,1;2,5;
2021/07/30;1300 UTC;0;945,6;945,8;945,6;2230,9;15,9;-1;16,8;14;,2;-1,4;36;31;32;133;6,4;2,6;
2021/07/30;1400 UTC;0;945;945,6;944,9;2670,7;19,2;0;19,4;15,9;,4;-1;32;27;27;127;6,4;2,2;
2021/07/30;1500 UTC;0;944;945;944;2880,7;20,7;,2;21,4;18,5;1,1;-1,2;28;24;26;139;5,8;2,2;
2021/07/30;1600 UTC;0;942,9;944;942,9;2844;22,9;2;22,9;20,7;2;-,8;26;22;25;134;5,8;2,1;
2021/07/30;1700 UTC;0;942;942,9;942;2563;24,3;1,8;24,6;22,4;2,8;-,5;26;20;23;143;5,5;1,5;
2021/07/30;1800 UTC;0;941,6;942,1;941,6;2058,3;25,2;2,3;25,4;23,9;2,9;-1,1;24;18;22;151;4,5;1,6;
2021/07/30;1900 UTC;0;941,5;941,6;941,5;653,1;24,3;,4;25,3;24;1,9;-1,1;23;19;21;150;5,2;1,5;
2021/07/30;2000 UTC;0;941,8;941,8;941,5;137,7;23;-,2;24,3;23;1,8;-1,2;23;19;22;134;5,2;1,4;
2021/07/30;2100 UTC;0;942,2;942,2;941,7;17,4;20,3;1,3;23;20,3;1,6;-,6;28;21;28;112;4,1;,3;
2021/07/30;2200 UTC;0;942,8;942,8;942,1;;18,7;-,6;20,3;18,7;1,2;-,7;29;27;27;190;2,2;,3;
2021/07/30;2300 UTC;0;943,5;943,5;942,8;;17,8;-2,1;18,7;17,8;-,5;-2,2;28;25;26;144;2,5;,3;
2021/07/31;0000 UTC;0;943,7;943,8;943,5;;17,4;-2,2;17,8;17;-1,5;-2,4;28;25;26;283;1,5;0;
2021/07/31;0100 UTC;0;943,9;943,9;943,7;;16,4;-3,5;17,4;16,4;-2,2;-3,8;26;24;25;57;1;0;
2021/07/31;0200 UTC;0;944,1;944,1;943,9;;15,2;-3;16,4;15,2;-3;-3,6;28;25;28;122;0;0;
2021/07/31;0300 UTC;0;943,8;944,1;943,8;;14,7;-2,9;15,3;14,7;-2,7;-3;30;28;29;108;,8;0;
2021/07/31;0400 UTC;0;943,4;943,9;943,4;;14,7;-3;15,1;14,6;-2,7;-3,1;30;29;29;243;1;0;
2021/07/31;0500 UTC;0;943,2;943,5;943,2;;14;-3,2;14,7;14;-3;-3,3;30;29;30;253;,8;0;
2021/07/31;0600 UTC;0;942,8;943,2;942,7;;13,2;-3,2;14;13,2;-3;-3,4;32;30;32;299;0;0;
2021/07/31;0700 UTC;0;942,9;942,9;942,7;;13;-2,8;13,5;13;-2,7;-3,2;33;32;33;264;0;0;
2021/07/31;0800 UTC;0;943,1;943,1;942,9;;12,3;-2,5;13;12,3;-2,4;-2,8;36;33;36;266;0;0;
2021/07/31;0900 UTC;0;943,3;943,3;943;;11,8;-1,5;12,4;11,8;-1,5;-2,4;40;36;40;260;1;,4;
2021/07/31;1000 UTC;0;944;944;943,3;78,9;13,4;1,1;13,4;11,5;1,1;-1,5;43;40;43;194;1;0;
2021/07/31;1100 UTC;0;944,9;944,9;944;853;16,9;-1,8;17,1;13,4;2,1;-1,8;44;28;28;126;3,3;1,5;
2021/07/31;1200 UTC;0;945,1;945,1;944,9;1606;20,5;,3;20,8;16,6;,9;-1,9;29;26;26;230;3,3;,5;
2021/07/31;1300 UTC;0;944,8;945,2;944,8;2220;23,3;,7;23,3;20,4;1;-,5;26;21;23;127;3,8;1,7;
2021/07/31;1400 UTC;0;944;944,8;944;2669,4;26;3,9;26,3;23,3;4,5;,7;25;21;24;41;4,4;1,6;
2021/07/31;1500 UTC;0;943;943,9;943;2889,1;28,2;4,2;28,3;25,9;4,6;2,7;25;21;22;96;5,2;2,2;
2021/07/31;1600 UTC;0;942;943;942;2851;29,2;7,1;29,5;27,6;7,1;3,8;25;21;25;73;5,3;2,2;
2021/07/31;1700 UTC;0;941,2;942;941,2;2568,7;31,2;12,4;31,7;29,1;13,3;7,7;35;25;32;308;4,8;1;
2021/07/31;1800 UTC;0;941;941,2;941;2045,5;31;11;32;30,3;13,3;9,3;34;27;29;102;4,4;,9;
2021/07/31;1900 UTC;0;941,1;941,1;940,9;667;30,2;10,5;31,2;30,1;12,1;9,1;31;27;30;115;3,7;,9;
2021/07/31;2000 UTC;0;941,5;941,5;941,1;146,7;28,4;9,1;30,4;28,4;11,2;7,9;31;26;30;123;4,3;1,2;
2021/07/31;2100 UTC;0;941,9;941,9;941,5;16,8;25,1;8,2;28,4;25,1;9,2;8,2;35;29;34;138;3,4;,2;
2021/07/31;2200 UTC;0;942,7;942,7;941,9;;23,5;8,1;25,3;23,4;8,4;7,6;37;33;37;250;1,6;,2;
2021/07/31;2300 UTC;0;943,3;943,3;942,7;;22,2;7,5;23,5;22,2;8,2;7,5;39;37;39;278;,9;0;
2021/08/01;0000 UTC;0;944,2;944,2;943,3;;21;8,3;22,1;20,8;8,3;7,5;44;39;44;340;1,3;0;
2021/08/01;0100 UTC;0;944,5;944,5;944,1;;20,7;6,1;22,6;20,7;8,9;6,1;44;38;39;288;3,3;,1;
2021/08/01;0200 UTC;0;944,5;944,6;944,5;;19,5;4,9;20,7;19,5;6,2;4,9;39;38;38;307;1,2;0;
2021/08/01;0300 UTC;0;944,7;944,8;944,5;;18,7;5;19,5;18,7;5,2;4,6;41;38;41;237;,4;0;
2021/08/01;0400 UTC;0;944,5;944,7;944,5;;17,8;4,1;18,8;17,7;5,1;4;41;40;40;320;,6;0;
2021/08/01;0500 UTC;0;944,2;944,5;944,2;;17,3;3,8;18,1;17,2;4,2;3,1;41;39;41;347;1,2;0;
2021/08/01;0600 UTC;0;943,9;944,2;943,8;;17,1;4;17,3;16,9;4;3,4;42;40;42;75;0;0;
2021/08/01;0700 UTC;0;944;944;943,8;;15,8;3,7;17,1;15,8;4,2;3,4;45;42;44;279;1,1;,2;
2021/08/01;0800 UTC;0;944,4;944,4;944;;15,5;4,4;15,8;15,2;4,5;3,6;48;44;48;263;2,1;,6;
2021/08/01;0900 UTC;0;945;945;944,4;;14,7;4,5;15,5;14,7;4,5;4,3;50;48;50;315;1,9;0;
2021/08/01;1000 UTC;0;945,7;945,7;945;98,6;16,8;7,1;16,8;14,6;7,1;4,5;55;50;53;292;0;0;
2021/08/01;1100 UTC;0;946,2;946,2;945,7;825,5;21,1;7,2;21,1;16,8;7,9;6,8;53;41;41;87;1,7;,1;
2021/08/01;1200 UTC;0;946,7;946,7;946,2;1562,2;23,1;10,1;23,3;21,1;10,5;7,1;45;40;44;111;3,9;1,6;
2021/08/01;1300 UTC;0;946,7;946,8;946,7;2198,5;25,1;11;25,7;23,1;12;9,9;45;41;41;83;5,2;1,9;
2021/08/01;1400 UTC;0;945,8;946,7;945,8;2635,3;27,8;12,5;27,8;25,1;12,5;10,9;43;37;39;92;5,4;2,4;
2021/08/01;1500 UTC;0;944,9;945,8;944,9;2845,3;29,8;14,9;29,8;27,3;14,9;11,9;41;37;40;69;5,4;1,8;
2021/08/01;1600 UTC;0;943,9;944,9;943,9;2790,7;31,1;14,6;31,1;29,1;15,9;12,4;41;33;37;159;4,6;1,2;
2021/08/01;1700 UTC;0;943,1;943,9;943,1;2520,2;31,2;13;31,7;29,9;14,8;10,5;38;30;33;105;4,6;2,3;
2021/08/01;1800 UTC;0;942,7;943,1;942,7;2004,1;31,6;13,5;31,8;30,3;14,2;10,8;36;29;33;134;5,8;1,2;
2021/08/01;1900 UTC;0;942,8;942,9;942,6;692,6;29,8;10,1;31,6;29,8;13,9;9,9;34;29;29;128;6,2;2,3;
2021/08/01;2000 UTC;0;943,3;943,3;942,8;160,6;28,3;10,5;29,8;28,3;11;9,8;33;29;33;143;5,8;1,2;
2021/08/01;2100 UTC;0;943,9;943,9;943,3;19,1;25,9;12;28,3;25,8;12;10,1;42;33;42;13;3,5;,1;
2021/08/01;2200 UTC;0;944,4;944,4;943,9;;24,3;10,5;25,9;24;11,9;10,2;42;40;42;329;,9;0;
2021/08/01;2300 UTC;0;944,9;944,9;944,4;;23,3;10,3;24,3;23,3;10,6;10,1;44;42;44;224;2,6;,1;
2021/08/02;0000 UTC;0;945,2;945,2;944,9;;21,5;9,8;23,3;21,5;10,3;9,8;47;44;47;304;2,1;0;
2021/08/02;0100 UTC;0;945,3;945,4;945,2;;20,9;10,4;21,9;20,5;10,4;9,5;51;47;51;233;2,1;0;
2021/08/02;0200 UTC;0;945,1;945,3;945,1;;20,2;9,6;21;20,1;10,4;9,4;51;49;51;30;4;0;
2021/08/02;0300 UTC;0;944,9;945,1;944,9;;19,1;9,4;20,5;19,1;9,9;9,2;53;51;53;123;1,1;0;
2021/08/02;0400 UTC;0;944,5;944,9;944,5;;18,8;9,3;19,1;18,4;9,4;8,9;54;53;54;279;,7;0;
2021/08/02;0500 UTC;0;944,3;944,5;944,3;;18,2;8,7;18,9;17,8;9,4;8,4;55;53;54;102;1,6;,2;
2021/08/02;0600 UTC;0;944,3;944,4;944,2;;17,3;8,2;18,3;17,2;8,8;8,1;55;53;55;314;1,6;0;
2021/08/02;0700 UTC;0;944,4;944,5;944,3;;16,5;7,7;17,5;16,5;8,5;7,7;56;54;56;247;,8;0;
2021/08/02;0800 UTC;0;944,6;944,6;944,4;;16,2;7,5;16,9;16,2;7,8;7,4;56;55;56;309;,2;0;
2021/08/02;0900 UTC;0;944,7;944,7;944,5;;16,4;8,1;16,5;15,7;8,2;7,3;58;56;58;262;1,3;,1;
2021/08/02;1000 UTC;0;945,2;945,2;944,7;103,8;18;9,6;18;16,4;9,6;8,1;59;58;58;226;1,3;0;
2021/08/02;1100 UTC;0;945,7;945,7;945,1;828,7;20;9,6;20,3;18;10,7;9,5;58;51;51;128;4;2,1;
2021/08/02;1200 UTC;0;945,9;946;945,7;1541,8;21,7;11;21,7;19,9;11;9,6;53;49;51;141;4;,9;
2021/08/02;1300 UTC;0;945,6;946;945,6;2167,3;24,1;11,6;24,2;21,7;11,9;10,4;51;45;46;98;5,3;2;
2021/08/02;1400 UTC;0;944,9;945,6;944,9;2620,2;25,5;11,1;26;24,1;12,9;11,1;46;40;40;119;5,3;2,1;
2021/08/02;1500 UTC;0;944,1;944,9;944,1;2828,1;28;12,7;28,3;25,5;13,2;11,1;41;37;39;147;5,1;1,1;
2021/08/02;1600 UTC;0;942,8;944,1;942,8;2801,9;28,6;11,6;29,6;27,3;13,4;11;39;33;35;107;5,3;2;
2021/08/02;1700 UTC;0;942;942,8;942;2521,3;29,5;11,7;30,1;28,5;13,2;9,9;37;30;33;105;7,3;2,4;
2021/08/02;1800 UTC;0;941,8;942;941,7;1992,5;29,3;11,2;29,8;28,7;11,8;9,8;34;30;33;128;6;2;
2021/08/02;1900 UTC;0;941,8;941,8;941,7;722,1;28,8;10,6;29,7;28,8;12,1;9,9;35;30;32;149;5,2;1,5;
2021/08/02;2000 UTC;0;942,1;942,1;941,7;167,9;27,6;10,7;28,8;27,6;11,4;9,9;36;31;35;129;5,1;1;
2021/08/02;2100 UTC;0;942,4;942,4;942,1;19,9;24,8;10,4;27,6;24,8;10,8;9,9;40;33;40;157;3,5;0;
2021/08/02;2200 UTC;0;942,8;942,8;942,4;;23,2;9,7;24,8;23,2;10,4;9,7;42;40;42;263;1,3;0;
2021/08/02;2300 UTC;0;943,3;943,3;942,8;;21,9;10,3;23,2;21,9;10,3;9,7;48;42;48;247;1,4;,4;
2021/08/03;0000 UTC;0;943,5;943,5;943,3;;20,8;10;21,9;20,3;10,4;9,7;51;47;50;297;1,4;0;
2021/08/03;0100 UTC;0;943,6;943,6;943,5;;20,5;9,7;21,2;20,2;10,2;9,4;51;49;50;195;1,2;,1;
2021/08/03;0200 UTC;0;943,7;943,7;943,5;;20,7;9,1;21,8;20,5;9,6;9;50;45;47;1;3,4;0;
2021/08/03;0300 UTC;0;943,4;943,7;943,4;;19,7;9;20,7;19,4;9,1;8,4;50;47;50;234;1,2;0;
2021/08/03;0400 UTC;0;943,1;943,4;943,1;;19,8;8,4;20,1;19,5;9;8,1;50;47;48;127;1,6;,1;
2021/08/03;0500 UTC;0;942,9;943,1;942,9;;18,9;7,4;20,3;18,8;8,5;7,4;48;45;47;101;3,4;,2;
2021/08/03;0600 UTC;0;942,4;942,9;942,4;;18,6;7,3;19,3;18,1;7,8;6,7;48;47;48;302;1,8;0;
2021/08/03;0700 UTC;0;942,6;942,6;942,4;;17;7;18,6;17;7,3;6,8;52;48;52;207;,7;0;
2021/08/03;0800 UTC;0;942,8;942,9;942,6;;16,1;7;17,1;16,1;7,2;6,9;55;52;55;216;0;0;
2021/08/03;0900 UTC;0;943,2;943,2;942,8;;16,2;7,1;17,1;16,1;7,8;7;55;54;55;201;1,1;0;
2021/08/03;1000 UTC;0;944;944;943,2;123,2;18,2;8,9;18,2;16;8,9;7;56;55;55;204;,5;0;
2021/08/03;1100 UTC;0;944,3;944,3;944;828,7;22;10,6;22;18,2;10,6;8,9;55;49;49;196;1,7;0;
2021/08/03;1200 UTC;0;944,6;944,7;944,3;1552,4;23,1;8,7;23,9;22;10,9;8,7;49;40;40;154;6,1;2,8;
2021/08/03;1300 UTC;0;944,3;944,7;944,3;2210,8;25,1;9,6;25,4;22,8;10,3;8,2;41;35;37;136;6,5;2,3;
2021/08/03;1400 UTC;0;943,8;944,4;943,8;2639,5;26,6;9,6;27,6;25,2;10,8;8,7;39;32;34;148;7,7;2,5;
2021/08/03;1500 UTC;0;943,1;943,8;943,1;2848,6;28,4;9,6;28,6;26,6;12,1;8,9;38;31;31;131;7,7;2;
2021/08/03;1600 UTC;0;942,1;943,1;942,1;2814;28,4;10,2;29,6;28,1;11,8;9;34;29;32;136;6,6;1,7;
2021/08/03;1700 UTC;0;941,2;942,1;941,2;2531,6;29,5;9,2;30,2;28,2;11,6;8,9;34;28;28;134;6;2,6;
2021/08/03;1800 UTC;0;940,8;941,2;940,7;1987,4;30,1;10,9;30,2;29,3;11,4;8,9;32;28;31;127;5,5;1,9;
2021/08/03;1900 UTC;0;940,7;940,8;940,6;773,3;29,4;10;30,7;29,3;11,7;8,6;31;27;30;177;5,5;,9;
2021/08/03;2000 UTC;0;941;941;940,7;186,2;27,7;8,8;29,5;27,7;10,5;7,7;31;27;31;130;6,3;,7;
2021/08/03;2100 UTC;0;941,3;941,3;941;25,5;25;8;27,7;25;9;8;34;30;34;211;3,2;0;
2021/08/03;2200 UTC;0;941,7;941,7;941,3;;23,8;7,4;25;23,8;8;7,3;35;34;35;358;1,2;0;
2021/08/03;2300 UTC;0;942,6;942,6;941,7;;21,9;7,9;23,8;21,9;7,9;7,2;40;35;40;322;1,2;0;
2021/08/04;0000 UTC;0;942,9;942,9;942,6;;20,7;7,7;22;20,7;8;7,6;43;40;43;264;,8;0;
2021/08/04;0100 UTC;0;943,1;943,2;942,9;;19,8;7,5;20,8;19,8;8,2;7,3;46;43;45;309;1,9;,1;
2021/08/04;0200 UTC;0;943,1;943,3;943,1;;19,2;6,8;19,8;19,2;7,9;6,7;46;44;45;309;1,2;0;
2021/08/04;0300 UTC;0;943,1;943,3;943,1;;18,7;7;19,2;18,5;7,3;6,8;47;45;46;198;1,9;0;
2021/08/04;0400 UTC;0;942,8;943,1;942,7;;17,7;6,1;19;17,7;7,1;6,1;46;45;46;251;1,9;0;
2021/08/04;0500 UTC;0;942,4;942,8;942,4;;17,7;6,6;17,8;17,2;6,6;6;48;46;48;212;2,4;,2;
2021/08/04;0600 UTC;0;942,3;942,4;942,3;;17,1;6,5;17,8;17;6,6;6,2;50;48;50;214;3,3;,5;
2021/08/04;0700 UTC;0;942,4;942,5;942,3;;15,8;5,8;17,1;15,8;6,4;5,8;51;50;51;212;3,3;0;
2021/08/04;0800 UTC;0;942,8;942,8;942,4;;15,2;5,6;16,1;15,1;6,1;5,6;53;51;53;218;1,9;0;
2021/08/04;0900 UTC;0;943,5;943,5;942,8;;14,3;5,3;15,3;14,2;5,8;5,3;55;53;55;13;0;0;
2021/08/04;1000 UTC;0;944,3;944,3;943,5;143,9;15,8;7,4;15,8;14,1;7,4;5,3;58;55;58;42;,6;0;
2021/08/04;1100 UTC;0;944,9;944,9;944,2;829,5;19;7,6;19,1;15,8;8,1;7,4;58;48;48;190;1,7;,1;
2021/08/04;1200 UTC;0;945,5;945,5;944,9;1541,6;21,3;7,8;21,5;18,9;8,5;6,7;48;42;42;149;4,8;1,3;
2021/08/04;1300 UTC;0;945,4;945,6;945,4;2295;23,7;8,5;24,1;21,2;9,4;7,2;42;36;38;146;4,9;1,6;
2021/08/04;1400 UTC;0;944,8;945,4;944,8;2719,7;24,9;7,3;25,7;23,4;8,5;7;38;32;32;135;5,8;2,2;
2021/08/04;1500 UTC;0;943,7;944,8;943,7;2783,5;26,7;7;27,6;24,8;8,5;6,7;34;28;29;96;6;2,3;
2021/08/04;1600 UTC;0;942,6;943,7;942,6;2727,1;27,2;7,6;28,6;26,4;9,3;6,9;31;27;29;100;6;1,4;
2021/08/04;1700 UTC;0;941,7;942,6;941,7;2499,9;28,9;8,9;29;26,9;9,3;7;31;27;29;198;4,8;,9;
2021/08/04;1800 UTC;0;941,4;941,7;941,4;1736,1;28,3;7,7;29,9;27,9;9,3;6,2;29;24;27;114;3,8;1,4;
2021/08/04;1900 UTC;0;941,4;941,4;941,3;834,1;28,1;6,5;29,1;27,8;8,7;6,5;28;25;26;137;3,3;1,1;
2021/08/04;2000 UTC;0;941,8;941,8;941,4;307,8;26,4;6,4;28,1;26,4;7,2;5,9;28;25;28;141;3,1;,5;
2021/08/04;2100 UTC;0;942,1;942,1;941,8;29,4;23,8;5,4;26,4;23,8;6,9;5,4;30;28;30;142;2,3;,2;
2021/08/04;2200 UTC;0;942,6;942,6;942,1;;21,6;5,7;23,8;21,6;5,7;5,1;36;30;36;356;1,4;0;
2021/08/04;2300 UTC;0;943,1;943,1;942,6;;20,6;5;21,6;20,5;6,1;5;37;35;36;294;0;0;
2021/08/05;0000 UTC;0;943,9;943,9;943,1;;20,3;4,3;22,2;20;5;3,4;37;31;35;22;5,3;,1;
2021/08/05;0100 UTC;0;944,5;944,5;943,9;;19,5;4,9;20,3;19,2;5,2;4,2;40;35;38;235;1,8;,3;
2021/08/05;0200 UTC;0;944,5;944,6;944,4;;18,1;4,3;19,5;18,1;5,1;4,2;41;37;40;272;2,5;0;
2021/08/05;0300 UTC;0;944,6;944,6;944,4;;16,8;3,6;18,3;16,8;4,9;3,6;44;40;42;103;2,1;1,2;
2021/08/05;0400 UTC;0;943,9;944,6;943,9;;16,5;4,5;17,3;16,5;4,7;3,6;45;42;45;112;3,3;0;
2021/08/05;0500 UTC;0;943,4;943,9;943,3;;16,7;5;16,8;16,1;5,1;4,2;46;45;46;21;1,3;0;
2021/08/05;0600 UTC;0;943;943,4;943;;15,8;4,9;16,7;15,8;5,2;4,7;48;46;48;241;,6;0;
2021/08/05;0700 UTC;0;942,8;943;942,8;;14,9;5,2;16;14,8;5,2;4,9;52;48;52;265;,8;0;
2021/08/05;0800 UTC;0;943;943,1;942,8;;14,6;5,6;15;14,3;5,6;5,2;55;52;55;131;,6;0;
2021/08/05;0900 UTC;0;943,8;943,8;943;;14,9;5,8;15;14,4;5,9;5,5;55;54;54;303;,6;0;
2021/08/05;1000 UTC;0;944,3;944,3;943,8;80,3;15,4;6,5;15,4;14,8;6,5;5,7;55;54;55;291;,6;0;
2021/08/05;1100 UTC;0;944,9;944,9;944,3;873,8;20,3;8,2;20,3;15,4;8,7;6,5;55;45;46;34;1,5;,2;
2021/08/05;1200 UTC;0;945,5;945,5;944,9;1469,1;21,7;7,9;23,4;20,2;9,1;7,5;46;39;41;94;6,6;2,8;
2021/08/05;1300 UTC;0;945,4;945,6;945,4;1758,9;24,4;8,7;24,6;21,6;9,3;7,6;41;37;37;87;7;2,9;
2021/08/05;1400 UTC;0;944,4;945,4;944,4;2413,4;26,9;8,5;27,3;24,3;9,8;8,3;37;31;31;94;8,6;4,2;
2021/08/05;1500 UTC;0;943,4;944,4;943,4;2938,8;29,3;8,6;29,3;26,9;9,7;7,9;32;27;27;87;9,9;4;
2021/08/05;1600 UTC;0;942,2;943,4;942,2;2807,2;29,7;7,9;30,3;28,8;9,5;7,4;29;25;26;48;9,8;2,5;
2021/08/05;1700 UTC;0;941,3;942,2;941,3;2550,2;30,4;8;30,6;29;9,3;7,1;28;24;25;105;7,6;1,5;
2021/08/05;1800 UTC;0;941;941,3;940,9;2109,5;29,8;9,1;30,6;29,5;9,6;7,2;28;24;27;60;5,9;2,3;
2021/08/05;1900 UTC;0;941,3;941,4;941;888,7;29,5;8,3;30,5;28,8;9,5;6,9;28;25;27;84;5,9;1,8;
2021/08/05;2000 UTC;0;941,8;941,8;941,3;249,1;28,3;7,4;29,7;28,3;8,7;6,9;27;25;27;104;5,5;2,1;
2021/08/05;2100 UTC;0;942,3;942,3;941,8;26;25,1;6,2;28,3;25,1;7,5;6;30;26;30;93;5;1,7;
2021/08/05;2200 UTC;0;942,9;942,9;942,3;;23;6,4;25,5;23;6,7;5,9;34;29;34;129;4,7;,3;
2021/08/05;2300 UTC;0;943,9;943,9;942,9;;23;7,4;23,1;22,1;7,7;6,4;38;34;37;121;2,8;,4;
2021/08/06;0000 UTC;0;944,3;944,3;943,9;;22,2;6,5;23;21,8;7,4;6,5;38;36;36;98;4;1,8;
2021/08/06;0100 UTC;0;944,7;944,7;944,2;;22,2;6,9;22,9;21,2;7,3;6,3;40;36;37;102;6,1;2,3;
2021/08/06;0200 UTC;0;944,9;944,9;944,6;;21,2;6,8;22,3;21,2;7,3;6,6;39;37;39;97;4,2;1,3;
2021/08/06;0300 UTC;0;944,6;944,9;944,6;;20,2;7;21,3;20,2;7,4;6,8;43;39;42;91;4,1;,4;
2021/08/06;0400 UTC;0;943,9;944,6;943,9;;20;7,2;20,2;19,6;7,5;6,6;45;42;44;90;5,1;2,2;
2021/08/06;0500 UTC;0;943,2;943,9;943,2;;19,7;7;20;19,4;7,1;6,6;44;42;44;94;5,1;1,7;
2021/08/06;0600 UTC;0;942,9;943,2;942,9;;19,5;6,7;19,9;19,2;7,3;6,7;46;43;43;106;5,2;1,3;
2021/08/06;0700 UTC;0;943,2;943,2;942,9;;18,8;6,6;19,5;18,8;7;6,5;45;43;45;105;3,5;2;
2021/08/06;0800 UTC;0;943,3;943,3;943,1;;18,7;6,8;18,9;18,6;7;6,6;46;45;46;107;3,2;1,3;
2021/08/06;0900 UTC;0;943,9;943,9;943,3;;17,8;7;18,7;17,8;7;6,7;49;46;49;130;2,4;,4;
2021/08/06;1000 UTC;0;944,8;944,8;943,9;68,6;18,9;8,5;18,9;17,6;8,5;7;51;49;51;104;2,2;1,1;
2021/08/06;1100 UTC;0;945,6;945,6;944,8;352,3;19,4;9;19,4;18,9;9;8,5;51;51;51;135;3,1;1;
2021/08/06;1200 UTC;0;946,3;946,3;945,6;728,9;21;10,5;21;19,3;10,5;9;52;51;51;87;6,2;3,5;
2021/08/06;1300 UTC;0;946,2;946,4;946,2;1406,5;22,6;10,8;22,6;21;11;10,1;51;47;47;99;7,3;3,3;
2021/08/06;1400 UTC;0;945,6;946,2;945,5;1620,3;23,9;10,7;24,5;22,3;11,5;10,4;47;43;43;94;6,5;3,3;
2021/08/06;1500 UTC;0;944,7;945,6;944,7;2043,9;26,2;10,4;26,3;23,9;11,5;10,4;44;37;37;102;6,1;2,8;
2021/08/06;1600 UTC;0;943,5;944,7;943,5;2294,7;26,7;9,8;27,2;25,2;11,2;9,3;40;33;35;89;6,6;2,2;
2021/08/06;1700 UTC;0;942,5;943,6;942,4;2069,9;27,4;8,6;28;26,6;10;8,6;35;31;31;95;6,6;2,6;
2021/08/06;1800 UTC;0;941,9;942,5;941,9;1736,1;27,6;8;28,6;27,4;9,3;7,9;31;29;29;106;6,8;2,5;
2021/08/06;1900 UTC;0;941,7;941,9;941,6;863,2;27,4;8,6;28,1;27;9,2;7,5;32;29;31;106;6;2,4;
2021/08/06;2000 UTC;0;941,9;941,9;941,7;301,6;25,8;8,2;27,5;25,8;9,2;8;33;31;33;107;5,6;2,6;
2021/08/06;2100 UTC;0;942,3;942,3;941,9;34,7;23,8;8,3;25,8;23,8;8,8;8,1;38;33;37;117;4,8;1,3;
2021/08/06;2200 UTC;0;942,9;942,9;942,3;;21,5;8,4;23,8;21,5;8,5;7,8;43;37;43;190;3,4;0;
2021/08/06;2300 UTC;0;943,4;943,4;942,9;;21,2;8,8;21,9;21,1;8,8;8,3;45;42;45;242;,5;0;
2021/08/07;0000 UTC;0;943,7;943,7;943,4;;20,3;8,3;21,2;20,3;8,8;7,9;46;44;46;245;0;0;
2021/08/07;0100 UTC;0;943,8;944;943,6;;19,6;8,4;20,3;19,6;8,8;7,9;49;46;48;312;0;0;
2021/08/07;0200 UTC;0;943,7;943,9;943,7;;19,2;8,7;19,8;19,2;8,8;8,2;51;48;51;276;,4;0;
2021/08/07;0300 UTC;0;943;943,7;943;;18,8;8,5;19,3;18,8;8,8;8,4;51;50;51;245;,5;0;
2021/08/07;0400 UTC;0;942,3;943;942,3;;18,3;8,6;19;18,2;9,1;8,3;53;51;53;283;0;0;
2021/08/07;0500 UTC;0;941,9;942,3;941,9;;17,7;8,5;18,4;17,7;8,9;8,5;55;53;55;271;,4;0;
2021/08/07;0600 UTC;0;941,4;941,9;941,4;;17,9;8,8;18,1;17,6;9,3;8,5;57;55;55;203;0;0;
2021/08/07;0700 UTC;0;941,6;941,6;941,4;;17,3;8,6;17,9;17,3;8,8;8,5;57;55;57;157;,4;0;
2021/08/07;0800 UTC;0;942;942;941,6;;17,3;9,2;17,4;16,9;9,2;8,5;59;56;59;132;,4;0;
2021/08/07;0900 UTC;0;942,5;942,5;941,9;;15,9;8,5;17,3;15,9;9,2;8,5;61;59;61;25;1,5;0;
2021/08/07;1000 UTC;0;943;943;942,5;124,7;17,1;10,1;17,1;15,5;10,1;8,3;63;61;63;236;0;0;
2021/08/07;1100 UTC;0;943,5;943,5;943;453,5;19,6;11;19,8;17,1;11,5;10,1;63;57;57;99;4,4;2;
2021/08/07;1200 UTC;0;944,1;944,1;943,5;946;21,3;11,4;21,4;19,6;11,8;10,9;58;53;53;96;5;2,7;
2021/08/07;1300 UTC;0;944,1;944,4;944,1;1715,1;23,4;12,1;23,7;21,1;12,5;11,1;54;49;49;94;6,9;2,6;
2021/08/07;1400 UTC;0;943,7;944,3;943,7;1657,7;24,9;12,3;25,1;22,9;12,9;11,5;50;46;46;89;6,9;2;
2021/08/07;1500 UTC;0;942,7;943,7;942,7;2224,7;26,2;12;26,9;24,4;12,9;11,4;46;40;41;94;5,6;2,4;
2021/08/07;1600 UTC;0;941,5;942,7;941,5;2665,2;28,2;11;29;26;14,4;10,5;41;34;35;82;5,7;1,9;
2021/08/07;1700 UTC;0;940,4;941,5;940,4;2211,3;27,8;10,7;29,7;27,6;12,6;10,3;36;32;34;108;5,7;1,5;
2021/08/07;1800 UTC;0;940,1;940,4;939,9;715;27,5;11,3;28,3;27,3;11,4;9,6;37;32;37;44;4,6;,7;
2021/08/07;1900 UTC;0;939,8;940,1;939,8;673,3;28,2;11,1;29,1;27,1;13,7;11;40;34;35;46;3,7;1,1;
2021/08/07;2000 UTC;0;940,2;940,2;939,8;250;26,9;10,8;28,4;26,9;11,6;9,6;37;33;37;93;3,7;,4;
2021/08/07;2100 UTC;0;940,5;940,5;940,1;25,3;24,5;11,4;26,9;24,5;12,3;11,1;45;37;44;148;2,8;0;
2021/08/07;2200 UTC;0;940,7;940,7;940,4;;24,1;10,1;24,6;24;11,4;10;44;41;41;159;1,8;,4;
2021/08/07;2300 UTC;0;941,3;941,3;940,7;;23,2;10,2;24,2;22,9;10,3;9,5;44;41;44;120;1,9;,4;
2021/08/08;0000 UTC;0;942,1;942,1;941,3;;22;9,8;23,2;22;10,3;9,6;46;44;46;1;3,3;,1;
2021/08/08;0100 UTC;0;942,4;942,4;942,1;;22;10;22,3;21,5;10,2;9,4;47;46;46;95;2,6;,9;
2021/08/08;0200 UTC;0;942,5;942,6;942,4;;21,2;9,7;22;21,2;10,1;9,5;48;46;48;100;3,3;1,6;
2021/08/08;0300 UTC;0;942;942,5;942;;20,9;9,8;21,2;20,2;9,8;9,3;50;48;49;88;3,9;1,5;
2021/08/08;0400 UTC;0;941,7;942;941,7;;20,1;9,4;21,5;20,1;10,1;9,4;50;46;50;94;6,7;1,5;
2021/08/08;0500 UTC;0;941,2;941,7;941,2;;19,2;9,7;20,1;18,8;9,8;9,2;54;50;54;115;3,5;,2;
2021/08/08;0600 UTC;0;941;941,2;940,9;;18,9;9,5;19,5;18,4;9,9;9,1;55;52;54;108;3;,8;
2021/08/08;0700 UTC;0;941,1;941,1;941;;18;8,6;19;18;9,6;8,6;55;54;54;86;2,9;,8;
2021/08/08;0800 UTC;0;941,5;941,5;941,1;;17,9;8,9;18,4;17,8;9,3;8,5;56;54;56;94;4,3;1,6;
2021/08/08;0900 UTC;0;941,9;941,9;941,5;;17,6;9,1;17,9;17,5;9,5;8,8;58;55;57;99;3,6;1,4;
2021/08/08;1000 UTC;0;942,7;942,7;941,9;151,8;18,7;10,2;18,7;17,3;10,2;9,1;59;57;58;91;5;2,5;
2021/08/08;1100 UTC;0;943,1;943,1;942,7;926,1;20,7;10,5;20,9;18,7;11;10;58;52;52;89;6,4;3;
2021/08/08;1200 UTC;0;943,4;943,4;943,1;1688,6;23;11,3;23;20,7;11,4;10,1;53;47;48;91;5,5;2,1;
2021/08/08;1300 UTC;0;943,3;943,4;943,3;2301,2;25;11,1;25,2;22,7;12,1;10,7;48;42;42;73;6,2;2;
2021/08/08;1400 UTC;0;942,5;943,3;942,5;2726,8;27,4;10,9;27,4;25;12,1;9,9;43;35;36;77;5,9;2,1;
2021/08/08;1500 UTC;0;941,6;942,5;941,6;2945,9;28,3;10,8;29;27,2;11,3;8,7;36;30;34;287;5,7;2,3;
2021/08/08;1600 UTC;0;940,7;941,7;940,7;2908,7;28,9;10,6;29,5;28,1;12,5;8,7;36;28;32;116;5,9;1,6;
2021/08/08;1700 UTC;0;939,9;940,7;939,9;2632,3;30;11,1;30,2;28,3;11,6;7,8;33;27;31;143;6,3;1,8;
2021/08/08;1800 UTC;0;939,4;939,9;939,4;2140,7;29,4;9,3;30,5;28,9;11,8;7,8;32;26;29;122;5,9;2,4;
2021/08/08;1900 UTC;0;939,4;939,4;939,3;1046,9;29;9,8;30,3;28,7;10,7;8,1;32;26;30;127;5,6;1,5;
2021/08/08;2000 UTC;0;939,8;939,8;939,4;250,8;27,3;8,5;29;27,3;10,1;8,2;33;28;31;136;4,5;1,4;
2021/08/08;2100 UTC;0;939,9;939,9;939,8;20,8;24,7;8,8;27,3;24,7;9,2;8,2;37;30;36;138;4,1;,6;
2021/08/08;2200 UTC;0;940,4;940,4;939,9;;22,9;8;24,7;22,8;9;8;39;36;38;151;1,9;,1;
2021/08/08;2300 UTC;0;940,8;940,8;940,4;;21,7;8;23,1;21,7;8,2;7,6;41;38;41;273;1;0;
2021/08/09;0000 UTC;0;941,3;941,3;940,8;;20,2;7,9;22,1;20,1;8,7;7,2;45;41;45;258;1,8;,3;
2021/08/09;0100 UTC;0;941,5;941,5;941,3;;19,5;7,9;20,2;19,5;8,2;7,5;47;45;47;258;1,4;0;
2021/08/09;0200 UTC;0;941,8;941,8;941,5;;18,9;7,4;19,5;18,7;7,9;7,2;48;46;47;256;1;0;
2021/08/09;0300 UTC;0;941,9;942;941,8;;18,5;7,2;19,2;18,5;7,6;7,1;48;46;48;223;,7;0;
2021/08/09;0400 UTC;0;941,5;941,9;941,5;;17,6;7,2;18,5;17,6;7,9;6,5;52;47;51;266;1,9;0;
2021/08/09;0500 UTC;0;941,2;941,5;941,2;;17,7;7,3;18;16,8;7,8;6,9;53;50;51;234;0;0;
2021/08/09;0600 UTC;0;941,4;941,4;941,2;;16,9;6,9;18,1;16,9;7,5;6,8;52;50;52;258;0;0;
2021/08/09;0700 UTC;0;941,4;941,4;941,3;;17,3;7,7;17,3;16,8;7,7;6,8;53;52;53;259;0;0;
2021/08/09;0800 UTC;0;941,5;941,5;941,4;;17;6,9;17,3;16,7;7,7;6,7;54;51;51;228;0;0;
2021/08/09;0900 UTC;0;942;942;941,5;;17;7,4;17,5;16,7;7,6;6,8;53;51;53;99;0;0;
2021/08/09;1000 UTC;0;942,7;942,7;942;169,4;18,8;9,9;19;16,5;9,9;7,3;56;53;56;183;0;0;
2021/08/09;1100 UTC;0;943,4;943,4;942,7;915,7;22,6;10,2;22,7;18,8;11,9;9,5;57;44;45;92;3,2;1,8;
2021/08/09;1200 UTC;0;943,9;943,9;943,4;1694,4;24,3;8,7;24,9;22,6;10,2;8,6;45;37;37;93;6,9;3,5;
2021/08/09;1300 UTC;0;943,9;944;943,9;2260,8;26,3;10;26,3;24,3;10;8,6;39;35;36;96;6,3;2,2;
2021/08/09;1400 UTC;0;943,4;943,9;943,4;2714,2;28,5;11;28,6;25,9;11;9,3;37;32;34;63;5,1;2;
2021/08/09;1500 UTC;0;942,5;943,4;942,5;2829,7;30,2;9,4;30,3;28;11,4;9,2;34;28;28;77;4,7;1,9;
2021/08/09;1600 UTC;0;941,8;942,5;941,8;2906,8;30,5;9,2;31,1;28,8;11,3;8;30;26;27;74;5,1;2;
2021/08/09;1700 UTC;0;940,9;941,8;940,9;2150,7;31;11,6;32;29,4;11,7;8,6;31;26;30;214;5;,9;
2021/08/09;1800 UTC;0;940,4;940,9;940,4;1172,7;30,3;10,2;30,9;29,1;11,8;9,3;32;27;29;85;3,3;,6;
2021/08/09;1900 UTC;0;940,3;940,4;940,3;1056,6;29,4;9,7;31;29,2;11,7;7,8;31;26;29;126;4,9;1,8;
2021/08/09;2000 UTC;0;940,4;940,4;940,3;273,9;28;9,2;29,5;28;9,9;8,6;32;27;31;128;4,5;1,5;
2021/08/09;2100 UTC;0;940,5;940,5;940,4;24,6;25,2;8,4;28;25,2;9,6;8,4;35;30;35;138;3,2;0;
2021/08/09;2200 UTC;0;940,9;940,9;940,5;;23,3;8,6;25,2;23,3;8,6;8;39;34;39;267;0;0;
2021/08/09;2300 UTC;0;941,1;941,1;940,8;;21,8;8,9;23,3;21,7;9;8,4;43;39;43;263;1,7;,2;
2021/08/10;0000 UTC;0;941,4;941,4;941,1;;20,7;8,8;21,9;20,3;9;8;47;43;47;270;1,7;,3;
2021/08/10;0100 UTC;0;941,6;941,6;941,4;;20,2;7,8;21;20,2;9,1;7,7;47;44;45;274;1,7;,1;
2021/08/10;0200 UTC;0;941,6;941,6;941,5;;19,6;7,5;20,4;19,6;8,2;7,4;46;45;45;278;1,6;0;
2021/08/10;0300 UTC;0;941,6;941,7;941,6;;17,7;6,9;20;17,3;7,9;5,5;49;44;49;319;1,8;0;
2021/08/10;0400 UTC;0;940,9;941,6;940,9;;18,4;7,5;18,8;17,7;7,5;7;49;47;49;268;1,8;,2;
2021/08/10;0500 UTC;0;940,4;940,9;940,4;;18,7;7,5;18,9;18,3;7,9;7;49;48;48;254;2,2;,1;
2021/08/10;0600 UTC;0;940,4;940,7;940,4;;19,7;7,7;19,7;17,8;8,1;6,4;49;46;46;228;4,1;0;
2021/08/10;0700 UTC;0;940,3;940,4;940,2;;18,4;7;19,7;18,4;7,9;7;48;45;47;255;1,1;,2;
2021/08/10;0800 UTC;0;940,7;940,7;940,3;;18,3;7,1;18,8;18,3;7,7;7;49;47;48;207;1,2;0;
2021/08/10;0900 UTC;0;941;941;940,7;;17,5;8,1;18,3;17,4;8,5;7;54;48;54;219;0;0;
2021/08/10;1000 UTC;0;941,5;941,5;940,9;168,2;18,8;8,9;18,8;17,3;9;7,7;55;52;53;258;1,5;0;
2021/08/10;1100 UTC;0;942;942;941,5;836,8;23,9;11,7;24;18,8;11,8;8,9;53;45;47;76;2;,2;
2021/08/10;1200 UTC;0;942,4;942,4;942;1667,7;26,8;10,6;27,3;23,9;12,6;10,4;47;35;36;94;4;1,9;
2021/08/10;1300 UTC;0;942,2;942,4;942,2;2287,2;29,5;10,6;30,4;26,8;13,1;10,1;37;31;31;353;5,6;2,2;
2021/08/10;1400 UTC;0;941,9;942,2;941,9;2737,2;29,5;9,4;30,8;29,2;11,7;8,2;33;25;29;97;6,3;2,3;
2021/08/10;1500 UTC;0;941,1;941,9;941,1;2844,2;30,9;9,6;31,1;29,5;10,9;8,2;30;25;27;121;6,3;2,1;
2021/08/10;1600 UTC;0;940,4;941,1;940,4;3185,2;32,2;11,5;32,5;30;12,1;7,6;29;23;28;98;5,7;1,7;
2021/08/10;1700 UTC;0;939,5;940,4;939,5;1660,4;30,2;10,7;33,1;30;12,7;8,8;31;26;30;211;3,9;,6;
2021/08/10;1800 UTC;0;939,2;939,5;939,2;727,5;30,5;10,6;30,5;29,6;11;8,8;31;27;29;357;3;,3;
2021/08/10;1900 UTC;0;939,2;939,2;939,1;1038,7;30,9;11,6;31,7;30,5;12;10;32;27;31;18;2,9;1,1;
2021/08/10;2000 UTC;0;939,1;939,2;939,1;273,4;28,4;9,8;30,9;28,4;12,1;9,8;34;28;31;113;2,2;1,1;
2021/08/10;2100 UTC;0;939,2;939,2;939,1;20,7;26;10,2;28,4;25,9;10,2;9,2;37;31;37;267;2,2;0;
2021/08/10;2200 UTC;0;939,5;939,5;939,2;;23,7;9,1;26;23,7;10,2;9,1;40;37;40;253;2,1;,1;
2021/08/10;2300 UTC;0;940;940;939,5;;22,1;8,7;23,7;22,1;9,5;8,7;43;40;42;277;1,7;0;
2021/08/11;0000 UTC;0;940,3;940,3;940;;22,2;8,9;22,3;21,3;9,4;8,5;45;42;43;273;2,4;,6;
2021/08/11;0100 UTC;0;940,5;940,5;940,3;;21,5;7,6;22,2;21,5;8,8;7,5;43;40;41;258;2,5;,5;
2021/08/11;0200 UTC;0;940,7;940,7;940,5;;20,9;7,3;21,5;20,9;8;7,3;42;41;41;272;2;,3;
2021/08/11;0300 UTC;0;940,2;940,7;940,2;;21;7,2;21,1;19,9;7,7;6,6;43;41;41;230;2,8;,2;
2021/08/11;0400 UTC;0;939,8;940,2;939,8;;20,6;7,5;21,1;20,2;7,5;6,8;43;40;43;270;1,7;,1;
2021/08/11;0500 UTC;0;939,4;939,8;939,3;;20,4;7,7;21,2;20,4;8,3;7,1;45;42;44;308;1,7;0;
2021/08/11;0600 UTC;0;939;939,3;939;;19,5;7,7;20,5;19,5;8,3;7,6;48;44;47;277;1,8;,4;
2021/08/11;0700 UTC;0;939;939;938,9;;18,4;7,6;19,4;18,4;8,1;7,5;49;47;49;269;1,8;,2;
2021/08/11;0800 UTC;0;939,3;939,3;939;;18,1;7,5;18,4;17,6;8;7,3;52;49;50;262;1,7;,4;
2021/08/11;0900 UTC;0;940,1;940,1;939,3;;16,7;7;18,1;16,7;7,7;7;53;50;53;256;1,6;0;
2021/08/11;1000 UTC;0;940,7;940,7;940,1;169,9;19,1;9,2;19,1;16,7;9,2;7;56;52;53;282;1,5;,4;
2021/08/11;1100 UTC;0;941,2;941,2;940,7;900;24,4;10,4;24,4;19,1;10,5;8,5;53;41;41;66;1,7;0;
2021/08/11;1200 UTC;0;941,6;941,6;941,2;1683,3;28,3;9,9;28,4;24,4;11,4;9,7;42;31;32;81;3,5;1,3;
2021/08/11;1300 UTC;0;941,6;941,7;941,5;2325,2;29,4;9,8;30,2;28,2;11;8,7;33;27;29;116;4;1,3;
2021/08/11;1400 UTC;0;941,1;941,6;941,1;2762,7;31,1;9,1;31,8;29,5;11,6;8,1;29;24;26;130;5,3;1,1;
2021/08/11;1500 UTC;0;940,2;941,2;940,2;2966,1;31,9;7,9;32,5;30,8;10,6;6,1;27;21;23;30;4,8;,9;
2021/08/11;1600 UTC;0;939,2;940,2;939,2;2906,8;32,3;7,6;33,6;31,3;12,4;7,3;28;20;22;186;6;2,1;
2021/08/11;1700 UTC;0;938,3;939,2;938,3;2605,5;32,6;11,9;33,7;32,3;12,6;8,6;29;21;28;196;5,8;1,6;
2021/08/11;1800 UTC;0;938;938,4;938;2085,8;32,2;8,8;33,4;31,9;12,6;7,5;29;21;24;172;6,1;1,8;
2021/08/11;1900 UTC;0;938,1;938,1;937,9;1053,4;31,5;9,6;32,5;31,4;10,1;6,4;26;20;26;141;6,7;1,6;
2021/08/11;2000 UTC;0;938,2;938,2;938;213,7;29,6;7,4;31,7;29,6;9,6;5,6;27;20;25;137;6,9;1,3;
2021/08/11;2100 UTC;0;938,4;938,4;938,2;22,6;26,7;7,2;29,7;26,7;8,3;6,9;29;24;29;153;4,5;0;
2021/08/11;2200 UTC;0;938,8;938,8;938,4;;24,2;7;26,7;24,2;7,4;6,8;33;29;33;327;1,2;,1;
2021/08/11;2300 UTC;0;939,4;939,4;938,8;;22,3;7,2;24,2;22,3;7,4;6,7;38;33;38;268;2;,4;
2021/08/12;0000 UTC;0;939,8;939,8;939,4;;21,2;6,4;22,4;21,2;7,2;6,3;38;37;38;261;2;0;
2021/08/12;0100 UTC;0;940,1;940,1;939,8;;20,2;4,5;21,4;20,2;6,5;4,5;38;35;36;266;1,8;,2;
2021/08/12;0200 UTC;0;940,1;940,1;940,1;;19,9;5,6;20,3;19,7;5,7;4,6;40;36;39;310;1,5;0;
2021/08/12;0300 UTC;0;939,9;940,1;939,9;;19,6;4,9;20,1;19,5;5,7;4,4;39;37;38;263;1,2;,1;
2021/08/12;0400 UTC;0;939,4;939,9;939,4;;19,5;5,2;19,8;19,3;5,8;4,7;41;38;39;306;1,2;0;
2021/08/12;0500 UTC;0;938,9;939,4;938,9;;18,7;5,5;19,5;18,5;5,8;5,2;42;39;42;280;,2;0;
2021/08/12;0600 UTC;0;938,7;938,9;938,7;;18,6;5,5;19;18,5;5,9;5,4;43;42;42;269;,5;0;
2021/08/12;0700 UTC;0;938,8;938,8;938,7;;18,6;6,2;18,9;18,3;6,2;5,5;45;42;44;272;1,4;0;
2021/08/12;0800 UTC;0;938,9;939;938,8;;18,1;6,3;18,6;18;6,7;5,9;46;44;46;283;1,5;0;
2021/08/12;0900 UTC;0;939,6;939,6;938,9;;17,4;6,6;18,2;17,4;6,9;6,2;49;46;49;245;,8;0;
2021/08/12;1000 UTC;0;940,5;940,5;939,6;173,1;20,2;8,8;20,2;17,4;8,8;6,7;51;48;48;210;1,2;0;
2021/08/12;1100 UTC;0;941,3;941,3;940,5;895,3;23,6;10,1;23,8;20,2;10,5;8,9;49;42;43;212;1,5;0;
2021/08/12;1200 UTC;0;941,8;941,8;941,3;1657,9;24,7;9,1;25,5;23,2;10,5;8,5;43;36;37;145;3,5;1,3;
2021/08/12;1300 UTC;0;941,5;941,8;941,5;2289,3;27,2;9,7;27,8;24,7;12,1;8,9;39;31;33;146;4,6;1,5;
2021/08/12;1400 UTC;0;941,3;941,6;941,3;2735,3;29,7;9,1;30,7;27,2;11,5;8,6;34;27;28;101;5,1;2,2;
2021/08/12;1500 UTC;0;940,3;941,3;940,3;2939,7;30,5;8,6;31,8;29,7;11;7,7;30;24;26;109;5,9;2;
2021/08/12;1600 UTC;0;939,3;940,3;939,3;2891,4;32,8;10,9;32,8;30,5;11,5;7,8;29;22;26;64;5,6;1;
2021/08/12;1700 UTC;0;938,1;939,3;938,1;2607,3;32,6;11,5;33,7;31,4;12,4;8,4;29;23;28;22;4,8;,7;
2021/08/12;1800 UTC;0;937,8;938,1;937,8;2069,4;32,9;10,3;33;32,1;11,7;7,7;28;22;25;127;6,3;1,2;
2021/08/12;1900 UTC;0;937,7;937,8;937,6;1038,9;31,8;9,7;33,2;31,6;11,2;8,2;27;23;26;107;4,8;2,3;
2021/08/12;2000 UTC;0;938,1;938,1;937,7;208,6;30;8,6;31,9;30;10,5;8,6;30;24;26;138;4,8;,7;
2021/08/12;2100 UTC;0;938,1;938,2;938;22,8;26,6;8,3;30;26,6;8,9;7,7;31;25;31;3;2,8;0;
2021/08/12;2200 UTC;0;938,4;938,4;938,1;;24,4;7;26,6;24,4;8,2;6,7;33;31;33;269;1,1;0;
2021/08/12;2300 UTC;0;939;939;938,4;;23,4;7,3;24,5;23,4;7,9;7,1;36;33;35;260;1,4;,4;
2021/08/13;0000 UTC;0;939,5;939,5;939;;22,5;7,3;23,4;22,3;7,3;6,8;38;35;38;265;1,5;,1;
2021/08/13;0100 UTC;0;939,9;939,9;939,5;;21,3;6,4;22,6;21,3;7,3;5,9;38;36;38;262;1,6;0;
2021/08/13;0200 UTC;0;939,9;940;939,8;;21;6;21,6;21;7;5,9;40;37;38;261;1,6;,4;
2021/08/13;0300 UTC;0;939,8;939,9;939,8;;20,7;6,7;21,4;20,7;6,7;5,7;40;37;40;257;1,6;0;
2021/08/13;0400 UTC;0;939,5;939,8;939,5;;19,8;5,8;20,7;19,8;7,1;5,4;42;38;40;235;1;,1;
2021/08/13;0500 UTC;0;939;939,5;939;;20;6,2;20;19,5;6,3;5,6;41;40;41;267;1,3;,3;
2021/08/13;0600 UTC;0;938,7;939;938,7;;18,7;6,1;20;18,7;6,5;5,7;44;40;44;264;1,5;,1;
2021/08/13;0700 UTC;0;938,7;938,7;938,5;;18,1;6,1;18,7;17,8;6,2;5,7;46;44;45;270;1,6;,2;
2021/08/13;0800 UTC;0;938,9;938,9;938,7;;18;6,7;18,1;17,2;6,7;5,7;48;45;48;250;2,5;,6;
2021/08/13;0900 UTC;0;939,6;939,6;938,9;;17,5;6,7;18;17,2;6,8;6,1;49;47;49;266;2,1;0;
2021/08/13;1000 UTC;0;940,3;940,3;939,6;181,4;19,5;8,6;19,6;17,1;8,7;6,7;51;49;50;43;,9;0;
2021/08/13;1100 UTC;0;940,8;940,8;940,3;934,6;23,5;8;23,6;19,5;10;8;50;37;37;114;3,2;1,2;
2021/08/13;1200 UTC;0;941,2;941,2;940,8;1702,2;26,3;8,7;26,3;23,5;9,3;7,9;39;32;33;89;4,8;2,4;
2021/08/13;1300 UTC;0;941,1;941,2;941,1;2331,2;28,4;9,2;28,6;26,1;9,8;8;33;29;30;82;6,6;3;
2021/08/13;1400 UTC;0;940,7;941,1;940,7;2762,2;30,7;10,6;31,5;28,2;12,3;9,2;33;28;29;89;6,5;2,3;
2021/08/13;1500 UTC;0;939,7;940,7;939,7;2970,4;32,7;11;32,7;30,2;11,3;9,2;30;25;27;49;6,8;2,4;
2021/08/13;1600 UTC;0;938,9;939,7;938,9;2921,7;32,3;11,6;33,9;31,8;13,3;9;30;23;28;18;7,5;2,1;
2021/08/13;1700 UTC;0;937,9;938,9;937,9;2632,3;33,8;16,2;35,1;32,1;16,6;10,7;35;25;35;284;5,2;1,1;
2021/08/13;1800 UTC;0;937,4;937,9;937,4;2103,1;33;11,4;34,9;32,9;18,1;11,1;37;26;27;125;4,5;2,2;
2021/08/13;1900 UTC;0;937,4;937,4;937,3;1104,9;33,2;14,7;33,7;32,5;15,3;10,7;34;25;33;169;6,2;,5;
2021/08/13;2000 UTC;0;937,8;937,8;937,4;224,8;31,1;12,8;33,2;31,1;13,8;11,3;33;27;33;129;3,6;,7;
2021/08/13;2100 UTC;0;938;938;937,8;24,5;28,6;10,4;31,1;28,6;13,3;10,3;35;32;32;125;2;,4;
2021/08/13;2200 UTC;0;938,6;938,6;938;;25,6;9,3;28,6;25,6;10,3;8,6;36;32;36;287;1,7;0;
2021/08/13;2300 UTC;0;939,3;939,3;938,6;;24,7;9,4;25,6;24,7;10;9,4;38;36;38;242;1,1;,1;
2021/08/14;0000 UTC;0;939,5;939,6;939,3;;23,4;9,2;24,7;23,4;9,7;8,7;41;37;41;273;1,4;,2;
2021/08/14;0100 UTC;0;939,7;939,7;939,5;;22,4;8,8;23,3;22,4;9,4;8,5;42;40;42;250;1,7;,6;
2021/08/14;0200 UTC;0;939,8;939,9;939,7;;22;8,3;22,4;21,9;9,2;8,3;43;42;42;243;1,4;,9;
2021/08/14;0300 UTC;0;939,9;939,9;939,8;;21,5;8,3;22;21,1;8,7;7,9;44;41;43;176;1,4;,1;
2021/08/14;0400 UTC;0;939,7;940;939,7;;23,4;8,4;23,5;21,4;9,2;7,6;43;38;38;103;2,8;1,7;
2021/08/14;0500 UTC;0;939,6;939,8;939,6;;22,1;7,8;23,6;21,9;8,3;7,2;40;37;40;111;3,5;,1;
2021/08/14;0600 UTC;0;939,6;939,6;939,5;;22;8,1;22,1;21,3;8,1;7,3;41;40;41;100;2,6;,9;
2021/08/14;0700 UTC;0;939,9;939,9;939,6;;20;7,1;22,1;20;8,2;7;43;40;43;129;3,3;,4;
2021/08/14;0800 UTC;0;939,9;940;939,8;;21,3;8,5;21,4;19,4;8,7;7,2;46;43;44;99;2,5;,8;
2021/08/14;0900 UTC;0;940,3;940,3;939,9;;21,2;7,5;21,6;21;8,5;7,4;44;41;41;99;2,6;1,3;
2021/08/14;1000 UTC;0;940,8;940,8;940,3;176,9;23,2;8,2;23,2;21,1;8,2;7,6;42;38;38;96;4;1,7;
2021/08/14;1100 UTC;0;940,9;941;940,8;939,9;25,1;8,2;25,2;23,2;8,5;7,8;39;34;34;87;5,9;2,6;
2021/08/14;1200 UTC;0;941,4;941,5;940,9;1706,2;27,1;9,1;27,1;25,1;10,5;7,5;36;31;32;53;6,8;2,3;
2021/08/14;1300 UTC;0;941,4;941,6;941,4;2324,4;28,8;9,9;29,1;26,6;10;8,1;33;29;31;43;7,7;1,9;
2021/08/14;1400 UTC;0;940,8;941,5;940,8;2756,6;31,1;10,4;31,2;28,8;11,2;9;32;27;28;35;7,2;2,6;
2021/08/14;1500 UTC;0;940,1;940,8;940,1;2962,6;32,9;12,5;33,3;31;13;9,6;30;25;29;40;7,2;1,9;
2021/08/14;1600 UTC;0;939,2;940,1;939,2;2904,6;32,1;13,4;34,3;32;14,4;11;32;26;32;160;4,9;1,6;
2021/08/14;1700 UTC;0;938,4;939,2;938,4;2650,6;33,4;13,3;34,8;32,1;16;11,2;35;26;30;314;4,4;1,8;
2021/08/14;1800 UTC;0;938;938,4;938;2218,9;33,4;12,2;35,5;33,4;16,5;12,2;33;27;27;15;4,6;1,7;
2021/08/14;1900 UTC;0;937,8;938;937,8;1275,1;33,1;13,6;34,5;33;16,1;12,4;35;27;31;114;3,2;1,2;
2021/08/14;2000 UTC;0;938;938;937,8;266,3;31,3;12,3;33,1;31,3;14,3;12,2;33;30;31;86;3,3;1;
2021/08/14;2100 UTC;0;938,2;938,2;938;29,3;28,8;10,1;31,3;28,4;12,4;10,1;34;31;31;201;3,2;0;
2021/08/14;2200 UTC;0;938,7;938,7;938,2;;26,1;9,3;28,8;26,1;10,2;9,1;35;31;35;264;1,9;,5;
2021/08/14;2300 UTC;0;939,2;939,2;938,7;;24,9;8,8;26,1;24,8;9,5;8,5;36;35;36;255;2;0;
2021/08/15;0000 UTC;0;939,4;939,4;939,2;;23,7;8,6;25;23,7;8,9;8,3;38;36;38;265;1,4;,1;
2021/08/15;0100 UTC;0;939,5;939,5;939,4;;22,9;8,3;23,7;22,9;8,9;8,3;40;38;39;267;1,5;,2;
2021/08/15;0200 UTC;0;939,5;939,5;939,4;;21,4;7,8;23;21,4;8,6;7,8;42;39;42;268;1,9;0;
2021/08/15;0300 UTC;0;939,3;939,5;939,2;;21,6;8,7;22,4;21,2;9,1;7,9;44;42;44;273;1,2;,1;
2021/08/15;0400 UTC;0;938,6;939,3;938,6;;21,1;8;21,6;20,9;8,6;8;44;43;43;255;2,2;,3;
2021/08/15;0500 UTC;0;938,2;938,6;938,2;;20,9;7,7;21,2;20,9;8,2;7,7;43;42;43;261;1,5;,2;
2021/08/15;0600 UTC;0;938;938,2;938;;19,6;7,6;20,9;19,6;7,8;7,5;46;43;46;261;1,5;0;
2021/08/15;0700 UTC;0;938,1;938,1;937,9;;19,2;7,9;19,6;19,1;8,2;7,5;49;46;48;266;1,2;0;
2021/08/15;0800 UTC;0;938,4;938,4;938,1;;18,7;7,4;19,4;18,7;8,1;7,4;48;47;48;250;,6;0;
2021/08/15;0900 UTC;0;938,9;938,9;938,4;;18,5;7,7;18,7;18,2;7,8;7,1;50;48;49;260;1,1;0;
2021/08/15;1000 UTC;0;939,3;939,3;938,9;182,3;20,8;9;20,8;18,3;9;7,4;50;47;47;263;1,4;0;
2021/08/15;1100 UTC;0;939,7;939,7;939,3;936,1;25,6;10,4;25,7;20,7;11,3;9;48;38;38;105;2;,8;
2021/08/15;1200 UTC;0;940,2;940,2;939,7;1697,8;28,4;10,7;28,4;25,5;11;10,1;39;32;33;79;3,7;,8;
2021/08/15;1300 UTC;0;940,1;940,2;940,1;2323,5;30,3;10,6;30,4;27,7;11;9,4;33;28;30;13;4,9;1,7;
2021/08/15;1400 UTC;0;939,5;940,1;939,5;2754,1;32,6;13,8;32,6;29,9;13,8;10,1;32;28;32;357;5,9;2,1;
2021/08/15;1500 UTC;0;938,6;939,5;938,6;2958,4;31,9;13,8;33,6;31,7;15,1;12,4;34;30;33;65;5,6;1,7;
2021/08/15;1600 UTC;0;937,8;938,6;937,8;3010,2;34,1;15,9;34,8;32;18,1;13,7;38;31;34;19;5,3;1,7;
2021/08/15;1700 UTC;0;936,7;937,8;936,7;2226,3;32,6;16,3;35,4;32,2;19;15,4;41;34;37;74;5,3;1,6;
2021/08/15;1800 UTC;0;936,3;936,7;936,3;2038,5;33,8;16,6;34,8;32,5;18,8;16;41;34;36;100;5;1,4;
2021/08/15;1900 UTC;0;936,3;936,3;936,2;694,3;33,2;15;33,7;32,1;16,7;13,7;37;32;33;104;3,4;,5;
2021/08/15;2000 UTC;0;936,6;936,6;936,3;179,1;30,5;14,2;33,3;30,1;15;13,4;37;32;37;35;2,6;0;
2021/08/15;2100 UTC;0;936,9;936,9;936,6;29,3;27,4;10,1;30,6;27,4;14,1;10,1;38;34;34;20;0;0;
2021/08/15;2200 UTC;0;937,2;937,2;936,9;;24,9;10,2;27,4;24,8;10,5;8,8;39;34;39;254;1,3;,1;
2021/08/15;2300 UTC;0;937,7;937,7;937,2;;24,1;10,1;25;24;10,4;9,9;41;39;41;265;1,3;0;
2021/08/16;0000 UTC;0;937,9;937,9;937,7;;23,2;9,3;24,1;22,7;10,1;9;42;41;41;263;1,5;,4;
2021/08/16;0100 UTC;0;938,1;938,1;937,9;;22,5;8,4;23,7;22,5;9,2;8,3;41;39;41;284;2;,1;
2021/08/16;0200 UTC;0;938,1;938,3;938,1;;22,1;8,3;22,6;21,3;8,8;7,7;42;40;41;269;1,6;,1;
2021/08/16;0300 UTC;0;937,8;938,1;937,8;;23,5;8,4;23,6;21,8;8,7;8,2;42;38;38;274;1,5;0;
2021/08/16;0400 UTC;0;937,3;937,8;937,3;;22,3;7,2;24;22,3;8,7;7;38;36;38;260;1,3;0;
2021/08/16;0500 UTC;0;937,2;937,5;937,2;;21,4;7,5;22,3;21,1;7,6;6,8;41;38;41;262;1,8;,2;
2021/08/16;0600 UTC;0;937;937,2;937;;20,9;7,3;21,8;20,8;7,8;7;42;40;41;254;1,6;0;
2021/08/16;0700 UTC;0;937;937;936,9;;21,1;7,3;21,2;20,5;7,6;7;42;41;41;253;,7;0;
2021/08/16;0800 UTC;0;937,3;937,3;936,9;;19,7;7,1;21;19,7;7,5;6,8;44;41;44;233;1;0;
2021/08/16;0900 UTC;0;937,9;937,9;937,2;;21,1;8,1;21,4;19,5;8,4;7,1;46;43;43;246;1,3;0;
2021/08/16;1000 UTC;0;938,6;938,6;937,9;183,7;22,9;9,7;23;20,5;9,8;7,5;44;43;43;209;1,7;0;
2021/08/16;1100 UTC;0;938,6;938,9;938,4;941,4;27,8;9,8;27,8;22,8;10,9;9,2;43;31;32;346;7,6;3;
2021/08/16;1200 UTC;0;939,3;939,3;938,6;1727,6;29,4;9,6;29,5;27,9;9,9;8,2;32;28;29;5;9,4;3,5;
2021/08/16;1300 UTC;0;939,3;939,5;939,3;2342,3;31,8;10,7;31,8;29,3;11,7;9,1;31;26;27;349;8,1;4;
2021/08/16;1400 UTC;0;938,8;939,3;938,8;2775,5;33;13,5;33,4;31,6;13,5;8,7;31;24;31;343;12,3;3,9;
2021/08/16;1500 UTC;0;937,9;938,9;937,9;2981,6;34,4;16,6;34,6;33;16,6;11,1;35;26;35;338;8,9;2,2;
2021/08/16;1600 UTC;0;937,1;937,9;937,1;2906,4;34,7;18,9;35,4;33,8;18,9;13,8;40;29;39;282;7;2;
2021/08/16;1700 UTC;0;936,1;937,1;936,1;2699,3;34,6;18;35,4;33,6;18,4;12,9;39;27;38;335;6,3;1,3;
2021/08/16;1800 UTC;0;935,8;936,1;935,8;2096,7;34,1;15,5;35,9;34,1;19,4;15,4;40;30;33;302;4;1,4;
2021/08/16;1900 UTC;0;935,7;935,8;935,6;740,9;32,7;16,8;34,8;32,7;17,5;13,2;40;28;39;271;4;1,2;
2021/08/16;2000 UTC;0;936,1;936,1;935,7;191,5;31,3;14,9;32,7;31,3;16,4;14,1;39;35;37;2;2,6;0;
2021/08/16;2100 UTC;0;936,7;936,7;936;32,1;29,2;11,4;31,3;29,1;15,1;11,4;38;33;33;271;2,3;0;
2021/08/16;2200 UTC;0;937,2;937,2;936,7;;26,7;8,8;29,2;26,7;11,3;8,7;33;32;32;278;1,6;,1;
2021/08/16;2300 UTC;0;937,9;937,9;937,2;;25,5;8,6;26,7;25,5;9,2;8,6;34;32;34;279;2;,2;
2021/08/17;0000 UTC;0;938,5;938,5;937,9;;24,6;8,6;25,5;24,6;8,6;8,4;36;34;36;295;1,8;,1;
2021/08/17;0100 UTC;0;938,5;938,6;938,5;;24,4;8,5;25;24,4;9;8,5;37;36;36;271;2;,8;
2021/08/17;0200 UTC;0;938,5;938,6;938,5;;23,4;8,7;24,4;23,4;8,8;8,1;39;36;39;274;2,2;,2;
2021/08/17;0300 UTC;0;938,6;939;938,5;;22,5;9;23,4;19,9;9,1;6,1;43;39;42;269;6,8;,1;
2021/08/17;0400 UTC;0;938,1;938,6;938,1;;21,7;8,4;23;21,6;9,3;8,2;43;41;43;295;2,1;,3;
2021/08/17;0500 UTC;0;937,7;938,1;937,7;;23,3;8,4;24,2;21,7;10,3;8,2;43;38;38;285;2,4;,5;
2021/08/17;0600 UTC;0;937,5;937,7;937,5;;24,2;7,6;26,3;22,8;9,4;6,6;39;33;35;288;5,7;,9;
2021/08/17;0700 UTC;0;937,6;937,6;937,4;;25,8;6,6;26,7;24,2;8,3;6,4;35;28;29;340;7,7;2,7;
2021/08/17;0800 UTC;0;938,2;938,2;937,6;;22,2;6,3;25,8;22,2;6,7;5,3;36;29;36;216;5,3;0;
2021/08/17;0900 UTC;0;939;939;938,2;;21,9;7,3;22,4;21,4;7,3;6,2;39;36;39;111;2,3;,6;
2021/08/17;1000 UTC;0;939,9;939,9;939;172,6;22;8,5;22;20,9;8,6;6,7;42;39;42;178;2,2;0;
2021/08/17;1100 UTC;0;940,6;940,6;939,9;943,5;28,1;9,8;28,2;22;11,1;8,6;42;32;32;360;6,1;2;
2021/08/17;1200 UTC;0;941,1;941,1;940,6;1772;29,7;9;29,8;28,1;10,4;8,3;32;26;28;352;10,3;3,3;
2021/08/17;1300 UTC;0;940,9;941,3;940,9;2541,2;31,8;9,3;32;29,6;10,3;8,5;29;25;25;344;9,4;4,1;
2021/08/17;1400 UTC;0;940,5;940,9;940,5;2728,9;32,7;10,5;33,3;31,1;12,3;9,3;29;25;26;358;7,4;3,2;
2021/08/17;1500 UTC;0;939,8;940,5;939,8;2971,3;34,8;16,2;34,9;32,1;16,9;10,1;35;24;33;322;8;2,1;
2021/08/17;1600 UTC;0;939,1;939,8;939,1;3040,8;33,4;18,7;34,9;33,1;19,8;13,3;43;28;42;294;6,1;1,6;
2021/08/17;1700 UTC;0;938,4;939,1;938,4;1798,6;33,6;17,5;34,8;32,1;19,9;15,4;43;35;38;14;4,8;1,5;
2021/08/17;1800 UTC;0;938;938,5;938;2141,9;33,8;17,3;34,9;33,2;18,8;14,4;41;31;38;57;4,9;1,1;
2021/08/17;1900 UTC;0;938,2;938,2;938;870,6;32,1;15;34,6;32,1;18;14,5;38;32;36;92;4,5;2;
2021/08/17;2000 UTC;0;938,5;938,5;938,1;280,1;31,6;13,6;32,9;31,6;15,5;13,6;36;33;34;74;3,4;,1;
2021/08/17;2100 UTC;0;938,9;938,9;938,5;26,4;28,1;9,5;31,6;28,1;13,6;9,5;34;31;31;169;2,5;0;
2021/08/17;2200 UTC;0;939,6;939,6;938,9;;27,1;9,5;28,2;27;9,6;8,8;33;30;33;246;1,5;,1;
2021/08/17;2300 UTC;0;940,2;940,2;939,6;;25,4;10;27,1;25,1;10;8,5;38;33;38;256;1,4;0;
2021/08/18;0000 UTC;0;940,8;940,8;940,2;;25;8,8;25,6;24,9;10;8,8;38;36;36;258;0;0;
2021/08/18;0100 UTC;0;940,9;941;940,7;;24,5;8,3;25,1;24,2;8,9;8;36;35;36;167;,6;0;
2021/08/18;0200 UTC;0;941;941;940,9;;23;8;24,5;23;8,3;7,9;38;35;38;291;,6;0;
2021/08/18;0300 UTC;0;940,8;941;940,7;;22,6;8,6;23,2;22,3;9,2;8;41;38;41;283;1,8;0;
2021/08/18;0400 UTC;0;940,4;940,8;940,4;;23,7;8,4;24,1;22,4;9,3;8,4;41;38;38;98;3,2;1,2;
2021/08/18;0500 UTC;0;940,1;940,4;940;;22;7,9;23,7;21,9;8,3;7,1;40;38;40;287;2,2;0;
2021/08/18;0600 UTC;0;940;940,1;940;;21,1;8,5;22,3;20,9;8,5;7,6;45;40;45;340;2;0;
2021/08/18;0700 UTC;0;940,1;940,2;940;;20,6;8,5;21,3;20;8,8;7,9;46;45;46;151;1;0;
2021/08/18;0800 UTC;0;940,5;940,5;940,1;;20,6;8,6;21,4;20,2;9,2;8,2;46;46;46;95;2,2;,1;
2021/08/18;0900 UTC;0;941,3;941,3;940,5;;19,8;9;20,7;19,8;9;8,3;50;46;50;185;2,2;0;
2021/08/18;1000 UTC;0;942,3;942,3;941,3;184,7;21,6;10,6;21,8;19,8;10,8;8,9;51;49;49;279;0;0;
2021/08/18;1100 UTC;0;943;943;942,3;916;26,6;12,2;26,7;21,6;12,5;10,4;49;41;41;89;5,1;2,5;
2021/08/18;1200 UTC;0;943,4;943,4;943;1700,5;29,1;13,3;29,1;26,5;13,3;11,7;41;37;38;70;5,9;1,7;
2021/08/18;1300 UTC;0;943,1;943,4;943,1;2327,3;29,2;12,4;29,8;28,1;13,7;11,6;38;35;36;73;6,9;2,6;
2021/08/18;1400 UTC;0;942,4;943,1;942,4;2759,7;31,4;12,4;32,1;29,2;14,1;12,2;36;31;31;82;9,6;4,5;
2021/08/18;1500 UTC;0;941,3;942,5;941,3;2959,7;33,5;15,5;33,5;31;15,8;12,4;35;31;34;92;10,3;4,8;
2021/08/18;1600 UTC;0;940,3;941,3;940,3;2787,8;33,8;16,6;34,3;31,5;17,4;13,5;37;33;36;96;12;4,3;
2021/08/18;1700 UTC;0;939,4;940,3;939,3;2628,2;33,4;18,3;34,4;33;18,7;15,4;41;33;41;93;10;4,1;
2021/08/18;1800 UTC;0;938,6;939,4;938,5;2109,4;33,3;19;34,1;32,7;19,3;15,8;43;35;43;91;9,9;3,5;
2021/08/18;1900 UTC;0;938,5;938,6;938,4;1235,7;32,7;16,1;33,5;32,5;19,1;16;44;37;37;99;8,2;3;
2021/08/18;2000 UTC;0;938,7;938,7;938,5;248,1;31,1;13,5;32,7;31,1;17;13,5;40;34;34;106;6,5;2,5;
2021/08/18;2100 UTC;0;939;939,1;938,7;27,4;27,7;9,6;31,1;27,7;13,2;9,6;34;32;32;99;4,9;,5;
2021/08/18;2200 UTC;0;939,5;939,5;939;;26,1;7,9;27,9;26,1;9,6;7,9;32;31;32;92;1,9;0;
2021/08/18;2300 UTC;0;940;940;939,5;;25;8;26,1;24,8;8,1;7,5;34;32;34;237;,9;0;
2021/08/19;0000 UTC;0;940,5;940,5;940;;24;8;25,1;23,9;8,5;7,9;36;34;36;237;1,1;0;
2021/08/19;0100 UTC;0;940,9;940,9;940,5;;23,5;8,3;23,9;23,3;8,4;8;38;36;38;135;1,6;,2;
2021/08/19;0200 UTC;0;940,9;941;940,9;;23,8;8,1;25;23,5;9,2;8,1;38;36;37;101;2,6;,8;
2021/08/19;0300 UTC;0;940,5;940,9;940,5;;23,1;8,5;23,9;23,1;9;8;39;37;39;98;4;2,2;
2021/08/19;0400 UTC;0;939,8;940,5;939,8;;22,6;8,1;23,1;22,5;8,5;8,1;40;39;39;105;4;2,1;
2021/08/19;0500 UTC;0;939,3;939,8;939,3;;20,5;7,6;22,6;20,5;8,1;7,4;44;39;44;338;3,4;,1;
2021/08/19;0600 UTC;0;939,1;939,3;939;;20,1;7,9;21;20;8,4;7,4;45;44;45;103;2;0;
2021/08/19;0700 UTC;0;939;939,1;938,9;;21;8,6;21;19,7;8,6;7,7;46;45;45;110;3,2;1,4;
2021/08/19;0800 UTC;0;939,3;939,3;939;;20,4;7,9;21,1;20,4;8,6;7,8;45;44;45;87;5;1,4;
2021/08/19;0900 UTC;0;940;940;939,3;;19,5;7,8;20,7;19,5;8,3;7,7;47;45;47;93;5,6;1,5;
2021/08/19;1000 UTC;0;940,6;940,6;940;205,2;21,8;9,6;21,8;19,4;9,6;7,8;47;46;46;88;4,9;2,4;
2021/08/19;1100 UTC;0;941,1;941,1;940,6;1063,3;24,3;10,1;24,3;21,8;10,1;9,7;46;41;41;83;7,4;2,6;
2021/08/19;1200 UTC;0;941,3;941,4;941;1843,4;25,8;10,4;25,8;24,2;10,5;9,6;41;37;38;37;8,6;2,7;
2021/08/19;1300 UTC;0;941,2;941,5;941,1;2450,9;28,9;11,6;29,3;25,8;12,5;10,2;40;33;34;39;7,6;2,6;
2021/08/19;1400 UTC;0;940,5;941,2;940,5;2880,4;30,2;10,8;30,2;28,6;11,7;9,8;35;29;30;71;8,8;3,1;
2021/08/19;1500 UTC;0;939,4;940,6;939,4;3072,2;31,5;11,7;31,6;29,6;11,7;9,8;30;28;30;86;10,5;4,5;
2021/08/19;1600 UTC;0;938,4;939,5;938,4;3029,5;31,8;10,3;32;30,4;11,6;9,9;30;27;27;106;10;3,6;
2021/08/19;1700 UTC;0;937,3;938,5;937,3;2743,6;31,5;10,4;32,6;30,9;11;9,3;28;26;27;72;8,7;3,4;
2021/08/19;1800 UTC;0;936,6;937,3;936,6;2203,1;31;11,3;32,2;31;11,8;9,2;30;25;30;77;9,7;2,4;
2021/08/19;1900 UTC;0;936,4;936,6;936,4;1323,6;31;9,5;31,8;31;11,8;9,2;30;26;27;86;8,1;3;
2021/08/19;2000 UTC;0;936,6;936,6;936,3;243,1;29,4;8,4;31;29,4;9,5;7,7;27;24;27;86;7,6;2,5;
2021/08/19;2100 UTC;0;936,9;936,9;936,6;24,6;26,2;7,2;29,4;26,2;8,3;7,2;30;26;30;144;5;0;
2021/08/19;2200 UTC;0;937,5;937,5;936,9;;24,7;6,9;26,2;24,6;7,1;6,6;32;30;32;277;0;0;
2021/08/19;2300 UTC;0;938,1;938,1;937,5;;23,4;7,2;24,8;23,4;7,4;6,4;35;32;35;260;,9;0;
2021/08/20;0000 UTC;0;938,6;938,6;938,1;;22,8;7,5;23,7;22,6;7,6;6,9;37;35;37;292;1;,2;
2021/08/20;0100 UTC;0;938,9;939;938,6;;22,7;8;23,2;22,4;8,4;7,3;39;37;39;201;1,1;0;
2021/08/20;0200 UTC;0;938,8;939;938,8;;22;8,2;22,7;21,4;8,4;7,5;41;39;41;172;0;0;
2021/08/20;0300 UTC;0;938,5;938,9;938,5;;21,8;7,9;24;21,6;9,7;7,6;41;40;41;164;4;,4;
2021/08/20;0400 UTC;0;937,9;938,5;937,9;;21,3;8,5;22;21,1;8,8;7,9;44;41;44;137;1,5;,1;
2021/08/20;0500 UTC;0;937,6;937,9;937,6;;21,2;9,1;21,3;20,5;9,3;8,2;46;44;46;106;1,9;,3;
2021/08/20;0600 UTC;0;937,4;937,6;937,4;;19,6;8,2;21,2;19,6;9,1;8,2;48;46;48;163;1,9;0;
2021/08/20;0700 UTC;0;937,5;937,5;937,4;;19,5;8,8;20,2;19;8,9;8,2;50;48;50;135;2,4;0;
2021/08/20;0800 UTC;0;937,8;937,8;937,5;;19;8,7;19,7;18,8;9,1;8,4;51;50;51;132;2,1;,4;
2021/08/20;0900 UTC;0;938,6;938,6;937,9;;18,3;8,5;19,4;18,1;9,1;8,3;53;51;53;165;2;,2;
2021/08/20;1000 UTC;0;939,4;939,4;938,6;215,6;21,4;10,4;21,4;18,2;10,4;8,4;53;50;50;122;2,8;1,3;
2021/08/20;1100 UTC;0;939,8;939,8;939,3;1038,4;24,2;10,6;24,4;21,4;11;10;50;42;42;80;4,9;2,3;
2021/08/20;1200 UTC;0;940,3;940,4;939,8;1826,8;26;9,7;26,9;24,2;11,6;9,6;42;36;36;63;6,4;2,6;
2021/08/20;1300 UTC;0;940,5;940,6;940,3;2445,1;28,3;10,3;28,7;26;11,5;9,7;37;32;32;83;8,4;3,1;
2021/08/20;1400 UTC;0;939,9;940,5;939,9;2880,9;29,4;9,3;29,7;27,9;10,8;8,6;32;28;29;30;8,8;1,9;
2021/08/20;1500 UTC;0;938,9;939,9;938,9;3084,7;30,7;9,2;30,9;29,4;10,3;8,3;29;25;26;346;6,8;1,9;
2021/08/20;1600 UTC;0;937,6;938,9;937,6;3031,1;32;11,2;32;29,2;11,2;8,6;30;25;28;356;7;1,6;
2021/08/20;1700 UTC;0;936,6;937,6;936,6;2713,8;31,4;11,3;32;30,1;12,3;10,1;31;27;29;21;5,8;2;
2021/08/20;1800 UTC;0;936;936,7;936;2187,3;31,3;12,6;32,4;30,3;13;11,1;34;29;32;176;5,4;,6;
2021/08/20;1900 UTC;0;936,2;936,2;935,9;1318,6;30,4;11,4;31,4;30,4;13;10,9;33;30;31;81;5,7;2,3;
2021/08/20;2000 UTC;0;936,6;936,6;936,2;264,9;29,4;10,3;30,7;29,4;11,7;9,9;32;29;31;109;5,4;1,9;
2021/08/20;2100 UTC;0;937,1;937,1;936,6;25,1;26;8,2;29,4;26;10,6;8,2;33;31;33;115;4,1;,1;
2021/08/20;2200 UTC;0;937,6;937,6;937;;24,3;8,2;26;24,3;8,2;6,9;36;31;36;260;1,2;,1;
2021/08/20;2300 UTC;0;938,3;938,3;937,6;;22,9;8,4;24,6;22,8;8,7;7,6;40;36;40;266;1,4;,2;
2021/08/21;0000 UTC;0;938,8;938,8;938,3;;21,5;8,3;22,9;21;8,6;6,8;43;39;43;262;1,5;,1;
2021/08/21;0100 UTC;0;939,3;939,3;938,9;;21,2;8,3;21,9;21,2;8,6;8;43;42;43;264;1,4;,1;
2021/08/21;0200 UTC;0;939,7;939,8;939,3;;20,8;7,7;21,2;20,7;8,3;7,7;44;43;43;259;1,5;,1;
2021/08/21;0300 UTC;0;939,7;939,8;939,6;;20,6;7,7;21,8;20,5;8,5;7,5;44;42;44;262;2;,1;
2021/08/21;0400 UTC;0;939,2;939,7;939,2;;20,6;8;20,8;20,4;8,5;7,7;45;44;44;237;1,1;0;
2021/08/21;0500 UTC;0;938,8;939,2;938,8;;19,3;7,7;20,6;19,3;8,3;7,7;47;44;47;259;1,3;,2;
2021/08/21;0600 UTC;0;938,6;938,8;938,6;;19,1;8,7;19,3;18,7;8,7;7,7;51;47;51;263;1,2;,2;
2021/08/21;0700 UTC;0;938,8;938,8;938,6;;19,1;8,2;19,5;19,1;8,9;8,2;51;49;49;265;1,4;,1;
2021/08/21;0800 UTC;0;939,1;939,1;938,8;;19;8,4;19,1;18,5;8,5;7,8;50;49;50;259;1,1;0;
2021/08/21;0900 UTC;0;939,6;939,6;939,1;;17,9;7,8;19;17,9;8,3;7,7;52;50;52;275;,5;0;
2021/08/21;1000 UTC;0;940;940;939,6;228,4;20,3;9,9;20,3;17,8;9,9;7,8;54;51;51;181;1,5;0;
2021/08/21;1100 UTC;0;940,4;940,4;940;1016;24,7;10,7;24,7;20,3;11,8;10,1;52;41;41;85;4,3;2,3;
2021/08/21;1200 UTC;0;940,8;940,8;940,4;1811,9;26,6;10,9;26,7;24,4;11,3;10,3;41;38;38;80;6;2,3;
2021/08/21;1300 UTC;0;940,9;941;940,8;2435,3;27,9;11,4;28,4;26,4;12;10,3;38;34;36;75;6;1,8;
2021/08/21;1400 UTC;0;940,2;940,9;940,2;2853,2;30,6;12,7;30,6;28;13,2;11,3;36;33;34;34;5,4;1,6;
2021/08/21;1500 UTC;0;939,1;940,2;939,1;3102,3;31,8;12,2;32,1;29,8;13,4;11,2;34;30;30;105;6;2,6;
2021/08/21;1600 UTC;0;937,9;939,1;937,9;3016,4;31,5;12,2;31,8;30,7;12,4;11,4;31;30;31;97;6,1;2,9;
2021/08/21;1700 UTC;0;936,7;937,9;936,7;2728,7;32,6;13,4;32,6;31;13,4;11,1;31;28;31;153;6,7;,6;
2021/08/21;1800 UTC;0;935,8;936,7;935,8;2192,4;31,7;13,4;32,8;31,2;14,7;12,6;35;31;33;118;7,2;,9;
2021/08/21;1900 UTC;0;935,8;935,8;935,7;1310,5;31,6;12,7;32;31,3;13,4;11,4;33;29;31;139;6,7;,8;
2021/08/21;2000 UTC;0;935,9;935,9;935,8;235,4;29,8;11,2;31,6;29,8;12,7;11,2;33;30;32;92;3,2;1,1;
2021/08/21;2100 UTC;0;936,1;936,1;935,9;25,4;27;9,2;29,9;27;11,3;9,2;34;31;33;164;2,9;0;
2021/08/21;2200 UTC;0;936,6;936,6;936,1;;24,8;9,1;27;24,8;9,1;8;37;32;37;261;1,5;,1;
2021/08/21;2300 UTC;0;937,1;937,1;936,6;;23,4;8,9;24,8;23,4;9,4;8,8;40;37;40;260;1,7;,3;
2021/08/22;0000 UTC;0;937,4;937,4;937,1;;22;8,8;23,7;21,8;9,1;7,9;43;39;43;272;1,5;0;
2021/08/22;0100 UTC;0;937,8;937,8;937,4;;22;8,4;22,3;21,7;8,9;8,4;44;42;42;257;1,8;,5;
2021/08/22;0200 UTC;0;938;938;937,8;;22,1;8,2;22,3;21,9;8,7;8,2;42;41;41;257;1,5;0;
2021/08/22;0300 UTC;0;938;938,1;937,9;;22,6;8,6;22,7;21,7;8,7;7,8;41;41;41;81;1,1;0;
2021/08/22;0400 UTC;0;937,3;938;937,3;;21;7,6;22,7;21;8,5;7,4;42;39;42;134;2,5;0;
2021/08/22;0500 UTC;0;936,6;937,4;936,6;;20,4;7,8;22;20,4;8,8;7,5;44;42;44;200;2,3;0;
2021/08/22;0600 UTC;0;936,3;936,6;936,3;;20;8,2;20,7;19,8;8,6;7,7;47;44;47;223;,9;0;
2021/08/22;0700 UTC;0;936,3;936,3;936,2;;19,7;8,3;21,2;19,7;9,4;8,1;48;46;48;113;1,8;0;
2021/08/22;0800 UTC;0;936,5;936,5;936,3;;19,4;8,5;20,3;19,2;9,3;8,3;49;48;49;130;2,6;,8;
2021/08/22;0900 UTC;0;936,8;936,8;936,5;;19,1;8,5;20,8;19;9,7;8,4;50;48;50;173;2,8;,3;
2021/08/22;1000 UTC;0;937,5;937,5;936,8;218,1;22,8;10,8;22,8;19,1;10,9;8,5;51;47;47;98;3,4;1,9;
2021/08/22;1100 UTC;0;938;938;937,5;1068,9;24,9;11,5;24,9;22,8;11,5;10,5;47;43;43;88;4,1;1,6;
2021/08/22;1200 UTC;0;938,4;938,4;938;1830,3;27,5;12,1;27,5;24,8;12,2;11,2;43;38;38;59;6,2;2;
2021/08/22;1300 UTC;0;938,5;938,5;938,4;2434,6;29;11,6;29;26,9;12,6;11,1;39;34;34;38;7,2;2,5;
2021/08/22;1400 UTC;0;938,2;938,5;938,2;2847;32;12,3;32;28,5;13,4;10,7;37;29;30;7;7,9;3,1;
2021/08/22;1500 UTC;0;937,1;938,2;937,1;3068,8;32,8;13,2;33;31,1;13,4;11;32;26;31;2;8,2;3,1;
2021/08/22;1600 UTC;0;936;937,1;936;3011,1;32,5;14,4;33,9;31,4;15,2;12,3;34;27;34;60;7,4;2,4;
2021/08/22;1700 UTC;0;935;936;935;2742,7;32,3;15,1;34,1;32,2;16;11,8;35;27;35;57;6,4;2,1;
2021/08/22;1800 UTC;0;934,3;935;934,2;2214,5;34,2;15,9;34,3;32,1;17;13,4;37;30;34;335;5,1;1,2;
2021/08/22;1900 UTC;0;934,2;934,3;934,2;1366,6;32,3;13,9;34,3;32,1;16;12,6;35;28;33;55;6,2;1,8;
2021/08/22;2000 UTC;0;934,3;934,3;934,2;237,6;30,9;12;32,5;30,9;13,9;11,9;33;29;31;20;5;,8;
2021/08/22;2100 UTC;0;934,8;934,8;934,3;23,1;28,3;11,9;30,9;28,3;12,6;11,9;37;31;36;333;2,4;,7;
2021/08/22;2200 UTC;0;935,3;935,4;934,8;;26,5;9,5;28,3;26,5;11,7;9,4;36;33;34;270;2,3;,1;
2021/08/22;2300 UTC;0;935,9;935,9;935,3;;25,5;9,6;26,5;25,5;9,7;9,3;37;34;37;268;2,4;,9;
2021/08/23;0000 UTC;0;936,2;936,2;935,9;;25;9,8;25,5;24,5;9,8;9,2;38;37;38;270;2,2;,9;
2021/08/23;0100 UTC;0;936,3;936,3;936,2;;24,7;9,9;25;23,8;9,9;9;40;38;39;271;2,7;1,1;
2021/08/23;0200 UTC;0;936,2;936,3;936,2;;24,2;9,6;24,7;23,5;9,9;8,7;40;38;40;276;2,7;,9;
2021/08/23;0300 UTC;0;935,9;936,2;935,9;;23,4;9,1;24,3;23,4;9,6;9;40;39;40;260;2,5;,5;
2021/08/23;0400 UTC;0;935,4;935,9;935,4;;20,3;7,8;23,4;20,3;9,7;7,4;45;40;45;25;3,2;,5;
2021/08/23;0500 UTC;0;935,4;935,5;935,3;;20,6;8,6;22;20,3;9,6;7,9;46;45;46;241;3,2;,5;
2021/08/23;0600 UTC;0;934,9;935,4;934,9;;20,5;9;20,9;20,1;9,5;8,5;49;46;48;224;2,9;,1;
2021/08/23;0700 UTC;0;935;935,1;934,9;;20,3;9,1;20,6;20;9,3;8,9;49;48;49;238;1,4;,1;
2021/08/23;0800 UTC;0;935,2;935,2;935;;20,8;9,3;21,1;20,3;9,6;8,9;49;48;48;189;1,4;0;
2021/08/23;0900 UTC;0;935,9;935,9;935,2;;19,8;9,1;20,8;19,7;9,4;8,7;50;48;50;216;1,7;0;
2021/08/23;1000 UTC;0;936,5;936,5;935,9;223,9;22,3;10,9;22,3;19,7;10,9;9,1;51;48;48;164;1,9;0;
2021/08/23;1100 UTC;0;937,3;937,3;936,5;1050,3;26,8;12,2;26,8;22,3;12,3;10,8;48;40;40;55;2,6;,6;
2021/08/23;1200 UTC;0;937,8;937,8;937,3;1818,3;29,4;11,8;29,4;26,5;12,3;10,7;40;34;34;31;5;,8;
2021/08/23;1300 UTC;0;937,6;937,9;937,6;2432,3;31,3;11,7;31,3;28,9;12,4;10,9;34;29;30;340;6,4;3,2;
2021/08/23;1400 UTC;0;937,4;937,7;937,4;2856;32,6;12,2;33;30,6;13,3;10,4;32;28;29;1;6,9;2,6;
2021/08/23;1500 UTC;0;936,4;937,4;936,4;3062,8;32,9;15,6;34,1;32,2;16,2;12;36;29;35;16;7;2,5;
2021/08/23;1600 UTC;0;935,2;936,4;935,2;3039,1;34;15,6;35;32,8;16,5;12,2;36;27;33;234;6,3;1,3;
2021/08/23;1700 UTC;0;934,1;935,2;934,1;2782,2;34,6;16,3;35,1;32,9;17,7;12,8;38;28;34;301;4,8;1,5;
2021/08/23;1800 UTC;0;933,3;934,1;933,3;2175;34;16,6;34,6;33,1;17,7;15,4;38;33;35;320;4,9;,4;
2021/08/23;1900 UTC;0;933,1;933,3;933,1;1467,9;33,3;16,8;35,2;33;18,1;16,4;39;34;37;83;4,7;1,5;
2021/08/23;2000 UTC;0;933,4;933,4;933,1;272,3;31,8;14,2;33,4;31,8;17;13,9;38;33;34;64;4,2;,7;
2021/08/23;2100 UTC;0;933,9;933,9;933,4;33;29,1;11,2;31,8;28,8;14;11,2;36;33;33;349;2,1;0;
2021/08/23;2200 UTC;0;934,1;934,1;933,8;;27;9,7;29,2;27;11,3;9,4;34;32;34;263;1,9;,5;
2021/08/23;2300 UTC;0;934,6;934,6;934,1;;26,3;9,8;27;26;9,8;9,2;35;34;35;265;2,2;,8;
2021/08/24;0000 UTC;0;935;935;934,6;;25,2;9,1;26,3;25,2;9,8;9,1;36;35;36;277;2,2;,2;
2021/08/24;0100 UTC;0;935,4;935,4;935;;23,3;8,7;25,2;23,2;9,3;8,3;40;36;40;253;2;0;
2021/08/24;0200 UTC;0;935,5;935,5;935,4;;23,5;9,3;23,9;23,1;9,7;8,7;41;40;40;274;1,8;,1;
2021/08/24;0300 UTC;0;935;935,5;935;;22,7;9,1;23,5;22,7;9,3;9;42;40;42;264;2,2;,4;
2021/08/24;0400 UTC;0;934,6;935,1;934,6;;22,3;9,3;22,7;20,1;9,6;7,5;45;42;44;252;2,8;,3;
2021/08/24;0500 UTC;0;934,2;934,6;934,2;;21,7;9,4;22,5;20,9;9,5;8,3;46;43;46;214;1,5;0;
2021/08/24;0600 UTC;0;934;934,2;934;;22,9;9;23,7;21,6;10,3;8,5;46;41;41;101;1,8;,2;
2021/08/24;0700 UTC;0;934,1;934,1;934;;22,7;9,3;23,3;21,8;9,6;8,5;43;41;43;126;2,9;1,2;
2021/08/24;0800 UTC;0;934,5;934,5;934,1;;23;9,2;23,8;21,8;10;8,4;43;41;41;111;3,4;1,4;
2021/08/24;0900 UTC;0;935,3;935,3;934,5;;21,3;8,8;23,3;21,3;9,6;8,6;45;41;45;193;3,4;,1;
2021/08/24;1000 UTC;0;936,1;936,1;935,3;225,7;24;11,1;24;21,2;11,1;8,8;46;44;44;199;1,6;0;
2021/08/24;1100 UTC;0;936,8;936,8;936,1;1040,5;27,7;11,8;27,7;24;12,1;10,8;44;37;37;35;2;,2;
2021/08/24;1200 UTC;0;937,1;937,1;936,8;1808;30;12,3;30;27,5;12,6;11,2;37;32;34;16;4,9;1,9;
2021/08/24;1300 UTC;0;937;937,3;937;2425,6;31,9;11,8;31,9;30;12,7;10,7;34;28;29;349;7,8;3,3;
2021/08/24;1400 UTC;0;936,4;937;936,4;2834,8;33,6;16,6;33,8;31,7;16,6;11,2;36;28;36;332;7,1;2,8;
2021/08/24;1500 UTC;0;935,5;936,4;935,5;3034,8;33,3;18;34,7;33,1;18,7;14,5;41;32;40;135;6,8;1,6;
2021/08/24;1600 UTC;0;934,5;935,5;934,5;2931,3;34,3;18,4;36;33;20,9;16,4;43;34;39;42;6,5;1,5;
2021/08/24;1700 UTC;0;933,4;934,5;933,4;2825,2;35,9;17,6;36,3;34,1;20;17,5;41;33;34;323;4,5;1,7;
2021/08/24;1800 UTC;0;932,6;933,4;932,6;1894,8;34,2;17,9;35,9;33,6;19,2;16,4;40;34;38;56;4,9;,5;
2021/08/24;1900 UTC;0;932,5;932,7;932,4;1325,3;33,5;17,7;34,5;33,5;19,1;17,2;41;37;39;98;5,5;1,2;
2021/08/24;2000 UTC;0;932,6;932,7;932,5;252,8;31,9;15,4;33,9;31,9;17,7;15,4;40;36;37;70;2,9;0;
2021/08/24;2100 UTC;0;933;933;932,6;25,5;29,7;12,7;31,9;29,4;15,2;12,4;37;33;35;255;,9;0;
2021/08/24;2200 UTC;0;933,5;933,5;933;;27,1;10,9;29,7;27,1;12,6;10,9;37;35;36;274;2,2;,1;
2021/08/24;2300 UTC;0;934,2;934,2;933,5;;26,3;10,3;27,1;26,2;11;10,3;37;36;37;274;2,3;,8;
2021/08/25;0000 UTC;0;934,6;934,6;934,2;;25,6;10;26,6;25,4;10,6;9,8;38;36;37;259;2,3;,5;
2021/08/25;0100 UTC;0;935,1;935,1;934,6;;24,5;9,7;25,6;24,5;10,4;9,5;39;37;39;316;2,5;0;
2021/08/25;0200 UTC;0;935;935,1;935;;23,4;10,3;24,7;23,2;10,4;9,2;44;39;44;265;1,3;0;
2021/08/25;0300 UTC;0;935;935,1;934,9;;23,5;10,4;23,8;23,1;10,5;10;44;43;43;247;0;0;
2021/08/25;0400 UTC;0;934,4;935;934,4;;23;10,3;23,6;22,3;10,5;9,8;46;43;44;259;0;0;
2021/08/25;0500 UTC;0;934,1;934,4;934,1;;21,9;9,8;23,3;21,4;10,5;9,1;46;44;46;324;0;0;
2021/08/25;0600 UTC;0;934;934,1;934;;22,4;9,4;23,3;21,9;10,8;9,3;46;43;43;176;0;0;
2021/08/25;0700 UTC;0;933,8;934;933,8;;22,9;9,8;23,2;22;10,2;9,2;45;43;43;160;0;0;
2021/08/25;0800 UTC;0;934,1;934,1;933,8;;22,6;9,1;23,8;22,4;10,4;9;43;42;42;180;,9;,1;
2021/08/25;0900 UTC;0;934,6;934,6;934,1;;22,7;9,6;22,9;22,1;9,6;8,8;43;42;43;229;1,1;,1;
2021/08/25;1000 UTC;0;935;935;934,6;225,9;24,9;11,6;24,9;22,3;11,6;9,4;46;43;43;205;1,1;0;
2021/08/25;1100 UTC;0;935,5;935,6;935;1021,1;29;12,1;29;24,9;12,5;11,8;43;35;35;7;2,8;,8;
2021/08/25;1200 UTC;0;936;936;935,5;1792,3;30,1;11,2;30,5;28,9;12,1;10,5;35;31;31;74;6,1;1,9;
2021/08/25;1300 UTC;0;935,9;936,2;935,9;2421,5;31,6;12,3;32;29,9;12,4;10,8;31;28;31;346;7,8;2,7;
2021/08/25;1400 UTC;0;935,3;936;935,3;2837,1;34,2;15,7;34,3;31,6;16,1;11,9;34;28;33;1;6,5;1,9;
2021/08/25;1500 UTC;0;934,7;935,3;934,7;3022,2;34,8;18,2;35,8;33,3;18,4;13,9;38;30;38;277;6,2;2;
2021/08/25;1600 UTC;0;933,7;934,7;933,7;3010,9;34,2;18;35,9;34,2;19,8;15,3;40;31;38;21;7,7;2,7;
2021/08/25;1700 UTC;0;932,6;933,7;932,6;2725,1;35,4;15,3;36;33,6;18,8;15;39;30;30;360;8,7;3,4;
2021/08/25;1800 UTC;0;932,2;932,7;932,2;1704,3;34,7;18,7;36,1;33,8;18,7;14,3;39;28;39;70;8,7;1,8;
2021/08/25;1900 UTC;0;932,5;932,5;932,2;1483,9;34,7;17,5;36,1;34;20,6;16,6;43;34;36;4;7,1;1,9;
2021/08/25;2000 UTC;0;932,7;932,7;932,5;293,6;32,2;15;34,9;32,2;18,5;14,1;38;32;35;346;4,6;1,3;
2021/08/25;2100 UTC;0;933,4;933,4;932,7;19,2;30,4;13,2;32,2;30,3;15,3;13,2;37;35;35;266;2,6;,5;
2021/08/25;2200 UTC;0;934,1;934,1;933,4;;28,7;10,4;30,4;28,7;13;10,4;35;32;32;268;3,2;1,3;
2021/08/25;2300 UTC;0;934,7;934,7;934,1;;27,6;9,6;28,7;27,5;10,4;9,6;33;32;32;274;3,2;1,2;
2021/08/26;0000 UTC;0;935;935;934,7;;26,9;9,3;27,6;26,9;9,7;9,3;33;32;33;275;2,3;,6;
2021/08/26;0100 UTC;0;935,4;935,4;935;;26,7;9,2;27;25,9;9,3;8,6;34;33;33;273;2,1;,4;
2021/08/26;0200 UTC;0;935,5;935,5;935,3;;24,9;8,2;27;24,9;9,5;8,1;35;33;35;300;2,6;,5;
2021/08/26;0300 UTC;0;935,4;935,6;935,4;;24,5;8,6;25,3;24,5;8,9;8,3;37;35;37;311;3,6;,5;
2021/08/26;0400 UTC;0;934,8;935,4;934,8;;23;8,9;24,4;22,9;8,9;8,4;41;36;41;320;2,3;,1;
2021/08/26;0500 UTC;0;934,4;934,8;934,4;;24,2;9,5;24,2;23;9,6;8,9;41;39;39;275;2,7;,7;
2021/08/26;0600 UTC;0;934,2;934,4;934,2;;23,5;8,9;24,2;23,3;9,4;8,5;39;38;39;303;2,4;,5;
2021/08/26;0700 UTC;0;933,9;934,2;933,8;;24;9,2;24,3;23,6;9,5;9;39;39;39;277;2,4;,6;
2021/08/26;0800 UTC;0;934,1;934,1;933,8;;22,9;8,7;24;22,9;9,2;8,6;40;39;40;271;2,2;0;
2021/08/26;0900 UTC;0;934,7;934,7;934,1;;20,3;8,3;23,1;20,3;8,9;7,2;46;40;46;194;1,2;0;
2021/08/26;1000 UTC;0;935,4;935,5;934,7;221,9;22,6;11,1;22,6;20,3;11,1;8,4;48;46;48;156;1,5;0;
2021/08/26;1100 UTC;0;936,1;936,1;935,4;1005,4;27,5;13,6;27,7;22,4;13,8;10,8;48;42;42;72;1,9;,2;
2021/08/26;1200 UTC;0;936,3;936,3;936,1;1669,4;30,6;13,6;30,6;27,2;14;13;42;35;35;59;2,9;,7;
2021/08/26;1300 UTC;0;936,2;936,4;936,1;2332,7;34;18,8;34;30,4;18,8;13;41;33;41;107;3,3;,6;
2021/08/26;1400 UTC;0;935,5;936,2;935,5;2780,8;35,5;17,4;36;34;20,5;16,2;42;33;34;344;7,9;3;
2021/08/26;1500 UTC;0;934,7;935,6;934,7;2144,4;34,3;19,3;36;34;20,4;16,2;43;32;41;291;7,9;1,3;
2021/08/26;1600 UTC;0;934;934,7;934;1474;34,9;18,4;36,7;33,6;21,8;16,6;43;35;38;307;5,1;1,1;
2021/08/26;1700 UTC;0;933,2;934;933,2;1974,8;37,1;19,7;37,5;34,5;21,9;18,5;41;36;36;283;4,7;1,4;
2021/08/26;1800 UTC;0;932,8;933,2;932,8;1784,7;34,8;18,2;37,1;34,8;20,6;17;41;33;38;335;5,7;1,6;
2021/08/26;1900 UTC;0;933;933;932,7;772,9;34,2;17,3;35,7;34,2;19,3;16,8;39;35;37;320;3,9;,7;
2021/08/26;2000 UTC;0;933,6;933,6;933;337,6;33,6;17,4;34,3;33,6;17,9;17,1;39;36;38;256;4;1,9;
2021/08/26;2100 UTC;0;934,2;934,2;933,6;23,8;30,5;13,7;33,6;30,5;17,5;13,7;39;36;36;273;3,8;0;
2021/08/26;2200 UTC;0;935,2;935,2;934,2;;28,3;10,9;30,5;28,3;13,6;10,9;36;33;34;220;3,3;1;
2021/08/26;2300 UTC;0;936,1;936,1;935,2;;27,2;13;28,3;27,1;13,2;10,9;42;34;42;175;4,5;,6;
2021/08/27;0000 UTC;0;936,4;936,5;936,1;;25,8;13,1;27,2;25,8;13,2;12,7;45;42;45;223;2,2;0;
2021/08/27;0100 UTC;0;937;937;936,4;;25;12,9;25,8;24,9;13,3;12,8;47;45;47;336;1,8;0;
2021/08/27;0200 UTC;0;937,1;937,3;937;;24,6;12,8;25,8;24,6;13,5;12,7;48;46;48;201;2,9;,1;
2021/08/27;0300 UTC;0;937;937,2;937;;24,1;12,7;24,7;23,8;13;12,5;49;48;49;222;2,6;,1;
2021/08/27;0400 UTC;0;936,6;937;936,6;;22,9;12;24,1;22,9;12,7;12;51;49;50;210;2,6;0;
2021/08/27;0500 UTC;0;936,6;936,6;936,2;;22,6;12;22,9;22,1;12;11,6;52;51;51;121;1,9;,2;
2021/08/27;0600 UTC;0;936,2;936,7;936,2;;23;12,1;23;22,2;12,4;11,4;52;50;50;207;2,9;,1;
2021/08/27;0700 UTC;0;936,7;936,8;936,1;;22,2;11,1;23;22,1;12,1;10,9;50;49;49;176;5,4;1,2;
2021/08/27;0800 UTC;0;936,6;936,7;936,5;;21,4;11;22,2;21,3;11,1;10,7;51;49;51;197;5,4;,2;
2021/08/27;0900 UTC;0;937,2;937,2;936,6;;20,5;10,7;21,5;20,3;11;10,1;53;51;53;205;3,9;0;
2021/08/27;1000 UTC;0;938,1;938,1;937,2;192,4;22,4;12,2;22,4;20,5;12,2;10,7;55;53;53;117;1,8;0;
2021/08/27;1100 UTC;0;938,3;938,4;938,1;913;24,3;13;24,5;22,4;13,1;12,2;53;48;49;125;4,5;2,3;
2021/08/27;1200 UTC;0;939;939,1;938,4;1689,6;26;14,3;26,3;24,1;14,8;12,7;50;48;48;128;5,1;2,1;
2021/08/27;1300 UTC;0;938,8;939,1;938,8;2312,7;29,1;15,1;29,1;26;15,1;13,9;48;43;43;158;5,6;1,2;
2021/08/27;1400 UTC;0;937,9;938,8;937,9;2737,7;31,4;15,7;31,4;28,9;16;14,6;43;38;39;107;6;2,5;
2021/08/27;1500 UTC;0;937,1;937,9;937,1;2909,7;33,6;16,7;33,9;31,4;17,6;15,5;40;36;37;116;6,5;1,9;
2021/08/27;1600 UTC;0;935,9;937,1;935,8;2822,9;34,7;19,7;35;33,5;19,9;16,8;43;36;42;117;8;3,2;
2021/08/27;1700 UTC;0;934,9;935,9;934,9;2510,6;35,4;20,6;35,6;33,8;20,9;19,6;44;40;42;67;7,6;2,6;
2021/08/27;1800 UTC;0;934,6;935;934,5;2010,4;34,9;20,3;35,7;34,8;21,2;20;45;41;43;107;7;1,4;
2021/08/27;1900 UTC;0;934,5;934,6;934,4;1234,8;34,7;19,4;35,1;34,4;20,4;18,7;43;39;41;101;5;1;
2021/08/27;2000 UTC;0;934,9;934,9;934,5;322,6;32,9;16,2;34,8;32,9;20;16,2;42;36;37;134;4,5;,6;
2021/08/27;2100 UTC;0;935,1;935,1;934,8;27,3;30,4;13,2;32,9;30,4;16,3;13,2;39;35;35;146;2,6;,2;
2021/08/27;2200 UTC;0;935,5;935,5;935,1;;28,5;11,1;30,4;28,4;13,1;10,9;35;33;34;291;1,3;0;
2021/08/27;2300 UTC;0;936,2;936,2;935,5;;27,2;11,2;28,5;27,1;11,3;10,7;37;34;37;236;0;0;
2021/08/28;0000 UTC;0;937,1;937,1;936,2;;26,3;11,9;28,4;26,3;11,9;11,1;41;36;41;283;5;,3;
2021/08/28;0100 UTC;0;937,7;937,7;937,1;;26;13;26,3;25,9;13;11,9;44;41;44;210;4;,3;
2021/08/28;0200 UTC;0;938;938;937,7;;25,2;12,8;26;25,2;13;12,4;46;44;46;187;6,8;1,1;
2021/08/28;0300 UTC;0;938,3;938,4;938;;24,1;12,8;25,2;23,9;12,9;12,5;49;46;49;163;6,8;,6;
2021/08/28;0400 UTC;0;938;938,3;937,9;;23,3;13,1;24,1;23,3;13,1;12,8;53;49;53;204;4,9;1,2;
2021/08/28;0500 UTC;0;938;938;937,6;;22,5;13,1;23,3;22,5;13,3;13;56;53;56;242;4,9;,3;
2021/08/28;0600 UTC;0;937,9;938;937,7;;21,2;12,4;22,5;21,2;13,1;12,4;57;55;57;229;3,3;,1;
2021/08/28;0700 UTC;0;938,3;938,3;937,9;;20,5;12,1;21,3;20,5;12,5;12,1;59;57;59;263;3,3;0;
2021/08/28;0800 UTC;0;939,1;939,1;938,3;;19,7;11,9;20,5;19,7;12,2;11,9;61;59;61;217;2,5;,2;
2021/08/28;0900 UTC;0;940,3;940,3;939,1;;19,2;11,9;19,7;19,1;12;11,6;63;61;62;186;4,8;,8;
2021/08/28;1000 UTC;0;941,2;941,2;940,3;201;19,6;12,2;19,7;19,2;12,4;11,9;64;62;63;198;5,3;,9;
2021/08/28;1100 UTC;0;941,7;941,7;941,2;910,4;20,5;12,9;20,7;19,6;13;12,2;63;61;62;167;6,6;1,9;
2021/08/28;1200 UTC;0;942,5;942,5;941,7;1620;22,3;14;22,4;20,5;14,2;12,6;62;59;59;181;7,9;1,9;
2021/08/28;1300 UTC;0;942,2;942,6;942,2;2236,7;24,2;14,5;24,3;21,8;14,8;13,4;59;55;55;161;8,5;2,6;
2021/08/28;1400 UTC;0;941,4;942,2;941,4;2600,4;26,8;15,6;27;24,1;15,8;14,3;55;50;50;131;8;3,5;
2021/08/28;1500 UTC;0;940,3;941,5;940,3;2848,7;27,8;14,2;28,7;26;15,7;14,2;50;43;43;133;8,9;3,3;
2021/08/28;1600 UTC;0;939,5;940,3;939,4;2762,7;30,1;14,3;30,1;27,7;15,3;13,6;44;38;38;116;7,4;3,7;
2021/08/28;1700 UTC;0;938,5;939,5;938,5;2526,3;30,1;13,7;31;29,8;14,7;13,3;38;36;37;145;7,3;2;
2021/08/28;1800 UTC;0;937,5;938,5;937,5;2014,6;31;14,4;31,4;30,1;14,7;13,4;37;36;37;115;8,4;2,6;
2021/08/28;1900 UTC;0;937,7;937,7;937,5;1281,5;30,2;13,6;31,3;30,1;14,6;13,5;37;36;36;136;7;2,9;
2021/08/28;2000 UTC;0;938,1;938,1;937,7;333,7;29,4;13,9;30,6;29,4;14;13,3;39;36;39;139;7;1,2;
2021/08/28;2100 UTC;0;938,3;938,3;938,1;34,3;27,5;13,2;29,4;27,5;14,1;13,2;41;39;41;127;3,8;,4;
2021/08/28;2200 UTC;0;938,8;938,8;938,3;;25,9;12,6;27,5;25,7;13,2;12,3;44;41;44;306;2;0;
2021/08/28;2300 UTC;0;939,6;939,6;938,8;;25,7;12,7;26,1;25,4;12,8;12,3;45;44;45;210;1,3;,1;
2021/08/29;0000 UTC;0;940,2;940,2;939,6;;24,9;12,3;25,7;24,8;12,7;12,2;46;44;46;202;3,4;,5;
2021/08/29;0100 UTC;0;940,7;940,7;940,2;;23,4;12;24,8;23,4;12,3;11,9;49;46;49;203;2,3;0;
2021/08/29;0200 UTC;0;940,8;940,8;940,6;;24;12,5;24;23,1;12,8;12;50;49;49;130;4,5;1;
2021/08/29;0300 UTC;0;940,7;940,9;940,7;;22,3;11,7;24;22,3;12,6;11,7;51;49;51;64;4,5;0;
2021/08/29;0400 UTC;0;940,6;940,7;940,5;;21,7;11,5;22,3;21,6;11,9;11,4;53;51;52;237;1,8;,2;
2021/08/29;0500 UTC;0;940;940,6;940;;20,6;11,1;21,7;20,6;11,6;11,1;54;52;54;234;1,4;0;
2021/08/29;0600 UTC;0;940;940;939,8;;20,3;11,4;20,6;19,7;11,4;10,6;57;54;57;231;,9;,1;
2021/08/29;0700 UTC;0;940,6;940,6;940;;20,2;11,5;20,7;19,8;11,8;11,2;58;57;58;215;1,5;0;
2021/08/29;0800 UTC;0;941;941,1;940,5;;20,2;11,6;20,8;20,1;12,1;11,4;58;57;58;129;3,6;1,4;
2021/08/29;0900 UTC;0;941,6;941,6;941;;19,2;11,5;20,2;19,1;11,6;11,1;61;58;61;129;3,6;,3;
2021/08/29;1000 UTC;0;942,3;942,3;941,6;234,2;20,3;12,3;20,5;19,2;12,7;11,5;62;60;60;151;3,2;,5;
2021/08/29;1100 UTC;0;942,6;942,7;942,3;951,5;21,7;13,3;22;20,3;13,9;12,2;60;59;59;153;6,4;1,5;
2021/08/29;1200 UTC;0;942,8;942,9;942,6;1709,2;23,5;14,1;23,6;21,7;14,3;13,2;59;56;56;152;6;2,1;
2021/08/29;1300 UTC;0;942,5;942,8;942,4;2325,4;26,2;14,9;26,5;23,5;15,5;14,2;56;50;50;140;7;2,1;
2021/08/29;1400 UTC;0;941,6;942,5;941,6;2736,1;28,4;15,4;28,6;26;16;14,5;50;45;45;113;7;1,8;
2021/08/29;1500 UTC;0;940,7;941,6;940,7;2903,6;30,7;15,3;30,7;27,9;15,6;14,2;45;39;39;182;5,5;,9;
2021/08/29;1600 UTC;0;939,6;940,7;939,6;2826,4;31,4;15;31,6;29,6;16;14;40;37;37;191;6,2;1,3;
2021/08/29;1700 UTC;0;938,7;939,6;938,7;2564,2;32;15,9;32,2;30,8;16,4;14,3;39;36;38;147;6,9;1,9;
2021/08/29;1800 UTC;0;938,5;938,7;938,3;1560,8;30,4;13,7;32,4;30,3;16,1;13,6;38;35;36;159;6,9;1,9;
2021/08/29;1900 UTC;0;938,4;938,5;938,3;1008,6;30,7;14;31,9;30,3;15,6;13,6;37;36;36;196;6,6;1,9;
2021/08/29;2000 UTC;0;938,8;938,8;938,4;420,9;27,2;13,4;30,7;27,1;14,3;13;43;36;43;206;6,1;2,4;
2021/08/29;2100 UTC;0;939,7;939,7;938,8;32,6;25;12,6;27,2;25;13,7;12,6;47;43;46;209;7;2,4;
2021/08/29;2200 UTC;0;940,3;940,3;939,6;;23,7;11,8;25;23,7;12,6;11,7;47;46;47;174;5,3;,8;
2021/08/29;2300 UTC;0;940,7;940,7;940,3;;23;11,8;23,7;23;11,9;11,7;49;47;49;193;6,1;,6;
2021/08/30;0000 UTC;0;941,2;941,2;940,7;;22,6;11,7;23;22,5;12;11,6;51;49;50;199;4,2;1,1;
2021/08/30;0100 UTC;0;941,6;941,6;941,2;;21,4;11,8;22,5;21,4;11,9;11,6;54;50;54;220;6,1;1;
2021/08/30;0200 UTC;0;941,5;941,8;941,5;;20,1;12,2;21,4;20,1;12,2;11,5;60;54;60;204;5;,9;
2021/08/30;0300 UTC;0;940,4;941,5;940,4;;19,5;13,1;20,2;19,2;13,1;12,2;67;60;67;136;4,7;1,4;
2021/08/30;0400 UTC;0;939,5;940,4;939,5;;19,1;13,1;19,5;19;13,2;12,9;69;67;69;126;4,7;1;
2021/08/30;0500 UTC;0;939,5;939,7;939,3;;18,9;13,3;19,1;18,8;13,3;13;70;68;70;184;4,6;,4;
2021/08/30;0600 UTC;0;939,2;939,6;939,2;;18,6;13;18,9;18,6;13,3;13;71;69;70;107;4,3;,3;
2021/08/30;0700 UTC;0;939;939,4;938,9;;17,8;12,5;18,6;17,8;13,1;12,4;71;70;71;191;4,1;0;
2021/08/30;0800 UTC;0;939,2;939,2;938,9;;17,7;12,5;17,8;17,5;12,6;12,3;72;71;72;122;2,8;,1;
2021/08/30;0900 UTC;0;939,8;939,8;939,2;;17,3;12,3;17,8;17,2;12,6;12,3;73;71;73;258;3,1;0;
2021/08/30;1000 UTC;0;940,4;940,4;939,8;237,2;19;13,9;19;17,2;13,9;12,3;75;72;72;8;2,6;,3;
2021/08/30;1100 UTC;0;940,8;940,8;940,4;991;20,4;14,9;20,4;19;14,9;14;73;71;71;115;4,3;1,5;
2021/08/30;1200 UTC;0;940,9;941;940,8;1855,8;23,2;16,6;23,6;20,4;17,1;14,9;71;66;66;130;5,5;1,3;
2021/08/30;1300 UTC;0;940,8;941;940,8;2416,2;24,9;16,7;25,4;22,6;17,4;15,9;66;60;60;124;6,7;2,6;
2021/08/30;1400 UTC;0;940,1;940,8;940,1;2771,7;27,7;16,6;28,5;24,7;18,4;16,5;61;51;51;113;8,4;4,2;
2021/08/30;1500 UTC;0;938,9;940,1;938,8;3038,2;29,8;16,5;30,3;27,7;17,6;16,1;51;45;45;107;8,4;2,8;
2021/08/30;1600 UTC;0;937,5;938,9;937,5;2301,8;29,8;15,2;30,5;29;16,8;14,9;45;41;41;133;8,1;2;
2021/08/30;1700 UTC;0;936,6;937,5;936,6;1826,2;30,8;15;31,5;29,8;16,6;14,6;42;38;38;139;6,9;1,8;
2021/08/30;1800 UTC;0;936;936,6;935,9;1867,7;32,2;16,2;32,5;30,1;16,4;14,4;39;36;38;159;5,1;1,3;
2021/08/30;1900 UTC;0;935,7;936;935,7;1551,6;31,2;13,8;32,4;30,9;16,3;13,6;38;35;35;106;5,2;1,6;
2021/08/30;2000 UTC;0;935,8;935,8;935,7;373,1;29,8;12,3;31,7;29,8;14,5;12,1;35;33;34;131;4,2;1;
2021/08/30;2100 UTC;0;936,5;936,5;935,8;34,7;26,4;11,1;29,8;26,4;12,6;11;38;34;38;138;5,9;1,4;
2021/08/30;2200 UTC;0;937,6;937,6;936,5;;24,4;10,9;26,4;24,4;11,1;10,6;43;38;43;142;6,2;2,2;
2021/08/30;2300 UTC;0;938,4;938,4;937,6;;22,6;12,4;24,4;22,6;12,4;10,9;53;43;53;141;7,6;1,4;
2021/08/31;0000 UTC;0;939;939,1;938,4;;21,6;12,2;22,6;21,6;12,5;12,2;55;53;55;135;4,5;,8;
2021/08/31;0100 UTC;0;939;939,2;938,9;;20,2;11,6;21,6;20,2;12,2;11,6;58;55;58;37;2,8;0;
2021/08/31;0200 UTC;0;939,1;939,2;939;;21,3;12,6;21,4;20,1;12,9;11,5;59;58;58;101;3,8;2;
2021/08/31;0300 UTC;0;938,7;939,1;938,7;;20,5;11,8;21,4;20,4;12,6;11,6;58;57;58;118;4,4;,8;
2021/08/31;0400 UTC;0;938,2;938,7;938,2;;19,4;11,1;20,5;19,4;11,8;11,1;59;58;59;207;2;0;
2021/08/31;0500 UTC;0;938,2;938,2;938,1;;19;11,1;19,6;19;11,5;11,1;61;59;60;209;0;0;
2021/08/31;0600 UTC;0;938,1;938,2;938,1;;18,6;11;19,1;18,5;11,4;10,9;62;60;61;21;,8;0;
2021/08/31;0700 UTC;0;938,1;938,1;938;;18,4;11;19;18,2;11,3;10,6;62;61;62;137;1,1;0;
2021/08/31;0800 UTC;0;938,7;938,7;938,1;;18,3;10,8;18,7;17,7;11,2;10,2;62;61;62;131;2,4;,7;
2021/08/31;0900 UTC;0;939,3;939,3;938,7;,2;18;10,8;18,3;17,6;10,8;10,1;63;61;63;142;2,7;,6;
2021/08/31;1000 UTC;0;940,2;940,2;939,3;275,2;20;11,7;20,1;17,9;11,8;10,6;63;59;59;136;2,6;,8;
2021/08/31;1100 UTC;0;940,5;940,7;940,2;1124,2;22;13;22;20;13,1;11,7;59;57;57;132;5,3;2,6;
2021/08/31;1200 UTC;0;940,9;940,9;940,5;1902,9;24,9;13,8;25,1;21,9;14,3;12,9;57;50;50;104;6,8;3,3;
2021/08/31;1300 UTC;0;940,5;940,9;940,5;2500,7;27,8;14;28;24,9;14,8;13,4;50;43;43;83;9,8;4,8;
2021/08/31;1400 UTC;0;939,8;940,6;939,7;2894,7;28,7;13;29,5;27,4;14,5;12,6;43;38;38;88;9,6;3,2;
2021/08/31;1500 UTC;0;938,8;939,8;938,7;3064;30,5;13,7;31;28,3;14,5;12,7;39;36;36;80;7,9;3,3;
2021/08/31;1600 UTC;0;937,9;938,8;937,8;3027,6;31,6;12,9;32;30,2;14,4;12,2;36;32;32;80;8,8;3;
2021/08/31;1700 UTC;0;937,1;937,9;937,1;2779,7;31,9;12,9;32,6;30,6;13,7;12,4;33;31;31;72;8,2;1,8;
2021/08/31;1800 UTC;0;936,6;937,1;936,6;2334,7;31,5;12,1;32,8;31;13,9;12,1;32;31;31;104;5,5;1,8;
2021/08/31;1900 UTC;0;936,7;936,7;936,5;1617,8;31,7;11,5;32,5;31,2;12,8;11;31;29;29;137;6,5;2,3;
2021/08/31;2000 UTC;0;937;937,1;936,7;525,9;30,1;11,3;32;30,1;11,9;10,5;31;28;31;131;6;2,3;
2021/08/31;2100 UTC;0;937,3;937,3;937;42;27,7;9,7;30,1;27,7;11,4;9,7;32;31;32;132;6;1,2;
2021/08/31;2200 UTC;0;937,7;937,8;937,3;;25,9;9,6;27,7;25,9;9,7;9,1;36;32;36;132;3,1;0;
2021/08/31;2300 UTC;0;938,4;938,4;937,7;;25;9,6;26;25;10;9,4;38;36;38;291;1,9;0;
