REGIAO:;SE
UF:;SP
ESTACAO:;MARILIA
CODIGO (WMO):;A763
LATITUDE:;-22,235222
LONGITUDE:;-49,965111
ALTITUDE:;660
DATA DE FUNDACAO:;15/05/17
Data;Hora UTC;PRECIPITAÇÃO TOTAL, HORÁRIO (mm);PRESSAO ATMOSFERICA AO NIVEL DA ESTACAO, HORARIA (mB);PRESSÃO ATMOSFERICA MAX.NA HORA ANT. (AUT) (mB);PRESSÃO ATMOSFERICA MIN. NA HORA ANT. (AUT) (mB);RADIACAO GLOBAL (Kj/m²);TEMPERATURA DO AR - BULBO SECO, HORARIA (°C);TEMPERATURA DO PONTO DE ORVALHO (°C);TEMPERATURA MÁXIMA NA HORA ANT. (AUT) (°C);TEMPERATURA MÍNIMA NA HORA ANT. (AUT) (°C);TEMPERATURA ORVALHO MAX. NA HORA ANT. (AUT) (°C);TEMPERATURA ORVALHO MIN. NA HORA ANT. (AUT) (°C);UMIDADE REL. MAX. NA HORA ANT. (AUT) (%);UMIDADE REL. MIN. NA HORA ANT. (AUT) (%);UMIDADE RELATIVA DO AR, HORARIA (%);VENTO, DIREÇÃO HORARIA (gr) (° (gr));VENTO, RAJADA MAXIMA (m/s);VENTO, VELOCIDADE HORARIA (m/s);
2021/01/01;0000 UTC;25;939,9;940,2;939,1;,3;19,3;19;21,3;19,2;20,9;18,9;98;96;98;;;;
2021/01/01;0100 UTC;1;939,8;939,9;939,7;;19;18,8;19,3;19;19;18,7;99;98;99;;;;
2021/01/01;0200 UTC;0;939,2;939,8;939,2;;19,1;18,9;19,2;19;18,9;18,8;99;99;99;;;;
2021/01/01;0300 UTC;0;938,4;939,3;938,4;;19,8;19,6;19,8;19;19,6;18,8;99;99;99;;;;
2021/01/01;0400 UTC;0;938,3;938,4;938,1;;19,8;19,5;20;19,7;19,7;19,4;99;98;98;;;;
2021/01/01;0500 UTC;0;938,4;938,4;938,3;;19,8;19,4;19,9;19,7;19,5;19,3;98;97;97;;;;
2021/01/01;0600 UTC;0;938,4;938,5;938,2;;19,5;19,2;19,8;19,5;19,4;19,1;98;97;98;;;;
2021/01/01;0700 UTC;0;938,1;938,5;938,1;;19,8;19,3;19,8;19,5;19,3;19,1;98;97;97;;;;
2021/01/01;0800 UTC;0;938,3;938,3;937,9;;20,2;19,8;20,3;19,8;19,8;19,2;97;96;97;;;;
2021/01/01;0900 UTC;0;938,4;938,5;938,2;,1;19,6;19,3;20,2;19,6;19,9;19,3;98;97;98;;;;
2021/01/01;1000 UTC;0;938,8;938,8;938,3;91,4;20,2;19,9;20,2;19,6;20;19,3;99;98;99;;;;
2021/01/01;1100 UTC;0;939,1;939,2;938,8;271,2;20,6;20,4;20,6;20,1;20,4;19,8;99;99;99;;;;
2021/01/01;1200 UTC;0;939,6;939,6;939,1;936;22,8;21;22,8;20,6;21,3;20,4;99;88;89;;;;
2021/01/01;1300 UTC;0;940;940;939,6;1506,5;24;21;24,1;22,8;22;20,4;91;83;83;;;;
2021/01/01;1400 UTC;0;940,1;940,2;940;2964,3;26;20,8;26;23,7;21,8;20;86;71;73;;;;
2021/01/01;1500 UTC;0;939,9;940,2;939,9;2917,1;27,7;21,8;27,7;24,7;23;19,8;81;67;70;;;;
2021/01/01;1600 UTC;0;939,7;940;939,7;1508;25,4;20,7;27,7;25,2;21,3;19,9;77;67;75;;;;
2021/01/01;1700 UTC;,2;938,6;939,7;938,6;3229,2;27,2;21,1;27,7;25,4;21,8;20;77;66;69;;;;
2021/01/01;1800 UTC;0;937,5;938,6;937,5;3776,4;27,9;20,3;29,1;27,3;22,3;20,2;70;62;63;;;;
2021/01/01;1900 UTC;8;937,3;937,8;937,3;1257,1;24,8;23,2;27,9;22,3;24,2;19,9;96;64;91;;;;
2021/01/01;2000 UTC;0;937,2;937,4;937;2143,2;26,2;22,2;26,5;24,8;23,2;21,7;91;76;79;;;;
2021/01/01;2100 UTC;0;937,3;937,3;936,9;1032,9;26,1;21,1;26,7;26;22,6;20,7;80;72;74;;;;
2021/01/01;2200 UTC;0;937,4;937,5;937,3;218,1;24,8;20,9;26,2;24,8;21,5;20,7;80;73;79;;;;
2021/01/01;2300 UTC;0;937,5;937,6;937,3;2,2;23,6;21,3;24,8;23,6;21,5;20,9;87;79;87;;;;
2021/01/02;0000 UTC;0;938,2;938,2;937,6;;23,5;21;23,7;22,8;21,5;21;91;86;86;;;;
2021/01/02;0100 UTC;0;938,9;938,9;938,2;;22,5;20,8;23,5;22,5;21;20,7;90;86;90;;;;
2021/01/02;0200 UTC;0;939,1;939,2;938,8;;22,3;20,7;22,6;21,7;20,9;20,7;94;90;90;;;;
2021/01/02;0300 UTC;0;938,6;939,1;938,6;;22,2;20,6;23;22,2;20,7;20,4;91;86;90;;;;
2021/01/02;0400 UTC;0;938,2;938,6;937,8;;21,4;20,7;22,2;21,4;20,9;20,4;96;90;96;;;;
2021/01/02;0500 UTC;0;938,1;938,3;938;;21,6;20,7;21,9;21,4;20,9;20,7;96;94;94;;;;
2021/01/02;0600 UTC;0;937,7;938,1;937,7;;21,3;20,2;21,6;21,3;20,7;20,2;95;93;94;;;;
2021/01/02;0700 UTC;0;937,7;938;937,7;;20,9;20;21,3;20,9;20,2;20;95;94;94;;;;
2021/01/02;0800 UTC;0;938,2;938,2;937,7;;20,7;19,9;20,9;20,6;20,1;19,9;96;94;96;;;;
2021/01/02;0900 UTC;0;938,3;938,3;938,1;1,1;20,6;19,7;20,7;20,5;19,9;19,7;96;95;95;;;;
2021/01/02;1000 UTC;0;938,6;938,6;938,3;191,7;21,2;19,6;21,3;20,5;20;19,6;95;91;91;;;;
2021/01/02;1100 UTC;0;938,6;938,6;938,5;657,8;23,2;20,4;23,3;21,1;20,7;19,6;92;84;84;;;;
2021/01/02;1200 UTC;0;938,9;938,9;938,6;1528,8;23,3;20,8;24,4;22,6;21,2;19,8;86;80;86;;;;
2021/01/02;1300 UTC;0;938,9;939;938,9;1714,5;25,7;21,6;26;23,3;22,4;20,6;86;75;78;;;;
2021/01/02;1400 UTC;,2;938,7;939;938,7;2390,6;26,9;22,7;27,7;25,1;23,5;20,6;81;70;78;;;;
2021/01/02;1500 UTC;0;938,5;938,8;938,5;1508,2;25;20,3;27;24,4;22,6;20,1;80;71;75;;;;
2021/01/02;1600 UTC;0;937,9;938,5;937,9;1078,9;27;21,9;27;25;23,6;20,1;83;70;74;;;;
2021/01/02;1700 UTC;0;937;937,9;937;3962,1;26,9;20,8;29,5;26,9;23,9;20,8;76;62;69;;;;
2021/01/02;1800 UTC;5;936;937;936;2663,5;24,8;22,6;27,4;22,9;22,6;19,3;90;65;88;;;;
2021/01/02;1900 UTC;0;935,5;936,1;935,1;1996,9;24;21;25,5;23,6;23,1;20,3;89;78;84;;;;
2021/01/02;2000 UTC;0;935;935,5;935;1173,4;25,6;20,8;26,4;24;22,8;20,7;89;72;75;;;;
2021/01/02;2100 UTC;0;934,6;935,2;934,6;779,6;25,4;21,5;26,4;24,9;21,9;20,9;82;72;79;;;;
2021/01/02;2200 UTC;0;934,8;934,9;934,6;199,1;23,8;22;25,7;23,8;22;20,8;90;76;90;;;;
2021/01/02;2300 UTC;0;935,2;935,2;934,8;12,9;23,2;20,7;23,9;23;21,8;20,7;91;85;86;;;;
2021/01/03;0000 UTC;0;935,5;935,5;934,9;;22,5;20,3;23,2;22,2;20,8;20,2;91;85;87;;;;
2021/01/03;0100 UTC;0;936,4;936,4;935,5;;22,3;20,1;22,7;22;20,6;20,1;90;87;87;;;;
2021/01/03;0200 UTC;0;936,1;936,5;936;;22,8;19,6;22,9;21,6;20,1;19,6;90;81;82;;;;
2021/01/03;0300 UTC;0;936;936,4;935,9;;21,1;19,7;22,8;21,1;19,8;19,6;92;82;92;;;;
2021/01/03;0400 UTC;0;935,7;936;935,7;;20,6;19,2;21,1;20,6;19,8;19,2;93;91;92;;;;
2021/01/03;0500 UTC;0;935;935,8;935;;20;18,5;20,6;19,9;19,2;18,5;93;91;91;;;;
2021/01/03;0600 UTC;0;935,1;935,3;935;;19,4;18,1;20;19,3;18,5;18,1;93;91;92;;;;
2021/01/03;0700 UTC;0;935,2;935,3;935;;19,1;17,9;19,4;19;18,1;17,9;93;92;93;;;;
2021/01/03;0800 UTC;0;935,6;935,6;935,2;;18,8;17,7;19,2;18,7;17,9;17,7;94;92;94;;;;
2021/01/03;0900 UTC;0;936,1;936,1;935,6;1;18,5;17,3;18,8;18,5;17,7;17,3;94;92;93;;;;
2021/01/03;1000 UTC;0;936,6;936,6;936;355,5;20,1;17,9;20,1;18,5;17,9;17,3;93;86;87;;;;
2021/01/03;1100 UTC;0;937;937;936,5;1217,7;21,5;18,2;21,5;19,9;18,2;17,4;87;81;82;;;;
2021/01/03;1200 UTC;0;937,2;937,2;936,9;2083,9;23,5;18,9;23,5;21,4;19,2;17,9;82;74;75;;;;
2021/01/03;1300 UTC;0;937,2;937,2;937,1;2684,6;24,8;19,8;24,9;23,5;20;18,5;77;70;74;;;;
2021/01/03;1400 UTC;0;937,2;937,2;937,1;3090,3;25,6;19,6;26,2;24,8;21;19,2;76;67;69;;;;
2021/01/03;1500 UTC;0;936,9;937,2;936,8;2899,3;26,2;18,8;27,6;25,2;22,2;18,8;78;63;64;;;;
2021/01/03;1600 UTC;0;936,5;936,9;936,5;2931,7;27,4;20,2;28,5;26,1;21,5;18,9;70;59;65;;;;
2021/01/03;1700 UTC;0;935,7;936,6;935,7;1865,1;27,3;19,9;29,3;26,7;22,2;18,8;73;59;64;;;;
2021/01/03;1800 UTC;0;934,6;935,7;934,6;2295;27,4;20,2;29,2;27,2;21,4;18,8;69;56;65;;;;
2021/01/03;1900 UTC;0;933,6;934,6;933,5;1589,5;29,2;20,7;29,3;26,9;21,5;19;70;57;60;;;;
2021/01/03;2000 UTC;0;932,8;933,6;932,8;2198,8;29,1;19;29,9;28,9;21,1;18,4;62;52;55;;;;
2021/01/03;2100 UTC;0;932,7;932,8;932,7;971,6;27,7;18,9;29,3;27,7;19,9;18,4;62;54;58;;;;
2021/01/03;2200 UTC;0;933,7;933,7;932,7;196;25,5;19,3;27,7;25,5;19,8;18,9;69;59;69;;;;
2021/01/03;2300 UTC;0;934,7;934,8;933,7;8,6;22,9;18,4;25,5;22,8;19,3;18,4;78;68;76;;;;
2021/01/04;0000 UTC;0;935,6;935,6;934,7;;21,8;17,7;22,9;21,8;18,4;17,7;78;74;78;;;;
2021/01/04;0100 UTC;0;936,6;936,6;935,6;;20,6;17,7;21,8;20,6;17,7;17,5;83;78;83;;;;
2021/01/04;0200 UTC;0;936,9;936,9;936,4;;20,1;17,8;20,6;20,1;17,8;17,7;87;83;87;;;;
2021/01/04;0300 UTC;0;936,7;937,1;936,7;;19,8;17,6;20,2;19,6;17,8;17,6;89;86;88;;;;
2021/01/04;0400 UTC;0;936;936,7;936;;19,4;17,2;19,8;19,3;17,6;17,2;88;87;87;;;;
2021/01/04;0500 UTC;0;935,5;936;935,5;;19;17;19,4;18,9;17,2;17;89;87;88;;;;
2021/01/04;0600 UTC;0;935,1;935,5;935,1;;18,5;16,9;19;18,5;17;16,8;90;88;90;;;;
2021/01/04;0700 UTC;0;935,3;935,4;935,1;;18,1;16,7;18,5;18;16,9;16,7;92;90;92;;;;
2021/01/04;0800 UTC;0;935,9;935,9;935,3;;17,8;16,6;18,1;17,7;16,7;16,6;93;91;92;;;;
2021/01/04;0900 UTC;0;936,1;936,1;935,9;,2;17,8;16,5;17,9;17,7;16,6;16,4;93;92;92;;;;
2021/01/04;1000 UTC;0;936,5;936,5;936,1;344,1;19,5;16,8;19,5;17,8;16,8;16,4;92;84;85;;;;
2021/01/04;1100 UTC;0;936,6;936,7;936,5;1214,3;21,6;17,4;21,6;19,5;17,5;16,7;85;77;77;;;;
2021/01/04;1200 UTC;0;936,9;936,9;936,6;2092,3;23,3;17,2;23,4;21,5;17,7;16,8;77;68;69;;;;
2021/01/04;1300 UTC;0;937,5;937,5;936,9;2848,2;25,5;17,8;25,5;23,2;18,2;16,6;70;62;62;;;;
2021/01/04;1400 UTC;0;937,3;937,7;937,3;3377,1;26,3;18,8;26,6;24,8;19;17,3;67;59;63;;;;
2021/01/04;1500 UTC;0;937,3;937,5;937,3;3604,8;27,3;18,8;27,8;25,8;19,5;17,9;64;59;60;;;;
2021/01/04;1600 UTC;0;936,7;937,4;936,7;4061,8;27,9;19,6;28,8;26,9;20,2;18,3;64;56;61;;;;
2021/01/04;1700 UTC;0;936,4;936,7;936,3;2653,5;28,5;19;29,2;27,3;20,7;18,6;62;56;56;;;;
2021/01/04;1800 UTC;0;935,6;936,5;935,6;3354,8;30,2;19,8;30,3;27,8;20,6;18,4;61;51;54;;;;
2021/01/04;1900 UTC;0;934,8;935,6;934,8;1791,1;28,6;18;30,6;28,1;20,5;17,6;58;51;53;;;;
2021/01/04;2000 UTC;0;934,6;934,9;934,6;1604,9;28,9;17,5;30;28,4;19,1;17,1;55;47;50;;;;
2021/01/04;2100 UTC;0;935,3;935,3;934,6;841,1;29;17,4;29,3;28,9;18,8;17,4;54;49;49;;;;
2021/01/04;2200 UTC;0;936,4;936,5;935,3;232,6;24,8;18,3;29,1;24,8;19;17,6;68;50;67;;;;
2021/01/04;2300 UTC;0;936,6;936,7;936,4;4,8;23,7;18,3;24,9;23,7;18,4;18,2;72;67;72;;;;
2021/01/05;0000 UTC;0;936,9;937;936,6;;23,1;18,7;23,7;23;18,8;18,3;77;72;76;;;;
2021/01/05;0100 UTC;0;937,5;937,5;936,9;;21,9;18,3;23,2;21,9;18,6;18,2;80;76;80;;;;
2021/01/05;0200 UTC;0;937,8;937,8;937,5;;21,4;18,6;21,9;21,4;18,6;18,3;84;80;84;;;;
2021/01/05;0300 UTC;0;937,4;937,9;937,4;;21,2;19,3;21,4;20,9;19,3;18,6;89;84;89;;;;
2021/01/05;0400 UTC;0;937,2;937,4;937,1;;21,5;19,4;21,5;21,1;19,5;19,3;90;88;88;;;;
2021/01/05;0500 UTC;0;937,3;937,4;937,2;;21;19,2;21,5;21;19,4;19,2;90;88;89;;;;
2021/01/05;0600 UTC;0;937;937,4;937;;20,8;19;21,1;20,8;19,2;19;90;89;89;;;;
2021/01/05;0700 UTC;0;937,2;937,2;937;;20,4;18,7;20,9;20,4;19;18,7;90;88;90;;;;
2021/01/05;0800 UTC;0;937,4;937,5;937,2;;20,3;18,6;20,5;20,2;18,8;18,6;91;90;90;;;;
2021/01/05;0900 UTC;0;938;938;937,4;;20,8;18,9;20,8;20,1;18,9;18,6;91;89;89;;;;
2021/01/05;1000 UTC;0;938,6;938,6;938;133,3;21;19,3;21;20,8;19,4;18,9;92;89;90;;;;
2021/01/05;1100 UTC;0;938,5;938,6;938,5;1009,8;23,2;19,9;23,2;21;20,1;19,2;90;81;82;;;;
2021/01/05;1200 UTC;0;938,6;938,6;938,4;2038,4;24,8;20,1;24,9;23;20,5;19,4;84;73;75;;;;
2021/01/05;1300 UTC;0;938,4;938,7;938,4;2383,6;24,9;18,8;25,5;23,9;20,2;18,8;76;68;69;;;;
2021/01/05;1400 UTC;0;938,4;938,5;938,4;2190,7;26,2;19,8;26,4;24,9;20,2;18,7;73;65;68;;;;
2021/01/05;1500 UTC;0;938,1;938,4;938;2767,9;27,3;19,3;28;26,2;20,7;18,5;68;59;62;;;;
2021/01/05;1600 UTC;0;937,6;938,1;937,6;3257,6;28;18,9;28,8;27,3;20,7;18,4;65;56;58;;;;
2021/01/05;1700 UTC;0;937;937,6;937;3275,1;29,6;19,7;30,3;28;21,3;18,3;63;53;55;;;;
2021/01/05;1800 UTC;0;936,2;937,1;936,2;3195,7;29,9;19,1;30,5;28,6;20,7;17,9;58;49;52;;;;
2021/01/05;1900 UTC;0;935,2;936,2;935,2;3029,2;30,1;19,1;30,7;29,5;20,2;18,2;55;48;52;;;;
2021/01/05;2000 UTC;0;934,9;935,3;934,9;1588,8;28,9;19;30,1;28,5;20;18,6;57;51;55;;;;
2021/01/05;2100 UTC;0;934,8;934,9;934,7;793,2;28,7;18,6;29,6;28,7;19,9;18;57;50;55;;;;
2021/01/05;2200 UTC;0;935,2;935,2;934,7;164,3;28;19;28,7;28;19,2;18,5;59;55;58;;;;
2021/01/05;2300 UTC;0;936;936;935,2;7,2;27,2;19,3;28;27,1;19,4;19;62;58;62;;;;
2021/01/06;0000 UTC;0;937,2;937,2;936;;25,6;20,2;27,3;25,3;20,5;19,2;74;61;72;;;;
2021/01/06;0100 UTC;0;937,3;937,4;937,2;;25,4;19,9;26,1;25,2;20,1;19,8;73;69;72;;;;
2021/01/06;0200 UTC;0;937,8;937,8;937,3;;25,3;19,7;25,6;25,3;19,9;19,6;72;70;71;;;;
2021/01/06;0300 UTC;0;937,6;937,8;937,6;;24,8;19,6;25,4;24,8;19,7;19,5;73;70;73;;;;
2021/01/06;0400 UTC;0;937;937,6;936,9;;23,8;20;24,8;23,8;20;19,6;79;73;79;;;;
2021/01/06;0500 UTC;0;936,7;937;936,7;;22,9;20,9;23,8;22,8;20,9;20;89;79;89;;;;
2021/01/06;0600 UTC;0;936,6;936,7;936,5;;22,7;20,2;22,9;22,7;21;20,2;90;85;86;;;;
2021/01/06;0700 UTC;0;936,8;936,8;936,6;;22,5;20,2;22,8;22,4;20,2;19,9;87;85;87;;;;
2021/01/06;0800 UTC;0;937,5;937,5;936,8;;22,2;19,5;22,5;22,2;20,4;19,5;89;84;85;;;;
2021/01/06;0900 UTC;0;937,9;937,9;937,4;;22,4;19,7;22,5;22,1;19,7;19,5;86;84;85;;;;
2021/01/06;1000 UTC;0;938,2;938,2;937,8;175,5;23;20;23,3;22,4;20,3;19,7;85;82;83;;;;
2021/01/06;1100 UTC;0;938,7;938,7;938,2;753,3;25,3;20,7;25,3;23;20,7;19,8;83;75;76;;;;
2021/01/06;1200 UTC;0;938,9;939;938,7;1925,6;27,3;21;27,4;24,6;22,1;19,7;77;69;69;;;;
2021/01/06;1300 UTC;0;939,1;939,1;938,9;2780,6;28,6;20,8;28,7;27;21,9;20,4;72;62;63;;;;
2021/01/06;1400 UTC;0;938,7;939,1;938,7;3136,5;28,9;20,5;29,5;28,4;22,3;20,1;67;60;60;;;;
2021/01/06;1500 UTC;0;938;938,7;938;3142,6;29,3;21,2;30,3;28,7;22,5;20,2;67;58;62;;;;
2021/01/06;1600 UTC;2;937,4;938;937,4;1290,5;23,1;21,4;30,1;23;22,4;19,8;90;60;90;;;;
2021/01/06;1700 UTC;0;936,5;937,4;936,5;2866,1;27,7;22,4;28,6;23,1;24,5;21,1;90;68;73;;;;
2021/01/06;1800 UTC;5,2;936,8;937,1;936,2;584;22;21,3;28,3;22;23,3;20,3;96;71;96;;;;
2021/01/06;1900 UTC;,6;935,8;936,9;935,8;81,5;21,8;21,2;22;21,4;21,3;20,5;97;95;97;;;;
2021/01/06;2000 UTC;0;935,6;935,8;935,4;128,7;22,6;21,9;22,6;21,8;21,9;21,1;97;94;96;;;;
2021/01/06;2100 UTC;0;935,9;935,9;935,4;263;23,5;22,6;23,5;22,6;22,6;21,9;96;93;94;;;;
2021/01/06;2200 UTC;0;936,7;936,7;935,8;192,7;22,8;21,9;24,1;22,8;22,6;21,8;95;88;95;;;;
2021/01/06;2300 UTC;0;936,7;936,8;936,4;6,8;22,1;21,1;22,9;21,9;22;21,1;96;94;94;;;;
2021/01/07;0000 UTC;0;937,5;937,5;936,7;;22,3;20,5;22,7;22,1;21,1;20,5;94;88;90;;;;
2021/01/07;0100 UTC;0;938,2;938,2;937,5;;22,8;20,9;22,8;22,3;20,9;20,5;90;87;89;;;;
2021/01/07;0200 UTC;0;938,7;938,8;938,2;;23,3;20,8;23,3;22,7;21,1;20,7;90;86;86;;;;
2021/01/07;0300 UTC;0;938,1;938,8;938,1;;23,3;20,7;23,5;23,1;20,9;20,6;88;84;86;;;;
2021/01/07;0400 UTC;0;937;938,1;937;;22,4;20,9;23,4;22,4;21,1;20,7;91;85;91;;;;
2021/01/07;0500 UTC;0;936,4;937;936,4;;22,2;20,8;22,4;22,2;20,9;20,8;92;91;92;;;;
2021/01/07;0600 UTC;0;936,3;936,4;936,2;;22,2;20,8;22,2;21,9;21;20,8;95;92;92;;;;
2021/01/07;0700 UTC;0;936,2;936,4;936;;21,8;20,7;22,2;21,7;20,8;20,7;94;92;94;;;;
2021/01/07;0800 UTC;0;936,4;936,4;936,2;;21,3;20,6;21,8;21,3;20,7;20,6;95;94;95;;;;
2021/01/07;0900 UTC;0;937,2;937,2;936,4;;21,4;20,7;21,5;21,3;20,8;20,6;96;95;96;;;;
2021/01/07;1000 UTC;,2;938;938;937,2;313,4;22,9;20,9;23,2;21,4;21,4;20,6;96;87;89;;;;
2021/01/07;1100 UTC;0;938,4;938,4;937,9;853,5;23,9;21,1;24,1;22,9;21,3;20,5;89;82;85;;;;
2021/01/07;1200 UTC;0;939,1;939,1;938,3;1583,1;25,8;22,1;25,8;23,9;22,1;20,5;85;77;80;;;;
2021/01/07;1300 UTC;0;939,5;939,6;939,1;2245,1;26,1;21,7;26,3;25,4;22,3;20,6;80;74;77;;;;
2021/01/07;1400 UTC;0;939,4;939,7;939,4;3031,3;27,2;21,3;28;26,1;23;20,9;78;67;70;;;;
2021/01/07;1500 UTC;0;938,8;939,4;938,8;3212,3;28,7;21,8;28,8;27;22,8;21;75;65;66;;;;
2021/01/07;1600 UTC;0;937,7;938,8;937,6;3341,8;29,7;21,4;29,9;27,9;23,4;20,7;73;60;61;;;;
2021/01/07;1700 UTC;0;937,3;937,7;937,2;1468,1;25,5;20,3;30,5;24,9;22;19,9;79;58;73;;;;
2021/01/07;1800 UTC;0;937,5;938;936,6;859,9;22,6;21,2;25,5;22,6;21,8;20,5;92;73;92;;;;
2021/01/07;1900 UTC;0;937,1;937,5;937,1;367,4;22,6;21,1;22,8;22,5;21,5;21;93;90;91;;;;
2021/01/07;2000 UTC;0;937;937,1;936,7;420,5;22,8;20,2;22,8;22,4;21,2;19,9;92;84;85;;;;
2021/01/07;2100 UTC;0;936,9;937,3;936,9;359,1;22,6;19,9;22,8;22,5;20,6;19,7;88;84;85;;;;
2021/01/07;2200 UTC;0;936,7;936,9;936,5;159,8;22,1;19,7;22,6;22;20,3;19,7;89;85;87;;;;
2021/01/07;2300 UTC;0;937,3;937,4;936,7;3,6;21,8;19,8;22,1;21,7;20;19,7;90;87;88;;;;
2021/01/08;0000 UTC;0;938,2;938,2;937,2;;22,1;20,2;22,1;21,6;20,2;19,8;90;88;89;;;;
2021/01/08;0100 UTC;0;939;939;938,1;;22,3;20,3;22,3;21,9;20,3;20,1;90;88;88;;;;
2021/01/08;0200 UTC;0;939,2;939,2;939;;22;20,3;22,4;22;20,3;20,2;90;88;90;;;;
2021/01/08;0300 UTC;0;938,9;939,2;938,9;;21,8;20,4;22;21,7;20,4;20,2;92;90;92;;;;
2021/01/08;0400 UTC;0;938;939;938;;21,2;20;21,8;21,2;20,4;20;93;90;93;;;;
2021/01/08;0500 UTC;0;937,4;938;937,4;;21;19,9;21,4;21;20;19,8;93;91;93;;;;
2021/01/08;0600 UTC;0;936,9;937,4;936,8;;20,7;19,8;21;20,7;19,9;19,8;95;93;94;;;;
2021/01/08;0700 UTC;0;936,3;936,9;936,3;;20,5;19,7;20,7;20,5;19,8;19,6;95;94;95;;;;
2021/01/08;0800 UTC;0;936,6;936,6;936,2;;20,6;19,4;20,6;20,5;19,7;19,3;95;92;93;;;;
2021/01/08;0900 UTC;0;937,3;937,3;936,6;;20,3;19,3;20,6;20,2;19,4;19,2;94;92;94;;;;
2021/01/08;1000 UTC;0;938,2;938,2;937,4;181,5;21,4;19,6;21,4;20,3;19,7;19,2;94;89;89;;;;
2021/01/08;1100 UTC;0;938,7;938,7;938,1;816,7;21,4;19,8;22,5;21,3;20,1;19,3;91;85;91;;;;
2021/01/08;1200 UTC;0;938,9;939;938,7;640,7;21,7;20,8;21,7;20,8;20,8;19,7;96;90;94;;;;
2021/01/08;1300 UTC;0;938,9;939;938,8;1486,3;23,2;21,1;23,7;21,6;21,2;19,8;95;82;88;;;;
2021/01/08;1400 UTC;0;938,8;939;938,8;2388,3;25,3;20,4;26;23,3;21,9;19,9;88;73;74;;;;
2021/01/08;1500 UTC;,2;938,2;938,8;938,2;3337,3;26,1;21,2;27;24,9;22;20;79;69;74;;;;
2021/01/08;1600 UTC;0;937,7;938,2;937,7;3309,5;28,2;22,3;28,5;26,1;22,6;20,2;76;66;70;;;;
2021/01/08;1700 UTC;0;937,1;937,7;937,1;3553,5;28,4;21,2;29;27,6;22,5;20,4;71;61;65;;;;
2021/01/08;1800 UTC;0;936,3;937,1;936,3;2790;28,2;20,7;30,3;28,1;22,8;19,8;68;55;64;;;;
2021/01/08;1900 UTC;0;935,4;936,4;935,4;2032,7;28,4;21,3;30,1;27,8;22;19,9;68;56;65;;;;
2021/01/08;2000 UTC;0;934,9;935,5;934,9;1791,7;29,3;19,9;30,1;28,4;21,5;19,3;66;55;57;;;;
2021/01/08;2100 UTC;0;934,8;934,9;934,7;1066,7;28,7;19;29,9;28,6;20,7;19;59;56;56;;;;
2021/01/08;2200 UTC;0;935,4;935,4;934,8;204;26,7;19,8;28,8;26,7;19,8;19,1;66;56;66;;;;
2021/01/08;2300 UTC;0;936,4;936,4;935,4;4,2;25,1;19,8;26,7;25,1;20;19,7;73;66;73;;;;
2021/01/09;0000 UTC;0;936,7;936,7;936,3;;24,6;19,8;25,1;24,6;20;19,7;75;72;74;;;;
2021/01/09;0100 UTC;0;937,1;937,1;936,7;;24,1;20;24,8;24;20,1;19,8;78;74;78;;;;
2021/01/09;0200 UTC;0;937,4;937,5;937,1;;24,5;20,2;25,1;24,1;20,3;19,9;78;75;77;;;;
2021/01/09;0300 UTC;0;936,8;937,4;936,7;;24,3;20,4;24,5;23,9;20,5;20,2;80;77;79;;;;
2021/01/09;0400 UTC;0;936,4;936,7;936,4;;22,2;20,3;24,3;22,2;20,5;20,3;89;79;89;;;;
2021/01/09;0500 UTC;0;936;936,4;936;;22;20,6;22,2;21,6;20,7;20,1;93;88;92;;;;
2021/01/09;0600 UTC;0;935,5;936;935,4;;22,1;20,7;22,3;21,8;20,9;20,5;93;91;92;;;;
2021/01/09;0700 UTC;0;935,6;935,6;935,5;;21,2;20,5;22,1;21,1;20,8;20,4;96;92;96;;;;
2021/01/09;0800 UTC;0;935,5;935,6;935,5;;20,8;20,4;21,2;20,7;20,5;20,2;97;96;97;;;;
2021/01/09;0900 UTC;0;935,9;935,9;935,4;;21,4;20,1;21,5;20,8;20,6;20,1;97;93;93;;;;
2021/01/09;1000 UTC;0;936,8;936,8;935,9;263,8;23;20,9;23;21,3;21;20,1;93;88;88;;;;
2021/01/09;1100 UTC;0;937;937;936,7;1094,3;25,2;21,3;25,2;23;21,5;20,7;88;78;79;;;;
2021/01/09;1200 UTC;0;937,3;937,3;936,9;1947,7;26,5;21,5;26,6;25;22;20,7;79;73;74;;;;
2021/01/09;1300 UTC;0;937,6;937,6;937,3;1299,2;26,3;21,6;26,9;25,5;22,1;20,8;78;72;76;;;;
2021/01/09;1400 UTC;0;937,5;937,6;937,4;1949,6;26,4;20,7;28,4;26,3;22,7;20,5;77;66;71;;;;
2021/01/09;1500 UTC;0;937,3;937,5;937,3;2634,3;29,2;20,9;29,4;26,4;23,3;20,6;74;61;61;;;;
2021/01/09;1600 UTC;0;936,7;937,3;936,7;4030,3;29,5;20,8;30,6;28,8;22,8;20,4;66;57;60;;;;
2021/01/09;1700 UTC;0;936,1;936,7;936,1;3013;30,5;21,4;30,9;29,1;23,6;20,5;67;57;58;;;;
2021/01/09;1800 UTC;0;935,5;936,1;935,5;3389;31,2;20,9;31,5;30,4;22,9;20,9;62;54;54;;;;
2021/01/09;1900 UTC;0;934,7;935,5;934,7;2486,5;29,7;21,9;32,1;29,3;23,4;20,5;68;52;63;;;;
2021/01/09;2000 UTC;0;934;934,7;934;1364,2;30;22,2;30,4;29;23,1;20,8;67;59;63;;;;
2021/01/09;2100 UTC;0;933,9;934,1;933,9;936;29,1;20,6;30,3;28,7;21,9;20,1;64;58;60;;;;
2021/01/09;2200 UTC;0;934,3;934,3;933,9;209,6;27;20,5;29,1;27;20,9;19,7;68;58;68;;;;
2021/01/09;2300 UTC;0;935,2;935,2;934,3;6;24,8;21,6;27;24,8;21,6;20,6;83;68;82;;;;
2021/01/10;0000 UTC;0;935,8;935,8;935,2;;24,1;21,3;24,8;24;21,6;21,3;85;82;85;;;;
2021/01/10;0100 UTC;0;937,2;937,2;935,8;;24,2;21,4;24,6;24;21,5;21,3;85;82;84;;;;
2021/01/10;0200 UTC;0;938,4;938,4;937,1;;23,6;21,4;24,3;23,6;21,5;21,3;87;84;87;;;;
2021/01/10;0300 UTC;0;937,7;938,4;937,6;;23,5;21,5;23,6;23;21,5;21,3;91;87;88;;;;
2021/01/10;0400 UTC;0;937,1;937,7;937,1;;22,6;21,4;23,6;22,6;21,5;21,3;93;88;93;;;;
2021/01/10;0500 UTC;0;936,4;937,1;936,3;;22;21,2;22,6;22;21,5;21,2;95;93;95;;;;
2021/01/10;0600 UTC;0;936;936,4;935,9;;21,8;20,8;22;21,6;21,2;20,8;96;94;94;;;;
2021/01/10;0700 UTC;0;936;936,1;935,9;;21,2;20,6;21,8;21,1;20,8;20,6;97;94;97;;;;
2021/01/10;0800 UTC;0;936,2;936,2;935,9;;21,2;20,3;21,2;21;20,7;20,3;97;95;95;;;;
2021/01/10;0900 UTC;0;936,7;936,7;936,2;;20,9;20;21,2;20,9;20,3;19,9;95;94;95;;;;
2021/01/10;1000 UTC;0;937,3;937,3;936,7;216,6;21,8;20,3;21,8;20,8;20,3;19,9;95;91;91;;;;
2021/01/10;1100 UTC;0;937,6;937,8;937,3;640,5;22,4;20,5;22,6;21,8;20,9;20,2;92;88;89;;;;
2021/01/10;1200 UTC;0;938,3;938,3;937,6;1339,3;24,9;21,5;25,1;22,4;21,9;20,5;90;81;81;;;;
2021/01/10;1300 UTC;0;938,8;938,9;938,3;2222,3;26,9;22,5;27;24,6;22,9;20,8;85;76;77;;;;
2021/01/10;1400 UTC;0;938,6;938,9;938,6;2579,8;28,5;23,1;28,5;26,5;23,1;21,3;79;71;73;;;;
2021/01/10;1500 UTC;0;938;938,6;938;3632,8;29;23;30,1;27,9;24,4;21,8;75;66;70;;;;
2021/01/10;1600 UTC;0;937,5;938,1;937,5;3274,6;30,8;23,7;30,8;29;24,5;21,6;73;63;66;;;;
2021/01/10;1700 UTC;0;936,6;937,5;936,6;3052,2;31,1;23;31,2;29,9;23,6;21,6;67;59;62;;;;
2021/01/10;1800 UTC;0;936,1;936,6;935,9;3246,5;30,7;22,1;31,8;30,7;24;21;64;54;60;;;;
2021/01/10;1900 UTC;0;935,2;936,1;935,2;2429,4;30,5;22,5;30,9;30,4;23,4;21,4;65;57;62;;;;
2021/01/10;2000 UTC;0;935;935,2;934,8;1863,9;30,1;22,4;30,8;29,9;23,6;21,9;67;61;63;;;;
2021/01/10;2100 UTC;0;935,4;935,4;934,8;976;29,1;21,6;30,1;29,1;22,6;21,1;66;61;64;;;;
2021/01/10;2200 UTC;0;935,7;935,7;935,2;234,8;27,2;19,7;29,1;27,2;21,8;19,6;67;61;64;;;;
2021/01/10;2300 UTC;0;936,6;936,6;935,7;5,1;25,8;20,4;27,3;25,5;20,4;19,7;73;63;72;;;;
2021/01/11;0000 UTC;0;936,4;936,6;936,3;;24,8;20,8;25,8;24,6;20,8;20,4;79;72;79;;;;
2021/01/11;0100 UTC;0;937;937;936,4;;23,7;21,2;24,8;23,6;21,2;20,8;86;79;86;;;;
2021/01/11;0200 UTC;0;937,3;937,7;937,1;;24,7;20,7;24,8;23,7;21,2;20,7;86;78;78;;;;
2021/01/11;0300 UTC;0;936,8;937,4;936,8;;23,3;20,2;24,7;23,3;20,7;20;83;77;83;;;;
2021/01/11;0400 UTC;0;936,4;936,9;936,4;;22,9;20,3;23,4;22,5;20,3;20,1;87;82;85;;;;
2021/01/11;0500 UTC;0;936,2;936,4;936,1;;22,1;20,5;22,9;22;20,5;20,2;91;85;91;;;;
2021/01/11;0600 UTC;0;935,8;936,2;935,7;;21,7;20,4;22,2;21,7;20,5;20,4;92;90;92;;;;
2021/01/11;0700 UTC;0;935,9;935,9;935,7;;21,5;20,4;21,8;21,5;20,5;20,4;94;92;94;;;;
2021/01/11;0800 UTC;0;936,3;936,3;935,8;;21,3;20,4;21,6;21,2;20,5;20,4;95;93;95;;;;
2021/01/11;0900 UTC;0;936,7;936,7;936,3;;21,2;20,4;21,3;21,1;20,5;20,3;96;95;95;;;;
2021/01/11;1000 UTC;0;937,5;937,5;936,7;132,6;21,7;20,5;21,7;21,2;20,5;20,4;96;93;93;;;;
2021/01/11;1100 UTC;0;937,9;937,9;937,5;569,5;23,1;20,9;23,1;21,7;21,1;20,5;93;87;88;;;;
2021/01/11;1200 UTC;0;938,2;938,2;937,9;1478,5;24,5;21,4;24,8;23,1;21,8;20,9;88;81;83;;;;
2021/01/11;1300 UTC;0;938,2;938,2;938,1;2021,7;26,8;22,4;26,8;24,5;22,6;21,1;84;76;77;;;;
2021/01/11;1400 UTC;0;938;938,3;937,9;2322,7;26,4;22,1;27,6;26,1;23,1;21,5;79;73;77;;;;
2021/01/11;1500 UTC;0;937,5;938;937,5;1208,4;27,2;22,5;27,6;26,4;23,2;22,1;80;72;75;;;;
2021/01/11;1600 UTC;0;937,3;937,5;937,3;1409,7;28,5;23,4;28,8;27,2;24,5;22,3;79;69;74;;;;
2021/01/11;1700 UTC;0;936,8;937,3;936,8;2459,5;28,4;22,4;29,6;27,9;24;22,1;76;67;70;;;;
2021/01/11;1800 UTC;0;936,1;936,8;936,1;2315,6;29,6;21,7;31,5;28,4;24,6;21,7;75;61;63;;;;
2021/01/11;1900 UTC;0;934,8;936,1;934,8;1671,3;29;23,1;30,5;29;23,9;21,5;71;60;71;;;;
2021/01/11;2000 UTC;0;934,5;934,8;934,5;2115,1;30,8;22,1;31,5;29;23,4;21,5;71;57;60;;;;
2021/01/11;2100 UTC;0;934,8;934,8;934,5;895,3;29,1;21,9;31,2;29,1;22,5;21,4;67;56;65;;;;
2021/01/11;2200 UTC;0;935,2;935,2;934,7;191,2;27,1;21,4;29,1;27,1;22,4;21,3;72;65;71;;;;
2021/01/11;2300 UTC;0;935,4;935,6;935,2;12,4;25,6;21;27,1;25,6;21,6;21;76;71;76;;;;
2021/01/12;0000 UTC;0;935,7;935,7;935,3;;26,5;21,2;26,5;25,5;21,2;20,9;77;73;73;;;;
2021/01/12;0100 UTC;0;936;936;935,7;;26,6;21,1;26,9;26,3;21,4;20,9;74;70;72;;;;
2021/01/12;0200 UTC;0;936,4;936,4;935,9;;25;21,2;26,6;25;21,2;20,9;79;72;79;;;;
2021/01/12;0300 UTC;0;936,7;936,7;936,4;;24,3;21,2;25;24,3;21,2;20,7;83;79;83;;;;
2021/01/12;0400 UTC;0;936,5;936,7;936,5;;25,8;21,2;25,9;24,2;21,4;21;84;76;76;;;;
2021/01/12;0500 UTC;0;936,3;936,7;936,3;;24,8;21,5;25,9;24,8;21,6;21;82;76;82;;;;
2021/01/12;0600 UTC;0;936,4;936,5;936,2;;23,2;21,6;24,9;23;21,7;21,3;91;82;91;;;;
2021/01/12;0700 UTC;0;936,3;936,5;936,2;;23,2;21,9;23,3;22,4;21,9;21,4;94;91;92;;;;
2021/01/12;0800 UTC;0;936,3;936,4;936;;22,6;21,6;23,3;22,6;21,9;21,5;94;92;94;;;;
2021/01/12;0900 UTC;0;936,6;936,7;936,3;;22,9;21,5;23;22,5;21,6;21,5;94;91;92;;;;
2021/01/12;1000 UTC;0;937;937;936,6;178,8;23,4;21,8;23,4;22,8;21,8;21,5;93;91;91;;;;
2021/01/12;1100 UTC;0;937,3;937,3;937;763,3;24,6;22,2;24,7;23,4;22,3;21,7;91;85;86;;;;
2021/01/12;1200 UTC;0;938,1;938,1;937,4;1657,6;27,2;23,1;27,2;24,6;23,2;22,1;86;77;78;;;;
2021/01/12;1300 UTC;0;938,4;938,4;938;2407,4;28,5;23,4;29,1;27,1;24,7;22,6;80;72;74;;;;
2021/01/12;1400 UTC;0;938,1;938,4;938;2838,4;29,3;23;29,9;28,1;24,9;22,2;78;66;69;;;;
2021/01/12;1500 UTC;0;938;938,1;937,9;1542,9;29,4;22,7;29,9;28,7;23,9;22,2;73;67;67;;;;
2021/01/12;1600 UTC;3,2;937,9;938,1;937,5;973,4;22,4;19,9;30;22,4;23,6;19;86;60;86;;;;
2021/01/12;1700 UTC;14,6;935,7;938;935,7;592,4;25,8;24,1;25,8;20,3;24,4;19;98;86;90;;;;
2021/01/12;1800 UTC;0;935,7;935,9;935,1;327,8;23,1;21,9;26,2;23,1;24,3;21,8;95;86;93;;;;
2021/01/12;1900 UTC;0;935,3;935,9;935,1;164,7;23,5;22,2;23,7;22,9;22,3;21,7;94;90;92;;;;
2021/01/12;2000 UTC;0;934,7;935,3;934,7;982,1;26,2;22,1;26,3;23,5;23;22;92;78;78;;;;
2021/01/12;2100 UTC;0;934,5;934,8;934,5;1344,5;26,6;22,7;27,1;26,1;23,4;22,1;83;76;79;;;;
2021/01/12;2200 UTC;0;935,8;935,9;934,5;374,8;25,6;23,2;26,9;25,6;23,5;22,6;87;78;87;;;;
2021/01/12;2300 UTC;0;935,8;935,9;935,7;;24,8;22,5;25,6;24,4;23,4;22,5;92;87;87;;;;
2021/01/13;0000 UTC;0;936,6;936,6;935,8;;24,2;22,7;25,2;24,2;22,9;22,5;92;86;92;;;;
2021/01/13;0100 UTC;0;937,7;937,7;936,6;;25,1;22,1;25,1;24,1;22,9;22;92;83;83;;;;
2021/01/13;0200 UTC;0;938,2;938,4;937,7;;24,4;21,9;25,3;24,3;22,1;21,9;86;82;86;;;;
2021/01/13;0300 UTC;0;937,4;938,3;937,4;;23,6;22,2;24,5;23,6;22,3;21,9;92;86;92;;;;
2021/01/13;0400 UTC;0;937,6;937,6;937,4;;22,8;22,2;23,6;22,6;22,3;22;97;92;96;;;;
2021/01/13;0500 UTC;0;937,1;937,7;936,9;;22,9;21,7;23;22,7;22,2;21,7;96;93;93;;;;
2021/01/13;0600 UTC;0;936,8;937,1;936,8;;22,7;21,7;22,9;22,6;22;21,6;95;93;94;;;;
2021/01/13;0700 UTC;0;936,4;936,8;936,4;;22,9;21,7;23;22,4;21,8;21,6;96;92;93;;;;
2021/01/13;0800 UTC;0;935,7;936,4;935,7;;22,4;21,6;22,9;22,4;21,7;21,6;95;93;95;;;;
2021/01/13;0900 UTC;0;936,3;936,3;935,7;;22;21,2;22,4;21,9;21,5;21,2;96;94;95;;;;
2021/01/13;1000 UTC;0;936,8;936,8;936,3;142,5;22,6;21,3;22,6;21,7;21,4;21;96;93;93;;;;
2021/01/13;1100 UTC;0;937,5;937,5;936,8;1099,8;25,6;22,2;25,6;22,6;22,5;21,2;93;82;82;;;;
2021/01/13;1200 UTC;0;937,9;937,9;937,5;889,8;24,4;21,7;25,6;24;22,2;21,4;89;81;85;;;;
2021/01/13;1300 UTC;,2;938,7;938,7;937,9;825,4;25,4;22,5;25,4;24,2;22,5;21,5;88;84;84;;;;
2021/01/13;1400 UTC;0;938,6;938,7;938,5;2639,8;26,8;22,8;27,4;25,4;23,7;21,7;85;75;79;;;;
2021/01/13;1500 UTC;0;938,4;938,6;938,4;1841,1;28,3;23,6;28,3;26,4;23,9;21,8;80;73;76;;;;
2021/01/13;1600 UTC;0;938;938,5;938;1974,9;28,8;23,1;29,6;26,7;24;22,1;80;68;72;;;;
2021/01/13;1700 UTC;1,2;936,9;938;936,9;1101;27;24,1;28,8;24,8;24,4;22;92;70;84;;;;
2021/01/13;1800 UTC;3;936,4;937;936,2;1422,9;23,2;22,2;27,9;23,2;24,3;22,1;95;76;94;;;;
2021/01/13;1900 UTC;4;936;936,5;935,9;145,8;21,9;21,5;23,2;21,5;22,1;20,9;98;93;98;;;;
2021/01/13;2000 UTC;1;935,3;936,1;935,3;168,5;22,4;21,8;22,4;21,6;21,8;21,3;98;96;97;;;;
2021/01/13;2100 UTC;0;934,9;935,5;934,9;530,4;23,4;22,3;23,7;22,4;22,5;21,5;97;88;94;;;;
2021/01/13;2200 UTC;0;935,8;935,8;934,7;239,5;23,5;22,1;23,5;22,9;22,4;21,7;96;92;92;;;;
2021/01/13;2300 UTC;,2;936,1;936,1;935,8;8,3;22,5;21,9;23,5;22,4;22,2;21,7;96;92;96;;;;
2021/01/14;0000 UTC;0;936,8;936,8;936;;22,8;22,2;22,8;22,4;22,2;21,8;97;95;97;;;;
2021/01/14;0100 UTC;0;937,4;937,4;936,8;;23,2;21,9;23,5;22,8;22,5;21,9;97;91;92;;;;
2021/01/14;0200 UTC;0;938,3;938,4;937,4;;22,9;21,4;23,3;22,9;21,9;21,3;92;90;91;;;;
2021/01/14;0300 UTC;0;938,2;938,4;938,1;1,1;22,6;21,2;23;22,6;21,4;21;92;89;92;;;;
2021/01/14;0400 UTC;0;937,4;938,2;937,4;;22,3;21;22,6;22,3;21,3;21;93;92;92;;;;
2021/01/14;0500 UTC;0;936,8;937,4;936,8;;21,9;20,7;22,3;21,9;21;20,7;93;92;93;;;;
2021/01/14;0600 UTC;0;936;936,8;936;;21,6;20,6;21,9;21,5;20,8;20,6;95;93;94;;;;
2021/01/14;0700 UTC;0;935,7;936;935,4;;21,5;20,6;21,6;21,3;20,6;20,5;95;94;95;;;;
2021/01/14;0800 UTC;0;936,2;936,2;935,7;;21,7;20,8;21,7;21,4;20,8;20,6;95;94;95;;;;
2021/01/14;0900 UTC;0;936,8;936,8;936,2;,7;21,7;20,7;21,7;21,6;20,8;20,7;95;94;94;;;;
2021/01/14;1000 UTC;0;937,4;937,4;936,8;157,5;21,8;20,5;21,8;21,6;20,8;20,5;95;92;92;;;;
2021/01/14;1100 UTC;0;937,8;937,8;937,4;434,5;22,1;20,3;22,2;21,7;20,5;20,1;93;89;89;;;;
2021/01/14;1200 UTC;0;938;938;937,7;830,4;23,6;20,6;23,8;22;21,2;20,1;90;83;84;;;;
2021/01/14;1300 UTC;0;938,3;938,3;938;1128;23,2;20,9;24;22,7;21,2;20,2;87;83;87;;;;
2021/01/14;1400 UTC;0;938,6;938,6;938,3;1268,5;24,3;20,8;24,5;23,2;21,4;20,6;87;81;81;;;;
2021/01/14;1500 UTC;0;938,4;938,7;938,4;1551,5;25,7;21,6;25,7;24;21,8;20,6;84;74;78;;;;
2021/01/14;1600 UTC;0;937,8;938,5;937,8;2486,6;26,7;21,1;27,1;25,7;22,1;20,7;78;69;72;;;;
2021/01/14;1700 UTC;0;937,3;937,8;937,2;1191,9;25,9;22,3;27,1;25;22,6;20,7;84;69;81;;;;
2021/01/14;1800 UTC;0;936,6;937,3;936,6;1176;24,8;22,3;26,1;24,8;22,5;21,1;86;77;86;;;;
2021/01/14;1900 UTC;0;935,7;936,6;935,7;575;23,8;22,8;25;23,4;22,8;22;94;86;94;;;;
2021/01/14;2000 UTC;0;935,4;935,7;935,4;698,5;24,1;21,9;24,6;23,9;23;21,6;94;85;87;;;;
2021/01/14;2100 UTC;0;935,9;935,9;935,2;189;23,2;21,9;24,1;23,2;22,3;21,7;94;87;92;;;;
2021/01/14;2200 UTC;0;936,4;936,4;935,9;27,1;22,1;21,1;23,2;22,1;21,8;21;94;92;94;;;;
2021/01/14;2300 UTC;,2;937,2;937,2;936,4;,4;21,6;20,7;22,3;21,6;21,1;20,7;95;91;95;;;;
2021/01/15;0000 UTC;,8;937,9;937,9;937,2;;20,8;20,1;21,6;20,8;20,7;20,1;96;95;96;;;;
2021/01/15;0100 UTC;,2;938,1;938,2;937,9;;20,7;20,1;20,8;20,6;20,2;20;97;96;97;;;;
2021/01/15;0200 UTC;,2;938,3;938,3;938;;20,4;20,1;20,7;20,4;20,2;20,1;98;97;98;;;;
2021/01/15;0300 UTC;,8;938,3;938,5;938,3;;20,5;20,3;20,6;20,4;20,3;20,1;99;98;99;;;;
2021/01/15;0400 UTC;0;937,9;938,3;937,9;;20,9;20,6;20,9;20,5;20,6;20,3;99;98;98;;;;
2021/01/15;0500 UTC;0;937,1;937,9;937,1;;20,6;20;20,9;20,6;20,6;20;98;96;96;;;;
2021/01/15;0600 UTC;0;936,5;937,1;936,5;;20,4;19,8;20,6;20,4;20;19,8;97;96;96;;;;
2021/01/15;0700 UTC;0;936,5;936,5;936,1;;20,4;19,9;20,4;20,3;19,9;19,8;97;96;97;;;;
2021/01/15;0800 UTC;0;936,8;936,8;936,5;;20,5;19,8;20,5;20,3;19,9;19,8;97;96;96;;;;
2021/01/15;0900 UTC;,2;937,5;937,5;936,7;;20,4;19,9;20,6;20,4;19,9;19,7;97;95;97;;;;
2021/01/15;1000 UTC;0;937,8;937,8;937,5;129,1;20,8;20;20,8;20,4;20;19,8;97;95;95;;;;
2021/01/15;1100 UTC;0;938;938,1;937,8;392,7;21,7;20,2;21,7;20,8;20,3;20;95;91;91;;;;
2021/01/15;1200 UTC;0;938,4;938,4;938;831,7;22,6;20,4;22,6;21,7;20,7;20,1;91;87;87;;;;
2021/01/15;1300 UTC;0;938,7;938,7;938,4;861,6;23,5;20,7;23,6;22,6;21;20,4;88;83;84;;;;
2021/01/15;1400 UTC;0;938,8;938,8;938,5;1214,1;24,3;21,2;24,3;23,5;21,3;20,4;85;81;83;;;;
2021/01/15;1500 UTC;0;938;938,8;938;1383,5;24,5;21;25;24,2;21,9;20,6;85;78;81;;;;
2021/01/15;1600 UTC;0;937,6;938;937,5;1454,8;25,2;21,5;25,6;24,4;22,1;20,9;83;79;80;;;;
2021/01/15;1700 UTC;0;936,5;937,6;936,5;2883,8;26,5;21,1;27,6;25,2;22,3;20,7;81;67;72;;;;
2021/01/15;1800 UTC;0;935,4;936,6;935,4;2369,2;27,2;21,6;28,1;26,3;22,4;20,5;75;67;72;;;;
2021/01/15;1900 UTC;0;934,6;935,4;934,6;1963;27,1;21,1;28,1;26,1;22,2;20,8;75;66;70;;;;
2021/01/15;2000 UTC;0;934,4;934,7;934,3;559,8;22,7;19,8;27,2;22,7;21,7;19,7;84;67;84;;;;
2021/01/15;2100 UTC;,8;934,9;935,1;934,3;52,5;21,3;20,7;22,7;21,2;20,7;19,6;96;84;96;;;;
2021/01/15;2200 UTC;1,4;934,6;934,9;934,5;42,7;21,7;21,3;21,7;21;21,3;20,6;98;96;98;;;;
2021/01/15;2300 UTC;,8;934,8;935;934,6;9,4;21,7;20,5;21,7;21,6;21,3;20,5;98;93;93;;;;
2021/01/16;0000 UTC;,2;935,1;935,1;934,8;;21,3;20,2;21,7;21,3;20,5;19,8;94;91;93;;;;
2021/01/16;0100 UTC;0;936,2;936,2;935,1;;21,6;20,2;21,6;21,3;20,5;19,9;94;90;92;;;;
2021/01/16;0200 UTC;0;936,6;936,7;936,2;,3;21,8;20;21,9;21,6;20,3;20;92;89;90;;;;
2021/01/16;0300 UTC;0;936,3;936,6;936,3;0;21,4;20;21,8;21,3;20;19,9;92;90;92;;;;
2021/01/16;0400 UTC;0;935,9;936,3;935,9;;21,3;20;21,5;21,3;20,1;20;93;92;92;;;;
2021/01/16;0500 UTC;,2;935,8;935,9;935,7;;21,2;20,1;21,4;21,1;20,1;20;94;92;94;;;;
2021/01/16;0600 UTC;0;935,4;935,8;935,4;;20,9;20;21,2;20,9;20,2;20;95;94;95;;;;
2021/01/16;0700 UTC;0;935,2;935,4;935,2;;20,7;20;20,9;20,7;20,1;20;96;95;96;;;;
2021/01/16;0800 UTC;0;935,2;935,2;934,9;;20,8;19,8;20,9;20,6;20;19,8;96;94;94;;;;
2021/01/16;0900 UTC;0;935,8;935,8;935,2;;20,7;20;20,8;20,7;20;19,8;96;94;96;;;;
2021/01/16;1000 UTC;0;936,6;936,6;935,8;74,1;20,9;20,3;20,9;20,7;20,3;20;97;96;96;;;;
2021/01/16;1100 UTC;0;937,2;937,2;936,5;364,5;21,2;20,1;21,2;20,9;20,4;19,7;96;92;93;;;;
2021/01/16;1200 UTC;0;937,3;937,5;937,1;559,1;21,7;20,3;21,7;21,1;20,3;19,8;94;90;91;;;;
2021/01/16;1300 UTC;0;937,7;937,8;937,3;1065,3;22,6;20,5;22,6;21,7;20,6;20,1;91;88;88;;;;
2021/01/16;1400 UTC;0;937,3;937,7;937,3;1487,4;24,3;20,9;24,4;22,6;21,4;20,3;88;81;81;;;;
2021/01/16;1500 UTC;0;936,6;937,3;936,6;1742,3;24,5;20,5;24,7;23,7;21;20,1;83;78;79;;;;
2021/01/16;1600 UTC;0;936,2;936,6;936,1;2738,4;25,6;20,6;26,2;24,3;21,3;20,2;79;71;74;;;;
2021/01/16;1700 UTC;0;935,6;936,2;935,6;1830,1;25,5;20,5;26;25,2;21;20,1;76;72;74;;;;
2021/01/16;1800 UTC;,2;934,6;935,6;934,6;1267,8;25,3;21,6;26,4;25,1;22,1;20,4;83;71;80;;;;
2021/01/16;1900 UTC;0;933,5;934,6;933,5;1757,7;26,7;20,8;27,3;25,3;21,9;20,6;80;68;70;;;;
2021/01/16;2000 UTC;0;933,3;933,5;933,1;1907,5;27,3;20,8;27,8;26,6;21,8;20,3;73;66;68;;;;
2021/01/16;2100 UTC;0;933,6;933,6;933,2;827,1;26,8;20,6;27,4;26,5;20,9;20,1;70;67;69;;;;
2021/01/16;2200 UTC;0;933,9;933,9;933,5;203;25,8;20,4;26,8;25,8;20,5;19,9;72;67;72;;;;
2021/01/16;2300 UTC;0;934;934;933,8;5,6;24,9;21;25,8;24,9;21;20,4;79;72;79;;;;
2021/01/17;0000 UTC;0;934,9;934,9;934;;23,6;21;25;23,6;21,1;20,9;85;78;85;;;;
2021/01/17;0100 UTC;15,6;935,8;936;934,9;;21,1;20,6;23,5;20,9;20,6;20,2;97;84;97;;;;
2021/01/17;0200 UTC;3;935,5;936;935,5;;21,2;20,8;21,2;21;20,9;20,7;98;97;98;;;;
2021/01/17;0300 UTC;,4;935,3;935,5;935;;21;20,7;21,3;21;20,9;20,6;98;98;98;;;;
2021/01/17;0400 UTC;0;935,4;935,4;934,9;;21,1;20,7;21,1;21;20,7;20,7;98;98;98;;;;
2021/01/17;0500 UTC;,8;935,5;935,8;935,4;;21,2;20,7;21,2;21,1;20,8;20,7;98;97;97;;;;
2021/01/17;0600 UTC;8,8;935,2;935,5;935,1;;21,1;20,8;21,2;21;20,8;20,6;98;97;98;;;;
2021/01/17;0700 UTC;1,4;935,3;935,3;935,1;;21,2;20,9;21,2;21,1;20,9;20,8;98;98;98;;;;
2021/01/17;0800 UTC;,2;935,2;935,3;935,2;;21;20,7;21,2;21;20,9;20,7;98;98;98;;;;
2021/01/17;0900 UTC;17,8;935,8;935,8;935,2;;20,8;20,4;21,1;20,6;20,8;20,2;98;97;98;;;;
2021/01/17;1000 UTC;14,4;936,3;936,4;935,7;5,7;20,7;20,4;20,9;20,7;20,6;20,4;98;98;98;;;;
2021/01/17;1100 UTC;11;937,1;937,1;936,3;27,2;20,6;20,3;20,7;20,6;20,4;20,3;98;98;98;;;;
2021/01/17;1200 UTC;9,4;937,2;937,2;937,1;81,9;20,6;20,4;20,6;20,5;20,4;20,2;98;98;98;;;;
2021/01/17;1300 UTC;1;937;937,2;936,9;883,5;21,9;21,4;22;20,6;21,6;20,4;99;97;97;;;;
2021/01/17;1400 UTC;0;936,7;937;936,7;924,6;22,5;21,4;22,5;21,7;21,6;20,9;97;92;93;;;;
2021/01/17;1500 UTC;0;936,1;936,7;936,1;1450,5;24,8;21,9;24,8;22,5;22,2;21,2;93;83;84;;;;
2021/01/17;1600 UTC;0;935,5;936,1;935,5;2534,6;24,7;22;26,1;24,7;22,4;21,3;85;78;85;;;;
2021/01/17;1700 UTC;0;934,7;935,5;934,7;1969,9;25,4;21,3;26,7;24,5;22,6;21,1;86;74;78;;;;
2021/01/17;1800 UTC;0;933,8;934,7;933,8;2638,4;26,6;21,7;27,5;25,4;22,4;21;80;70;74;;;;
2021/01/17;1900 UTC;0;933,7;933,8;933,6;1712,2;25,9;21,8;27,6;25,9;22,2;20,9;78;70;78;;;;
2021/01/17;2000 UTC;0;933,6;933,8;933,5;1080,5;25,8;21,5;26,5;25,8;22,6;21,3;81;74;77;;;;
2021/01/17;2100 UTC;0;933,8;933,8;933,5;433,3;25,6;20,9;25,9;25,6;21,6;20,7;78;74;76;;;;
2021/01/17;2200 UTC;0;934,1;934,2;933,7;166;25,1;20,8;25,6;25,1;21,1;20,7;78;75;77;;;;
2021/01/17;2300 UTC;0;934,8;934,8;934,1;4;24,3;20,8;25,1;24,3;21,2;20,8;82;77;81;;;;
2021/01/18;0000 UTC;0;935,8;935,8;934,7;;22,3;20,5;24,4;22,3;20,8;20,4;90;79;90;;;;
2021/01/18;0100 UTC;0;936,4;936,4;935,7;;21,1;20,6;22,3;21;20,7;20,4;97;90;97;;;;
2021/01/18;0200 UTC;0;936,5;936,6;936,3;;21,6;21,1;22;21,1;21,1;20,6;97;95;97;;;;
2021/01/18;0300 UTC;,2;936,1;936,5;936,1;;22,4;21,7;22,4;21,6;21,8;21,1;97;96;96;;;;
2021/01/18;0400 UTC;0;935,8;936,2;935,8;;22,2;21,5;22,4;22,2;21,6;21,4;96;95;96;;;;
2021/01/18;0500 UTC;0;935;935,8;934,9;;21,9;21,4;22,2;21,8;21,5;21,3;97;96;97;;;;
2021/01/18;0600 UTC;0;934,6;935;934,6;;21,9;21,5;21,9;21,8;21,5;21,4;98;97;97;;;;
2021/01/18;0700 UTC;0;934,5;934,7;934,5;;21,7;21,1;22;21,7;21,5;21,1;97;96;96;;;;
2021/01/18;0800 UTC;0;934,5;934,6;934,4;;21,7;21,1;21,8;21,7;21,2;21,1;97;96;97;;;;
2021/01/18;0900 UTC;0;935,1;935,1;934,5;;21,8;21;21,8;21,7;21,2;21;97;95;95;;;;
2021/01/18;1000 UTC;0;935,9;935,9;935,1;131,2;22,2;21,2;22,2;21,7;21,3;21;96;94;94;;;;
2021/01/18;1100 UTC;0;936,5;936,5;935,9;380,3;22,8;21,4;22,8;22,1;21,7;21,2;95;91;92;;;;
2021/01/18;1200 UTC;0;937,1;937,1;936,5;873,2;23,7;21,6;23,7;22,8;21,8;21,3;92;88;88;;;;
2021/01/18;1300 UTC;0;937,4;937,4;937,1;1502;25,9;22,5;25,9;23,4;22,5;21,3;90;81;82;;;;
2021/01/18;1400 UTC;0;937,3;937,5;937,3;1924,8;26,1;21,6;26,2;25,4;22,3;21;81;74;76;;;;
2021/01/18;1500 UTC;0;936,8;937,4;936,8;2408,7;27;21,2;27,9;25,9;22,4;21;78;68;71;;;;
2021/01/18;1600 UTC;1;936,4;936,8;936,4;1171;24,9;22,6;27,4;23,5;23,1;20,8;95;69;87;;;;
2021/01/18;1700 UTC;,6;935,8;936,5;935,8;1534,4;26,1;22,8;26,1;23,8;23,3;22,1;95;82;82;;;;
2021/01/18;1800 UTC;0;935,3;935,9;935,3;3189,6;27,9;22,1;28,9;26,1;23,6;21,6;84;68;71;;;;
2021/01/18;1900 UTC;0;935;935,3;935;2495,7;28,9;22;29,1;27,1;22,9;21,6;74;66;66;;;;
2021/01/18;2000 UTC;4,8;935,7;935,9;934,9;446;21,7;20,8;28,9;21,7;22,5;20,7;96;66;95;;;;
2021/01/18;2100 UTC;9;935,9;935,9;935,4;45;22,1;21,7;22,1;21,5;21,7;20,7;98;95;97;;;;
2021/01/18;2200 UTC;,6;936,1;936,2;935,9;12,1;21,7;21,4;22,3;21,7;22;21,4;98;97;98;;;;
2021/01/18;2300 UTC;2;936,7;936,7;935,9;;21,5;21,3;21,9;21,5;21,7;21,3;99;98;99;;;;
2021/01/19;0000 UTC;1,4;937;937;936,7;;21,7;21,5;21,7;21,1;21,5;20,9;99;99;99;;;;
2021/01/19;0100 UTC;2,8;937,3;937,3;937;;21,9;21,7;22,1;21,7;21,9;21,5;99;99;99;;;;
2021/01/19;0200 UTC;0;937,2;937,4;937,2;;21,5;21,3;22;21,5;21,8;21,3;99;99;99;;;;
2021/01/19;0300 UTC;0;937,1;937,3;937;;21,7;21,5;21,8;21,4;21,6;21,2;99;99;99;;;;
2021/01/19;0400 UTC;0;936,8;937,1;936,7;;21,8;21,3;21,9;21,6;21,6;21,3;99;97;97;;;;
2021/01/19;0500 UTC;0;937,1;937,1;936,8;;21,5;20,9;21,8;21,5;21,3;20,9;97;96;96;;;;
2021/01/19;0600 UTC;0;936,6;937,1;936,6;;21,2;20,8;21,5;21,2;21,1;20,8;98;96;98;;;;
2021/01/19;0700 UTC;0;936,9;936,9;936,6;;21,2;20,9;21,2;21,1;20,9;20,7;98;97;98;;;;
2021/01/19;0800 UTC;0;936,9;937;936,8;;21;20,8;21,2;21;20,9;20,7;99;98;99;;;;
2021/01/19;0900 UTC;0;937,2;937,3;936,9;;21,1;20,9;21,2;21;21;20,8;99;98;98;;;;
2021/01/19;1000 UTC;0;938;938;937,2;55,6;21,5;21;21,5;21,1;21;20,8;98;97;97;;;;
2021/01/19;1100 UTC;0;938,7;938,8;938;775,8;23,4;21,5;23,5;21,5;21,6;21;98;88;89;;;;
2021/01/19;1200 UTC;0;939;939;938,5;1667,5;23,8;21;24,7;23,2;21,9;20,9;90;81;84;;;;
2021/01/19;1300 UTC;0;939,4;939,4;939;850,2;23,2;20,9;23,9;23;21,2;20,6;88;83;87;;;;
2021/01/19;1400 UTC;0;939,1;939,5;939,1;1978,5;25,7;21,8;26,1;23,2;22,3;20,9;88;77;79;;;;
2021/01/19;1500 UTC;0;939,2;939,3;939,1;3019,3;27,1;22,4;27,5;25,6;23;21,2;81;72;76;;;;
2021/01/19;1600 UTC;0;938,5;939,3;938,5;2384,2;26,8;21,4;28;26,3;23,3;21,4;77;71;72;;;;
2021/01/19;1700 UTC;0;938;938,5;938;2123,1;26,7;22,1;27,8;26,5;22,7;21,2;77;70;76;;;;
2021/01/19;1800 UTC;0;937,1;938;937,1;2855,1;28,7;22,1;29,4;26,7;23,5;21,6;76;65;67;;;;
2021/01/19;1900 UTC;0;936,6;937,1;936,6;3038,9;29,1;22,3;29,3;28,2;22,5;20,8;70;62;67;;;;
2021/01/19;2000 UTC;0;936,3;936,6;936,2;1036,2;27,7;21;29,1;27,6;22,4;20,7;73;63;67;;;;
2021/01/19;2100 UTC;0;936,8;936,8;936,2;342,4;26,5;21,8;27,7;26,5;22,1;21,4;76;67;76;;;;
2021/01/19;2200 UTC;0;937;937;936,7;110,3;25,8;22;26,5;25,8;22,5;21,8;81;75;80;;;;
2021/01/19;2300 UTC;0;937,6;937,7;937;,9;24,4;22,1;25,8;24,4;22,2;21,7;87;79;87;;;;
2021/01/20;0000 UTC;0;938,4;938,4;937,6;;24,5;22;24,6;24,4;22,1;22;87;86;86;;;;
2021/01/20;0100 UTC;0;938,9;939;938,4;;24,3;21,7;24,6;24,2;22;21,6;87;85;86;;;;
2021/01/20;0200 UTC;0;938,9;939;938,9;;24;21,8;24,4;23,9;21,9;21,7;88;85;88;;;;
2021/01/20;0300 UTC;0;938,8;938,9;938,8;;23,5;21,7;24,1;23,5;21,8;21,6;90;87;90;;;;
2021/01/20;0400 UTC;0;938,7;938,8;938,6;;23,2;21,9;23,5;23,1;22;21,7;93;90;92;;;;
2021/01/20;0500 UTC;0;938,3;938,9;938,3;;22,7;21,8;23,3;22,7;22,1;21,8;95;92;95;;;;
2021/01/20;0600 UTC;0;937,8;938,3;937,8;;21,9;21,5;22,7;21,9;21,9;21,5;98;95;97;;;;
2021/01/20;0700 UTC;0;938;938;937,8;;21,8;20,7;22,1;21,8;21,4;20,6;97;93;93;;;;
2021/01/20;0800 UTC;0;937,8;938;937,7;;21,4;20,3;21,8;21,4;20,7;20,3;94;93;93;;;;
2021/01/20;0900 UTC;0;938,3;938,3;937,8;;21,1;20,1;21,4;21;20,3;20,1;94;93;94;;;;
2021/01/20;1000 UTC;0;938,9;938,9;938,3;273,1;22,4;20,7;22,4;21;20,7;20,1;94;90;90;;;;
2021/01/20;1100 UTC;0;940;940;938,9;605,8;22,4;20,4;22,8;22,3;20,8;20,4;90;87;89;;;;
2021/01/20;1200 UTC;0;939,7;940;939,7;736,9;23;20,9;23,3;22,3;21,1;20,4;90;86;88;;;;
2021/01/20;1300 UTC;0;940,1;940,1;939,8;1603,8;25,1;21,4;25,6;22,9;22,2;20,9;89;78;80;;;;
2021/01/20;1400 UTC;0;939,8;940,2;939,8;1160,2;26;20,9;26,7;25,1;22,3;20,6;83;71;74;;;;
2021/01/20;1500 UTC;0;939,3;939,8;939,2;865,7;26,2;21,6;26,3;25,7;22,1;20,4;79;72;76;;;;
2021/01/20;1600 UTC;0;938,8;939,2;938,8;1300;27,3;21,6;27,4;26,2;22,3;20,7;77;69;71;;;;
2021/01/20;1700 UTC;0;938,3;938,8;938,2;1470,5;28,4;22,4;28,4;27,1;22,8;21,1;74;68;70;;;;
2021/01/20;1800 UTC;0;937,7;938,4;937,7;1532,2;28,5;21,8;28,9;28,1;23,6;20,5;76;61;67;;;;
2021/01/20;1900 UTC;0;937,4;937,7;937,4;955,4;27,2;22,5;28,7;27,1;23,6;22,2;77;67;76;;;;
2021/01/20;2000 UTC;0;936,9;937,4;936,9;631,8;26,6;22,3;27,2;26,3;23,3;21,7;83;74;77;;;;
2021/01/20;2100 UTC;0;936,9;937;936,8;423,6;26,2;22,1;26,6;26,2;23;21,8;82;77;78;;;;
2021/01/20;2200 UTC;0;937,2;937,2;936,9;210,3;24,3;22,4;26,2;24,3;22,8;21,8;89;78;89;;;;
2021/01/20;2300 UTC;0;937,8;937,8;937,2;8;23,3;21,7;24,3;23,2;22,5;21,7;93;89;91;;;;
2021/01/21;0000 UTC;0;938,2;938,2;937,8;;22,4;21,1;23,4;22,4;21,8;21,1;93;90;93;;;;
2021/01/21;0100 UTC;0;938,5;938,6;938,2;;21,6;20,8;22,5;21,6;21,1;20,8;95;91;95;;;;
2021/01/21;0200 UTC;0;938,8;938,8;938,5;;22,4;21,2;22,4;21,5;21,2;20,7;96;93;93;;;;
2021/01/21;0300 UTC;0;938,5;938,9;938,5;;21,9;20,7;22,6;21,9;21,2;20,7;93;91;93;;;;
2021/01/21;0400 UTC;0;938,3;938,5;938,3;;21,5;19,9;22;21,5;20,7;19,9;93;91;91;;;;
2021/01/21;0500 UTC;0;937,9;938,3;937,9;;21,3;19,8;21,5;21,1;19,9;19,8;92;91;91;;;;
2021/01/21;0600 UTC;0;937,8;938;937,8;;21;19,8;21,4;21;19,8;19,7;93;91;93;;;;
2021/01/21;0700 UTC;0;937,7;937,8;937,6;;20,8;19,6;21,1;20,8;19,8;19,6;93;92;93;;;;
2021/01/21;0800 UTC;0;937,8;937,9;937,6;;21,1;19,6;21,2;20,5;19,7;19,5;94;91;91;;;;
2021/01/21;0900 UTC;0;938,1;938,1;937,8;;21,1;19,5;21,1;20,6;19,6;19,3;92;90;90;;;;
2021/01/21;1000 UTC;0;938,9;938,9;938,1;221,1;22,1;19,8;22,1;21;19,9;19,4;91;86;86;;;;
2021/01/21;1100 UTC;0;939,1;939,2;938,9;807,6;23,4;20,1;23,4;21,9;20,3;19,6;88;82;82;;;;
2021/01/21;1200 UTC;0;939,6;939,6;939,1;1779,2;24,8;20,3;24,9;23,2;20,8;19,9;83;76;76;;;;
2021/01/21;1300 UTC;0;939,9;939,9;939,5;2641,9;27,5;20,8;27,5;24,8;21,7;20,3;78;67;67;;;;
2021/01/21;1400 UTC;0;939,9;940;939,9;3208,4;27,9;20,7;28,1;27,3;21,8;20,2;70;63;65;;;;
2021/01/21;1500 UTC;0;939,7;939,9;939,7;3171,2;28,1;21,2;28,4;27,3;21,7;20,4;68;63;66;;;;
2021/01/21;1600 UTC;0;939,4;939,7;939,3;3770,5;29,6;21;30,8;28,1;22,5;20,3;66;56;60;;;;
2021/01/21;1700 UTC;0;938,7;939,4;938,7;2680,5;29,9;21,1;30,7;29,3;21,8;19,6;62;54;59;;;;
2021/01/21;1800 UTC;0;938;938,7;938;2166,2;29,8;20,4;31,3;29;21,2;18;60;48;57;;;;
2021/01/21;1900 UTC;0;937,9;938;937,7;981,4;29,2;20;29,8;29,2;20,7;19,3;59;54;58;;;;
2021/01/21;2000 UTC;0;937,6;937,9;937,5;556,7;28,5;18,9;29,4;28,5;20,1;18,7;60;53;56;;;;
2021/01/21;2100 UTC;0;937,5;937,6;937,3;278,6;27,5;19,5;28,6;27,4;20,5;18,6;66;55;61;;;;
2021/01/21;2200 UTC;0;937,7;937,7;937,4;228,4;26,7;19,5;27,9;26,7;20,9;19;67;59;65;;;;
2021/01/21;2300 UTC;0;938;938,1;937,7;9,3;24,9;20,2;26,7;24,9;20,2;19,2;75;64;75;;;;
2021/01/22;0000 UTC;0;938,8;938,8;938;;24,8;20,3;24,9;24,5;20,4;20;77;75;76;;;;
2021/01/22;0100 UTC;0;939,5;939,5;938,8;;24;20,5;25;24;20,8;20,3;81;76;81;;;;
2021/01/22;0200 UTC;0;940,1;940,2;939,5;;24,2;20,6;24,8;23,9;20,6;20,3;81;77;80;;;;
2021/01/22;0300 UTC;0;939,9;940,2;939,8;;23,5;20,7;24,2;23,5;20,8;20,3;85;79;85;;;;
2021/01/22;0400 UTC;0;939,6;939,9;939,6;;22,9;20,5;23,6;22,9;20,8;20,5;87;84;86;;;;
2021/01/22;0500 UTC;0;939,9;939,9;939,6;;22,6;19,6;23,1;22,4;20,5;19,6;87;83;83;;;;
2021/01/22;0600 UTC;0;939,5;939,9;939,4;;21,8;19,3;22,6;21,8;19,7;19,3;86;83;85;;;;
2021/01/22;0700 UTC;0;939,6;939,6;939,3;;21,1;19,2;21,9;21,1;19,3;19,2;89;85;89;;;;
2021/01/22;0800 UTC;0;939,8;939,8;939,5;;20,9;19,1;21,3;20,9;19,3;19,1;90;88;90;;;;
2021/01/22;0900 UTC;0;940,5;940,5;939,7;;20,9;19;21,2;20,8;19,2;19;90;88;89;;;;
2021/01/22;1000 UTC;0;940,9;940,9;940,5;153,4;21,3;19,1;21,3;20,7;19,2;19;90;87;87;;;;
2021/01/22;1100 UTC;0;941,4;941,5;940,9;962,4;23,5;19,6;23,6;21,3;20;19;87;79;79;;;;
2021/01/22;1200 UTC;0;941,9;941,9;941,4;1898,4;25,2;20,1;25,2;23,3;20,3;19,4;80;72;74;;;;
2021/01/22;1300 UTC;0;942,5;942,5;941,9;2700,8;27,9;18,7;28;25,2;20,6;17,5;74;54;57;;;;
2021/01/22;1400 UTC;0;942,4;942,6;942,4;3289,9;28,6;18,2;28,8;27,9;19,1;17,1;58;51;53;;;;
2021/01/22;1500 UTC;0;942,2;942,5;942,2;3712,6;29,2;18,8;29,8;28,4;20,3;17,9;60;51;53;;;;
2021/01/22;1600 UTC;0;941,9;942,3;941,9;3899,8;30,3;18,2;30,5;29,2;20,2;17,2;55;45;48;;;;
2021/01/22;1700 UTC;0;941,2;941,9;941,2;3849,4;31,2;17,1;31,6;30,2;19,3;17,1;52;42;43;;;;
2021/01/22;1800 UTC;0;940,6;941,3;940,6;3030,3;31;16,1;32,5;29,9;18,2;14,8;47;36;41;;;;
2021/01/22;1900 UTC;0;939,8;940,7;939,7;3005,2;31,6;14,7;32,1;31;17,2;14,3;43;35;36;;;;
2021/01/22;2000 UTC;0;939,3;940;939,3;2099,1;31;14,8;32,1;30,8;15,8;13,8;40;34;38;;;;
2021/01/22;2100 UTC;0;939,1;939,4;938,9;768,8;29,4;14,7;31,3;29,2;16,5;13,8;46;36;41;;;;
2021/01/22;2200 UTC;0;939,5;939,5;939,1;159,3;28,5;14,3;29,6;28,1;17;14;51;39;42;;;;
2021/01/22;2300 UTC;0;940,2;940,2;939,4;;25,7;18;28,6;25,7;18;14,4;62;42;62;;;;
2021/01/23;0000 UTC;0;940,9;940,9;940,2;;24,4;19,8;25,7;24,4;19,8;18,1;76;62;76;;;;
2021/01/23;0100 UTC;0;941,9;941,9;940,9;;23,5;20,1;24,4;23,5;20,2;19,8;81;76;81;;;;
2021/01/23;0200 UTC;0;942,3;942,3;941,9;;22,7;19,5;23,5;22,6;20,3;19,5;85;80;82;;;;
2021/01/23;0300 UTC;0;942;942,3;941,9;;22,6;18,9;23;22,3;19,3;18,9;82;78;80;;;;
2021/01/23;0400 UTC;0;941,6;942;941,6;;22;19;22,6;21,9;19,1;18,9;84;80;83;;;;
2021/01/23;0500 UTC;0;941;941,6;941;;21,1;19;22,2;21;19,1;18,9;88;82;87;;;;
2021/01/23;0600 UTC;0;940,6;941;940,6;;20,4;19,2;21,2;20,3;19,3;18,9;93;87;93;;;;
2021/01/23;0700 UTC;0;940,5;940,6;940,4;;20,3;19,2;20,6;20,3;19,3;19,2;93;92;93;;;;
2021/01/23;0800 UTC;0;940,5;940,6;940,4;;20,3;19,3;20,5;20,2;19,3;19,2;94;93;94;;;;
2021/01/23;0900 UTC;0;940,8;940,8;940,5;;20,7;19,2;20,8;20,3;19,4;19,2;94;91;91;;;;
2021/01/23;1000 UTC;0;941;941;940,7;112,8;21,1;19,1;21,1;20,6;19,2;19,1;92;89;89;;;;
2021/01/23;1100 UTC;0;941,3;941,3;941;818,7;23,5;19,8;23,5;21,1;19,8;19;89;79;80;;;;
2021/01/23;1200 UTC;0;941,6;941,7;941,3;1887;25,1;20;25,4;23,2;20,4;19,1;80;72;73;;;;
2021/01/23;1300 UTC;0;941,7;941,7;941,6;2399,7;27,8;19,8;27,9;24,9;20,7;18,5;74;58;62;;;;
2021/01/23;1400 UTC;0;941,4;941,7;941,4;2865,8;28,3;19,7;28,4;27,2;20,2;18,6;63;57;60;;;;
2021/01/23;1500 UTC;0;941,1;941,4;941,1;3779,5;29,2;18,9;29,8;28,3;20,3;18,4;60;52;54;;;;
2021/01/23;1600 UTC;0;940,6;941,1;940,6;3907,2;29,9;20,2;30,4;28,9;20,2;17,2;58;47;56;;;;
2021/01/23;1700 UTC;0;940,1;940,7;940,1;3933,1;31,4;19,6;31,5;30;20,9;16,5;57;42;50;;;;
2021/01/23;1800 UTC;0;939,1;940,2;939,1;2686,8;29;18,6;32,4;29;19,3;16,9;54;41;53;;;;
2021/01/23;1900 UTC;0;937,8;939,2;937,8;2255,5;30,3;16,7;31,6;28,8;19,2;16,7;56;43;44;;;;
2021/01/23;2000 UTC;0;936,9;937,8;936,9;1533,3;31,4;16,7;31,5;29,6;18,3;16,4;49;41;41;;;;
2021/01/23;2100 UTC;0;937,7;937,7;936,9;1356,2;29,7;17;31,4;29,7;17,9;15,6;47;39;47;;;;
2021/01/23;2200 UTC;0;938,3;938,3;937,7;235,9;28,7;16,8;29,7;28,7;17,7;16,6;51;46;49;;;;
2021/01/23;2300 UTC;0;938,6;938,6;938,2;,3;27;17,3;28,7;27;17,5;16,5;55;48;55;;;;
2021/01/24;0000 UTC;0;940,2;940,2;938,5;;23,2;17,9;27;23,2;18,9;17,2;72;56;72;;;;
2021/01/24;0100 UTC;0;940,3;940,3;940;;21,5;19,9;23,2;21,5;19,9;17,9;91;72;91;;;;
2021/01/24;0200 UTC;0;940,8;940,8;940,3;;21,6;19;21,7;21,4;19,9;18,9;91;84;85;;;;
2021/01/24;0300 UTC;0;940,4;940,8;940,4;;21,7;18,9;21,8;21,4;19,1;18,9;86;83;84;;;;
2021/01/24;0400 UTC;0;939,6;940,4;939,6;;22;18,7;22,2;21,7;19;18,7;85;80;82;;;;
2021/01/24;0500 UTC;0;939,2;939,6;939,2;;22,4;18,8;22,5;21,8;19,1;18,7;83;79;80;;;;
2021/01/24;0600 UTC;0;938,6;939,2;938,6;;22,3;18,9;22,7;21,9;19;18,6;83;78;81;;;;
2021/01/24;0700 UTC;0;938,1;938,6;938,1;;21,7;19;22,5;21,7;19;18,9;84;80;84;;;;
2021/01/24;0800 UTC;0;938,3;938,3;938;;21,7;19,2;22,1;21,7;19,3;18,9;86;83;86;;;;
2021/01/24;0900 UTC;0;938,6;938,6;938,3;;21,5;19,4;21,7;21,1;19,4;19,2;90;86;88;;;;
2021/01/24;1000 UTC;0;939,8;939,8;938,6;77,7;21,3;19,9;21,7;21,2;19,9;19,3;92;87;92;;;;
2021/01/24;1100 UTC;0;940,2;940,3;939,8;570,5;22,2;20,5;22,2;21,1;20,5;19,8;93;90;90;;;;
2021/01/24;1200 UTC;0;940,2;940,3;940,2;869,1;22,7;20,4;22,9;22,2;20,9;20;91;86;87;;;;
2021/01/24;1300 UTC;0;940;940,2;940;1227,6;24,3;21,1;24,3;22,6;21,4;20,2;89;81;82;;;;
2021/01/24;1400 UTC;0;939,6;940;939,6;2032,6;26,1;19,9;26,3;24,3;21,8;19,8;83;68;69;;;;
2021/01/24;1500 UTC;0;939,4;939,6;939,3;1845,9;27,6;20;27,8;26,1;20,9;19,7;71;63;64;;;;
2021/01/24;1600 UTC;0;939,1;939,4;939,1;1833,2;28,5;21,4;28,5;26,8;21,4;19,6;70;62;65;;;;
2021/01/24;1700 UTC;0;938,6;939,1;938,6;2761,1;28,9;20,3;29,3;28,3;21,8;20,1;66;59;60;;;;
2021/01/24;1800 UTC;0;938,1;938,6;937,7;1176,7;27,6;21;28,9;27,6;21,4;19,7;69;58;68;;;;
2021/01/24;1900 UTC;0;937,6;938,2;937,2;146,5;23,2;18,1;27,6;23,1;21,2;17,9;74;66;73;;;;
2021/01/24;2000 UTC;0;936,9;937,6;936,8;169,4;22,4;18,4;23,2;22,3;18,8;17,9;80;73;78;;;;
2021/01/24;2100 UTC;0;936,8;937;936,8;232,8;22,5;18,2;22,5;22,2;18,7;17,8;79;75;77;;;;
2021/01/24;2200 UTC;0;936,8;936,9;936,6;86,6;21,1;18,1;22,5;21;18,6;17,9;85;75;83;;;;
2021/01/24;2300 UTC;0;937,3;937,3;936,8;;20,7;18,5;21,2;20,6;18,7;17,9;88;82;87;;;;
2021/01/25;0000 UTC;0;937,7;938;937,3;;20,9;19;21,3;20,7;19,1;18,5;89;85;89;;;;
2021/01/25;0100 UTC;0;938,2;938,2;937,7;;20,3;19,3;20,9;20,3;19,3;18,9;94;89;94;;;;
2021/01/25;0200 UTC;0;938,3;938,3;938,2;;20,1;19,3;20,3;20;19,4;19,3;95;94;95;;;;
2021/01/25;0300 UTC;0;938,2;938,5;938,2;;20,2;19,2;20,2;19,9;19,4;19,2;96;94;94;;;;
2021/01/25;0400 UTC;0;938;938,3;938;;20,3;18,7;20,4;20,1;19,1;18,6;94;90;90;;;;
2021/01/25;0500 UTC;0;937,2;938;937,2;;21,4;18,9;21,5;20,3;19;18,7;90;86;86;;;;
2021/01/25;0600 UTC;0;936,7;937,2;936,7;;21,1;19,1;21,4;21;19,1;18,9;89;86;88;;;;
2021/01/25;0700 UTC;0;936,4;936,7;936,2;;20,8;19,1;21,1;20,6;19,1;19;91;88;90;;;;
2021/01/25;0800 UTC;0;936,4;936,5;936,3;;20,3;19,3;20,8;20,2;19,4;19,1;94;90;93;;;;
2021/01/25;0900 UTC;0;936,5;936,5;936,3;;21,3;19,3;21,3;20,3;19,4;19,2;94;88;88;;;;
2021/01/25;1000 UTC;0;937,2;937,2;936,4;61,3;22,3;19,1;22,3;21,3;19,3;19,1;88;82;82;;;;
2021/01/25;1100 UTC;0;937,8;937,8;937,2;253,8;23,1;19,2;23,1;22,3;19,4;19;83;78;79;;;;
2021/01/25;1200 UTC;0;938,3;938,4;937,8;1032;25,4;19,9;25,5;23;20,5;19;83;69;72;;;;
2021/01/25;1300 UTC;0;938,6;938,7;938,3;1287,9;26,2;19,5;26,3;25,3;20,1;19,1;72;66;67;;;;
2021/01/25;1400 UTC;0;938,4;938,6;938,4;2202,2;27,7;20,2;28,3;26,1;21,1;19,2;68;60;64;;;;
2021/01/25;1500 UTC;0;938,1;938,4;938,1;2187,8;28,4;20,8;28,4;27,4;21,4;19,3;68;60;63;;;;
2021/01/25;1600 UTC;0;937,7;938,1;937,7;2323;29,1;21;29,6;28,3;22,1;20;66;58;61;;;;
2021/01/25;1700 UTC;0;936,8;937,7;936,7;2777,1;29,7;18,6;30,7;28,9;22,2;17,5;66;47;51;;;;
2021/01/25;1800 UTC;0;936,4;936,9;936,4;1437;26,7;21,2;30,3;26,7;21,8;16,8;72;46;72;;;;
2021/01/25;1900 UTC;6,6;937;937,1;936,3;138,6;19,2;18,6;26,7;19,1;21,1;18,3;97;70;97;;;;
2021/01/25;2000 UTC;,2;935,7;937,1;935,7;1068,9;23,8;20,2;24,5;19,2;21,7;18,6;97;79;80;;;;
2021/01/25;2100 UTC;0;935,5;936;935,5;1131,7;23,7;21,2;25,1;23,3;21,5;20,2;88;78;86;;;;
2021/01/25;2200 UTC;0;936,2;936,3;935,5;225,6;22,4;20,1;23,7;22,4;21,6;20;91;84;86;;;;
2021/01/25;2300 UTC;0;936,8;936,8;936,2;7,5;21,8;20,1;22,4;21,5;20,6;19,9;94;86;90;;;;
2021/01/26;0000 UTC;0;937,4;937,4;936,8;;22;19,6;22;21,5;20,1;19,6;92;86;86;;;;
2021/01/26;0100 UTC;0;938;938,1;937,4;;21,3;19,7;22,4;21,3;19,8;19,5;90;84;90;;;;
2021/01/26;0200 UTC;0;938,4;938,4;938;;20,9;19,6;21,5;20,8;19,8;19,6;93;90;92;;;;
2021/01/26;0300 UTC;0;937,7;938,4;937,7;;20,3;19,5;20,9;20,2;19,8;19,5;96;92;95;;;;
2021/01/26;0400 UTC;0;936,8;937,7;936,8;;19,7;18,9;20,3;19,7;19,5;18,8;95;94;95;;;;
2021/01/26;0500 UTC;0;936,4;936,8;936,3;;20,4;18;20,4;19,7;18,9;17,9;95;86;86;;;;
2021/01/26;0600 UTC;0;936,8;936,8;936,3;;20,9;17,4;21,6;20,4;18,1;17,1;87;76;80;;;;
2021/01/26;0700 UTC;0;936,4;936,8;936,4;;20,4;17,7;20,9;20,3;17,8;17,4;85;80;85;;;;
2021/01/26;0800 UTC;0;936,1;936,4;936;;20,8;17,3;20,8;20,3;17,7;17,3;85;80;80;;;;
2021/01/26;0900 UTC;0;936,4;936,4;936,1;;21,4;16,9;21,7;20,7;17,3;16,6;81;73;75;;;;
2021/01/26;1000 UTC;0;937,2;937,2;936,4;100,9;21,4;17,9;21,7;21,3;17,9;16,6;81;73;81;;;;
2021/01/26;1100 UTC;0;937,8;937,8;937,2;438,2;22,2;18,2;22,2;21,4;18,3;17,9;81;78;78;;;;
2021/01/26;1200 UTC;0;938,2;938,2;937,8;914,2;23,6;18,3;23,6;22,2;18,6;17,9;78;72;72;;;;
2021/01/26;1300 UTC;0;938,7;938,7;938,1;1528,6;25,3;19,6;25,3;23,6;19,9;18,4;75;70;71;;;;
2021/01/26;1400 UTC;0;938,8;938,9;938,7;1808,2;25,4;19,7;26;25;20;19,2;72;67;71;;;;
2021/01/26;1500 UTC;0;938,4;938,8;938,4;2351;27,1;19,9;27,3;25,4;21,1;19,6;72;65;65;;;;
2021/01/26;1600 UTC;0;937,8;938,4;937,8;2604,2;28,6;20,3;29;27,1;21,6;19,6;67;58;61;;;;
2021/01/26;1700 UTC;0;937,3;937,8;937,3;2497,8;28,7;19,9;29,5;28,4;20,9;18,9;63;55;59;;;;
2021/01/26;1800 UTC;0;936,8;937,3;936,7;1701;28,7;20,4;29,1;28,4;21,4;19,5;64;57;61;;;;
2021/01/26;1900 UTC;0;935,5;936,8;935,5;2426,1;30,3;21,6;31,2;28,6;21,8;19,6;64;52;60;;;;
2021/01/26;2000 UTC;0;934,7;935,6;934,7;2051,2;29,5;18,9;30,6;29,4;21,7;18,7;60;52;53;;;;
2021/01/26;2100 UTC;0;934,8;934,8;934,7;1396,5;29,9;17,7;30;29,3;19,9;17,4;57;47;48;;;;
2021/01/26;2200 UTC;0;935,5;935,5;934,8;440,3;27,6;19,3;29,9;27,6;19,4;17,6;61;48;61;;;;
2021/01/26;2300 UTC;0;936;936;935,5;5;25,7;19,5;27,7;25,7;20;19,4;69;61;69;;;;
2021/01/27;0000 UTC;0;936,9;937;936;;26,3;19,6;26,3;25,1;20;19,2;73;67;67;;;;
2021/01/27;0100 UTC;0;938,2;938,2;936,9;;26,1;19,1;26,8;26,1;19,9;19,1;67;64;65;;;;
2021/01/27;0200 UTC;1,6;937,5;938,4;937,5;;22,5;19,8;26,1;21,8;20,3;18,3;88;64;84;;;;
2021/01/27;0300 UTC;0;937,3;937,5;937,2;;21,4;20,3;23,2;21,4;20,6;19,8;94;82;94;;;;
2021/01/27;0400 UTC;0;937;937,3;937;;22,9;20,1;22,9;21,1;20,5;20,1;95;84;84;;;;
2021/01/27;0500 UTC;0;936,8;937,1;936,7;;24;19,4;24,4;22,9;20;19,2;84;74;76;;;;
2021/01/27;0600 UTC;0;936,2;936,8;936,2;;23,8;18,4;24,2;23,8;19,4;18,1;76;70;72;;;;
2021/01/27;0700 UTC;0;935,9;936,2;935,9;;23,3;18,6;23,9;23,3;18,6;18,2;75;71;75;;;;
2021/01/27;0800 UTC;0;936,7;936,7;935,9;;23,3;18,4;23,3;23,1;18,6;18,4;76;74;74;;;;
2021/01/27;0900 UTC;0;937,3;937,4;936,7;;22,5;18,6;23,4;22,5;18,6;18,3;79;73;79;;;;
2021/01/27;1000 UTC;0;938,2;938,2;937,3;29;21,6;19,3;22,5;21,6;19,3;18,7;87;79;87;;;;
2021/01/27;1100 UTC;0;938,4;938,4;938,1;97,7;22,4;18,2;22,4;21,3;19,4;18;88;76;77;;;;
2021/01/27;1200 UTC;0;938,7;938,7;938,4;195,5;22,6;18,1;22,8;22,3;18,3;18;78;74;76;;;;
2021/01/27;1300 UTC;0;938,7;938,8;938,6;676,9;23,8;19,1;23,8;22,6;19,3;17,8;79;72;75;;;;
2021/01/27;1400 UTC;0;939;939,1;938,7;2006,8;26,7;20,5;26,7;23,8;20,9;18,8;76;68;69;;;;
2021/01/27;1500 UTC;0;938,1;939;938,1;2984,6;28,4;19,4;29,1;26,6;21,9;19,4;73;58;58;;;;
2021/01/27;1600 UTC;0;937,4;938,1;937,4;3524,7;29,7;21,4;30,2;28,3;22;19,3;64;57;61;;;;
2021/01/27;1700 UTC;0;935,8;937,4;935,8;3168,9;30,5;21;30,9;29,4;21,7;19,7;61;53;57;;;;
2021/01/27;1800 UTC;0;935,5;935,8;935,4;1924,6;29,2;20,3;31;29,2;21,4;19,8;60;53;59;;;;
2021/01/27;1900 UTC;0;934,8;935,6;934,8;422,8;25,7;20,2;29,2;25,3;20,6;18,5;72;58;72;;;;
2021/01/27;2000 UTC;0;934,5;934,8;934,4;377,1;27,1;20,4;27,3;25,7;20,5;19,7;72;64;67;;;;
2021/01/27;2100 UTC;0;934,4;934,6;934,2;213,3;25,4;22,4;27,2;25,3;22,8;20,2;86;66;84;;;;
2021/01/27;2200 UTC;0;935,6;935,6;934,4;108,6;24;20,1;26,3;24;22,8;20;85;72;79;;;;
2021/01/27;2300 UTC;0;937,1;937,1;935,6;;22,4;20,3;23,9;22,4;20,5;19,7;88;79;88;;;;
2021/01/28;0000 UTC;1,2;937;937,3;936,9;;21;20,4;22,4;21;20,8;20,3;97;88;96;;;;
2021/01/28;0100 UTC;,6;937,3;937,6;937;;20,6;20,2;21;20,6;20,3;20,1;97;95;97;;;;
2021/01/28;0200 UTC;0;937,1;937,3;937;;20,5;20,1;20,6;20,5;20,2;20;98;97;98;;;;
2021/01/28;0300 UTC;0;937,6;937,6;937,1;;21;20,4;21,1;20,5;20,6;20,1;98;96;96;;;;
2021/01/28;0400 UTC;,2;938,3;938,6;937,6;;21;20,5;21,5;21;20,5;20,2;97;93;97;;;;
2021/01/28;0500 UTC;,4;936,7;938,3;936,7;;20;19,6;21;20;20,5;19,6;97;96;97;;;;
2021/01/28;0600 UTC;,2;936,2;936,7;936;;19,8;19,1;20;19,8;19,5;19,1;97;95;96;;;;
2021/01/28;0700 UTC;0;935,9;936,3;935,9;;20,1;18,7;20,3;19,8;19,3;18,6;97;91;91;;;;
2021/01/28;0800 UTC;0;935,9;935,9;935,7;;20,5;18,2;20,8;20,1;18,9;18;92;84;87;;;;
2021/01/28;0900 UTC;0;936,3;936,3;935,8;;20,6;18,6;21;20,4;18,6;17,9;88;83;88;;;;
2021/01/28;1000 UTC;0;936,8;936,8;936,3;70,2;21;18,8;21;20,5;18,8;18,6;90;87;87;;;;
2021/01/28;1100 UTC;0;937,3;937,3;936,8;434,8;21,9;19,2;21,9;21;19,3;18,7;88;84;85;;;;
2021/01/28;1200 UTC;0;937,7;937,7;937,2;937,2;22,9;19;23;21,9;19,6;18,8;85;77;79;;;;
2021/01/28;1300 UTC;0;937,9;937,9;937,7;1299,4;23,9;19,9;23,9;22,9;20;18,9;81;76;78;;;;
2021/01/28;1400 UTC;0;938;938,1;937,9;1990,4;25,1;20,1;25,8;23,7;21,3;19,4;80;73;74;;;;
2021/01/28;1500 UTC;0;938;938,1;937,9;2870,9;26,6;20,1;27,3;25,1;21,6;19,5;77;65;68;;;;
2021/01/28;1600 UTC;0;937,7;938;937,7;2600,5;26,9;20,4;27,5;26,4;21;19,1;71;62;68;;;;
2021/01/28;1700 UTC;0;936,7;937,7;936,7;2339,8;27,9;20,8;27,9;26,9;21,1;19,7;70;62;65;;;;
2021/01/28;1800 UTC;0;935,3;936,8;935,3;3377,7;28,2;20,4;29,5;27,7;21,8;19,8;68;58;63;;;;
2021/01/28;1900 UTC;0;934,6;935,3;934,6;2957,3;30,1;20,8;30,9;28,1;21,7;19,9;65;55;58;;;;
2021/01/28;2000 UTC;0;933,9;934,6;933,9;808,8;28,3;19,9;30,1;28,1;21,4;19,6;64;56;61;;;;
2021/01/28;2100 UTC;0;934,1;934,1;933,8;583,2;27,3;20,7;28,9;27,3;20,7;19,6;67;59;67;;;;
2021/01/28;2200 UTC;0;934,9;934,9;934,1;145,6;26,3;20,6;27,3;26,3;20,8;20,1;71;66;71;;;;
2021/01/28;2300 UTC;0;935,6;935,6;934,9;1,9;25,9;20,3;26,3;25,6;20,6;20,3;74;70;71;;;;
2021/01/29;0000 UTC;0;936,6;936,6;935,4;;24;20,7;26,2;24;20,7;20,1;82;69;82;;;;
2021/01/29;0100 UTC;2,6;938,5;938,5;936,6;;20,8;20,3;24;20,6;20,7;19,9;97;82;97;;;;
2021/01/29;0200 UTC;1,6;938,2;938,6;938,1;;20,8;19,4;20,8;20,5;20,2;19,3;97;91;92;;;;
2021/01/29;0300 UTC;,8;937,9;938,3;937,9;;20,3;19,8;20,8;20,3;19,8;19,3;97;91;97;;;;
2021/01/29;0400 UTC;,6;937,1;937,9;937,1;;20,1;19,8;20,3;20,1;19,9;19,7;98;97;98;;;;
2021/01/29;0500 UTC;,4;936,8;937,1;936,8;;20,5;19,6;20,5;20,1;20,1;19,6;98;95;95;;;;
2021/01/29;0600 UTC;0;936,2;936,7;936,1;;19,8;19,2;20,6;19,8;19,6;19,2;97;93;97;;;;
2021/01/29;0700 UTC;0;936,1;936,2;935,9;;20;19,7;20;19,8;19,7;19,2;98;97;98;;;;
2021/01/29;0800 UTC;,2;936,9;937;936,1;;20,6;20,2;20,6;20;20,2;19,7;98;97;97;;;;
2021/01/29;0900 UTC;0;937,2;937,2;936,8;;21,3;19,5;21,3;20,6;20,2;19,2;97;89;90;;;;
2021/01/29;1000 UTC;0;937,3;937,3;937,1;102,2;21,6;19,6;21,6;21;19,6;19,4;91;87;88;;;;
2021/01/29;1100 UTC;0;937,7;937,7;937,3;406,9;23,2;20,6;23,2;21,6;20,8;19,4;88;82;85;;;;
2021/01/29;1200 UTC;0;938;938,1;937,7;1087,9;24,9;20,9;25,2;23,2;21,9;20,4;89;76;79;;;;
2021/01/29;1300 UTC;0;938;938,1;938;1834,2;26,6;20,5;26,6;24,7;21,6;20;81;69;69;;;;
2021/01/29;1400 UTC;0;938;938,1;937,9;2917,2;27,4;20,7;27,5;26,3;21,4;19,6;71;63;67;;;;
2021/01/29;1500 UTC;0;938;938,1;937,9;2664,4;28,1;20,6;28,9;27;21,8;20,3;71;62;64;;;;
2021/01/29;1600 UTC;0;937,9;938;937,9;2861,6;28,9;22,4;28,9;27,4;22,4;20;68;62;68;;;;
2021/01/29;1700 UTC;0;937,1;937,9;937,1;3925,8;29,5;21,6;31,2;28,7;23,5;20,1;69;57;63;;;;
2021/01/29;1800 UTC;0;935,5;937,1;935,5;2909,7;29,9;19,7;30,9;29;22,5;19,7;65;54;54;;;;
2021/01/29;1900 UTC;0;934,9;935,5;934,7;2002,2;29,9;19,3;31,2;28,5;22,4;18;63;50;53;;;;
2021/01/29;2000 UTC;2,2;935,3;935,7;934,8;378,7;22,1;20,6;29,9;22,1;20,9;19,4;92;53;92;;;;
2021/01/29;2100 UTC;,2;936,9;937;935,3;148,7;22,1;20;23,4;22;22,2;20;97;84;88;;;;
2021/01/29;2200 UTC;1;936,5;936,9;936,4;13,9;21;20;22,1;21;20,2;19,6;94;88;94;;;;
2021/01/29;2300 UTC;,6;936,6;936,7;936,5;;21;20,4;21,2;20,9;20,7;20,1;97;94;96;;;;
2021/01/30;0000 UTC;0;937,4;937,6;936,6;;21,1;20,5;21,6;21;21,3;20,5;98;96;96;;;;
2021/01/30;0100 UTC;,2;938,4;938,4;937,4;;21,2;19,9;21,4;20,7;20,6;19,9;97;91;92;;;;
2021/01/30;0200 UTC;0;938,9;938,9;938,4;;20,9;20,4;21,2;20,8;20,5;19,9;97;92;97;;;;
2021/01/30;0300 UTC;0;938,4;938,9;938,4;;20,7;20,4;20,9;20,7;20,5;20,3;98;97;98;;;;
2021/01/30;0400 UTC;0;938,4;938,4;938,3;;20,7;20,4;20,7;20,6;20,4;20,3;98;98;98;;;;
2021/01/30;0500 UTC;0;938;938,4;938;;20,7;20,4;20,7;20,6;20,5;20,3;98;98;98;;;;
2021/01/30;0600 UTC;0;937,5;938;937,5;;20,5;20,2;20,7;20,4;20,4;20,1;98;98;98;;;;
2021/01/30;0700 UTC;0;937,4;937,5;937,3;;20,6;20,2;20,6;20,4;20,2;20,1;98;97;97;;;;
2021/01/30;0800 UTC;2,6;938;938;937,3;;20,5;19,9;21;20,5;20,3;19,9;97;95;97;;;;
2021/01/30;0900 UTC;2,2;938,4;938,4;937,9;;20,3;19,9;20,5;20,3;20;19,8;97;97;97;;;;
2021/01/30;1000 UTC;1,6;938,5;938,6;938,2;34,1;20,4;20,1;20,4;20,2;20,1;19,7;98;97;98;;;;
2021/01/30;1100 UTC;,4;938,9;938,9;938,3;244,4;21,7;21,3;21,7;20,3;21,3;20;98;97;97;;;;
2021/01/30;1200 UTC;0;939,2;939,2;938,8;668,1;23,4;20,3;23,4;21,7;21,3;20,3;97;83;83;;;;
2021/01/30;1300 UTC;0;939,7;939,7;939,2;1281,5;24,6;20,9;24,6;23,2;21,2;20,2;87;78;80;;;;
2021/01/30;1400 UTC;0;939,6;939,8;939,6;1798,1;25,9;20,7;26;24,6;21,4;20,1;80;71;73;;;;
2021/01/30;1500 UTC;0;939,4;939,6;939,4;2660,7;28;20,6;28,4;25,9;22,4;20,1;75;63;64;;;;
2021/01/30;1600 UTC;0;938,7;939,4;938,7;1744;27,2;21,5;28,6;26,9;22;20,2;71;63;71;;;;
2021/01/30;1700 UTC;0;937,9;938,7;937,9;2617,2;29;20,4;29,8;27,2;23;19,4;72;55;60;;;;
2021/01/30;1800 UTC;0;937,1;937,9;937,1;3359,1;30,9;21,5;30,9;29;22,1;19,9;62;54;57;;;;
2021/01/30;1900 UTC;0;936,4;937,2;936,3;2093,6;29,3;19,9;31,2;29,2;21,6;19,6;62;54;57;;;;
2021/01/30;2000 UTC;0;936,9;936,9;936,1;168,5;24,3;21,3;29,3;24,3;21,6;19,6;84;57;84;;;;
2021/01/30;2100 UTC;0;936,4;937;936,4;60,2;22,9;20,7;24,3;22,9;21,4;20,3;88;83;87;;;;
2021/01/30;2200 UTC;,6;937,6;937,6;936,4;11,4;21,8;21,1;23;21,8;21,3;20,3;96;85;96;;;;
2021/01/30;2300 UTC;0;939;939;937,6;;22;21,1;22,2;21,5;21,5;21;97;95;95;;;;
2021/01/31;0000 UTC;2,4;940,2;940,5;939;;20,4;19,8;22;20,4;21,1;19,7;96;94;96;;;;
2021/01/31;0100 UTC;4,6;939,9;940,2;939,7;;20,2;19,9;20,4;20,2;19,9;19,8;98;96;98;;;;
2021/01/31;0200 UTC;0;939,8;940,1;939,8;;20;19,7;20,3;20;20;19,7;98;98;98;;;;
2021/01/31;0300 UTC;0;939,4;939,9;939,4;;20;19,8;20;20;19,8;19,7;99;98;99;;;;
2021/01/31;0400 UTC;0;938,6;939,5;938,6;;19,9;19,6;20;19,9;19,8;19,6;99;99;99;;;;
2021/01/31;0500 UTC;0;938,1;938,6;938;;19,7;19,5;19,9;19,7;19,7;19,5;99;99;99;;;;
2021/01/31;0600 UTC;0;937,5;938,1;937,5;;19,5;19,3;19,8;19,5;19,5;19,2;99;98;98;;;;
2021/01/31;0700 UTC;0;937,1;937,5;937,1;;19,6;19,3;19,6;19,4;19,4;19,2;99;98;99;;;;
2021/01/31;0800 UTC;0;937;937,2;936,9;;19,6;19,3;19,7;19,4;19,4;19,2;99;98;98;;;;
2021/01/31;0900 UTC;,4;937,6;937,6;937;;19,6;19,2;19,6;19,2;19,3;18,9;98;98;98;;;;
2021/01/31;1000 UTC;0;938,4;938,5;937,5;33,4;20,4;19,2;20,4;19,6;19,3;18,7;98;91;93;;;;
2021/01/31;1100 UTC;0;938,8;938,8;938,4;212,7;22,3;18;22,3;20,4;19,1;18;93;76;76;;;;
2021/01/31;1200 UTC;0;939,3;939,4;938,8;669,3;23,8;18,6;23,8;22,3;19,4;17,8;80;73;73;;;;
2021/01/31;1300 UTC;0;939,6;939,6;939;1312,3;25,3;21,1;25,9;23,8;21,5;18,7;78;70;78;;;;
2021/01/31;1400 UTC;1,6;939,7;939,8;939,6;564,1;22,8;22,1;25,2;22,7;22,3;20,3;96;78;96;;;;
2021/01/31;1500 UTC;0;939,1;939,9;939,1;1047,7;25;22,3;25;22,3;23,3;21,6;97;85;85;;;;
2021/01/31;1600 UTC;0;938,4;939;938,4;1446,1;26,1;22,8;26,1;24,2;23,4;20,8;90;78;82;;;;
2021/01/31;1700 UTC;0;937,9;938,5;937,9;1755;25,3;22,9;28,1;24,8;23,4;19,9;89;63;86;;;;
2021/01/31;1800 UTC;0;937,7;937,9;937,5;1577,6;25,2;22,6;26,6;25,2;23,8;22;86;78;85;;;;
2021/01/31;1900 UTC;,8;937,4;938,1;937,4;237,7;23;22,3;25,2;23;22,6;21,8;96;85;96;;;;
2021/01/31;2000 UTC;0;936,9;937,4;936,4;210,1;22,7;22;23;22,4;22,4;21,9;97;96;96;;;;
2021/01/31;2100 UTC;0;937,8;937,8;936,9;334,8;22,8;21,3;22,9;22,6;22,1;21,2;96;91;91;;;;
2021/01/31;2200 UTC;0;938;938;937,7;153,4;21,9;20,2;22,8;21,9;21,5;20,1;94;89;90;;;;
2021/01/31;2300 UTC;0;939;939;937,6;4,1;21,8;21;21,9;21,2;21;20;96;89;95;;;;
2021/02/01;0000 UTC;0;939,7;939,9;939;;20,6;19,8;21,8;20,6;21;19,8;97;94;95;;;;
2021/02/01;0100 UTC;0;939,8;939,9;939,6;;20,1;19,3;20,8;20,1;19,8;19,3;95;92;95;;;;
2021/02/01;0200 UTC;0;938,7;939,8;938,7;;19,7;19,2;20,1;19,7;19,3;19,2;96;95;96;;;;
2021/02/01;0300 UTC;0;936,7;938,7;936,7;;19,7;19,2;19,9;19,7;19,4;19,2;97;96;97;;;;
2021/02/01;0400 UTC;0;936,4;936,7;936,3;;20,4;18,9;20,4;19,7;19,3;18,9;97;91;91;;;;
2021/02/01;0500 UTC;0;936,5;936,5;936,3;;20;18,8;20,5;20;19,2;18,6;93;91;93;;;;
2021/02/01;0600 UTC;0;936,8;936,8;936,5;;19,9;18,8;20;19,8;19,3;18,8;96;93;94;;;;
2021/02/01;0700 UTC;0;936,6;936,9;936,5;;20,5;18,5;20,5;19,9;19,3;18,4;95;88;89;;;;
2021/02/01;0800 UTC;0;936,6;936,6;936,4;;21;18,6;21,2;20,3;19,2;18;93;82;86;;;;
2021/02/01;0900 UTC;0;937,1;937,1;936,5;;21,1;18,5;21,1;20,6;18,8;18,2;89;84;85;;;;
2021/02/01;1000 UTC;0;938,1;938,2;937,1;22;20,7;19,2;21,4;20,7;19,2;18,2;91;82;91;;;;
2021/02/01;1100 UTC;0;938,7;938,7;938,1;276,7;21,7;19,5;21,7;20,7;19,6;19,1;92;87;87;;;;
2021/02/01;1200 UTC;0;939;939;938,7;1493,5;24,8;19,1;25,3;21,7;20,1;19,1;88;70;70;;;;
2021/02/01;1300 UTC;0;939,2;939,2;939;1424,7;24,1;19,9;25,1;24,1;20,2;19;79;71;78;;;;
2021/02/01;1400 UTC;0;939,1;939,3;939,1;1923,9;26,7;19,2;27,3;23,9;20,9;19,2;81;63;64;;;;
2021/02/01;1500 UTC;0;938,6;939,1;938,6;3076,6;27,6;20,8;28,1;26,6;21,5;19,1;70;62;67;;;;
2021/02/01;1600 UTC;0;938,4;938,6;938,4;1845,7;26,9;20,3;28;26,8;20,6;19;68;61;67;;;;
2021/02/01;1700 UTC;0;937,9;938,4;937,9;2285,1;28,2;20,2;29,4;26,8;21,8;18,1;69;54;62;;;;
2021/02/01;1800 UTC;0;937;937,9;937;2369,1;28,7;21,2;29,2;28;21,4;18,7;64;56;64;;;;
2021/02/01;1900 UTC;0;935,9;937;935,9;2755,6;29,3;19,5;30,5;28,4;21,5;18,8;65;51;56;;;;
2021/02/01;2000 UTC;0;935,5;935,9;935,5;2178,1;29,2;20,2;30,2;29,1;20,7;19,2;60;52;59;;;;
2021/02/01;2100 UTC;0;935,4;935,6;935,3;1317,4;28,1;20,2;29,6;28,1;21;19,7;63;58;62;;;;
2021/02/01;2200 UTC;0;936;936;935,3;287,9;26,3;20,4;28,1;26,3;20,9;19,9;72;62;70;;;;
2021/02/01;2300 UTC;0;937,1;937,1;936;2,2;25,1;20,6;26,3;25,1;20,7;20,3;76;70;76;;;;
2021/02/02;0000 UTC;0;937,8;937,8;937,1;;24,9;20,8;25,1;24,7;21,1;20,5;80;76;78;;;;
2021/02/02;0100 UTC;0;938,2;938,3;937,8;;24,3;20,6;24,9;24,3;21,5;20,5;83;77;80;;;;
2021/02/02;0200 UTC;0;938,2;938,4;938;;24,4;20,1;24,9;24,2;20,8;20,1;81;75;77;;;;
2021/02/02;0300 UTC;0;938,2;938,4;938,2;;23,7;19,8;24,3;23,6;20,3;19,8;80;77;79;;;;
2021/02/02;0400 UTC;0;937,6;938,2;937,6;;24,6;19,8;24,6;23,6;20;19,8;80;74;74;;;;
2021/02/02;0500 UTC;0;936,9;937,6;936,6;;25;19,5;25,1;24,6;19,8;19,5;74;71;71;;;;
2021/02/02;0600 UTC;0;937,5;937,5;936,9;;23,4;20,3;25,1;23,3;20,4;19,5;83;71;83;;;;
2021/02/02;0700 UTC;0;937,1;937,5;936,9;;22,8;20,7;23,4;22,8;20,8;20,3;88;83;88;;;;
2021/02/02;0800 UTC;0;937,2;937,4;937,1;;22,4;20,4;22,8;22;20,9;20,4;93;88;89;;;;
2021/02/02;0900 UTC;0;937,6;937,6;936,9;;21,8;20,1;22,4;21,8;20,4;19,9;90;86;90;;;;
2021/02/02;1000 UTC;0;937,8;937,8;937,5;116,5;23,8;20,3;23,8;21,4;20,4;19,7;93;80;81;;;;
2021/02/02;1100 UTC;0;938;938;937,7;701,9;25,3;20,5;25,8;23,8;21,8;19,7;82;71;75;;;;
2021/02/02;1200 UTC;0;938,2;938,3;938;1115,6;25,9;19,5;26,1;25;20,4;18,1;74;62;68;;;;
2021/02/02;1300 UTC;0;938,3;938,3;938,2;2590,9;27,9;21,4;28,7;25,9;22;19,1;70;62;68;;;;
2021/02/02;1400 UTC;0;938,4;938,4;938,3;3209,1;30,2;22,1;30,2;27,9;22,7;19,7;70;56;62;;;;
2021/02/02;1500 UTC;0;938,2;938,4;938,1;3710,2;30,6;21,3;30,9;29,8;22,1;20;62;53;58;;;;
2021/02/02;1600 UTC;0;938,1;938,3;938;3182,9;30,7;20,8;31,6;29,7;22,8;20,3;63;52;56;;;;
2021/02/02;1700 UTC;0;937,4;938,1;937,3;2739,7;30,8;21,9;32,6;30,4;23,2;20,2;62;52;59;;;;
2021/02/02;1800 UTC;0;937;937,4;936,9;2035,6;27;19;31,5;26,4;22,5;19;67;55;62;;;;
2021/02/02;1900 UTC;0;936,1;937,1;936,1;948,9;23,3;20,1;28,1;23,3;21,9;19,4;83;62;82;;;;
2021/02/02;2000 UTC;,4;935,2;936,3;935,2;389,9;24,5;20,9;25,4;23,3;21,4;17,5;87;61;80;;;;
2021/02/02;2100 UTC;0;936;936,1;935,2;195,9;24,7;21,7;25,2;24,2;22,4;21,1;89;78;83;;;;
2021/02/02;2200 UTC;0;937,6;937,6;936;11,7;22,1;21,3;24,7;22,1;22,2;21,2;95;83;95;;;;
2021/02/02;2300 UTC;,4;937;937,7;937;;22;20,7;22,2;21,8;21,5;20,7;96;93;93;;;;
2021/02/03;0000 UTC;0;938,6;938,6;936,9;;21,9;20;22;21,6;20,9;19,9;96;89;89;;;;
2021/02/03;0100 UTC;0;938,7;938,8;938,4;,5;21,9;19,9;22,3;21,6;20,3;18,1;91;78;88;;;;
2021/02/03;0200 UTC;0;938,7;938,8;938,5;1,1;23,4;18,5;23,7;21,9;19,9;18,2;88;71;74;;;;
2021/02/03;0300 UTC;0;939,1;939,1;938,7;,7;23;19,4;23,8;22,5;19,4;18;82;70;80;;;;
2021/02/03;0400 UTC;0;938,8;939,3;938,7;;22,6;19;23;22,4;19,6;18,9;83;79;80;;;;
2021/02/03;0500 UTC;0;938,3;938,9;938,3;;21,5;19,3;22,6;21,5;19,7;19;88;80;87;;;;
2021/02/03;0600 UTC;0;937,7;938,3;937,6;;22;19,4;22,2;21,4;19,4;19,3;88;84;85;;;;
2021/02/03;0700 UTC;0;938,2;938,2;937,7;;21,4;19,5;22,3;21,4;19,5;19,4;89;84;89;;;;
2021/02/03;0800 UTC;0;938,2;938,2;938,1;;20,1;19,3;21,4;20,1;19,5;19,3;96;89;95;;;;
2021/02/03;0900 UTC;0;938,6;938,6;938,1;;19,8;19,2;20,5;19,8;19,6;19,1;96;94;96;;;;
2021/02/03;1000 UTC;0;938,9;939;938,6;112;21,4;19,5;21,6;19,8;19,7;19,2;96;88;89;;;;
2021/02/03;1100 UTC;0;939,3;939,3;938,9;895,7;23,7;20,1;24;21,3;20,7;19,5;90;80;80;;;;
2021/02/03;1200 UTC;0;939,5;939,6;939,3;1712,4;25,8;20,4;26,4;23,6;21,2;20,1;83;70;72;;;;
2021/02/03;1300 UTC;0;939,4;939,6;939,3;2563,7;28,4;19,5;28,5;25,8;21,9;19,5;74;59;59;;;;
2021/02/03;1400 UTC;0;939,2;939,4;939,2;3216,3;29,6;20,2;29,8;28,4;21,2;19;64;51;57;;;;
2021/02/03;1500 UTC;0;939;939,2;938,9;2882,9;30,6;22,4;30,9;29,2;22,6;20;66;54;62;;;;
2021/02/03;1600 UTC;0;938,5;939;938,5;3732,1;31,5;21,1;31,9;29,8;22,2;20,1;64;51;54;;;;
2021/02/03;1700 UTC;0;938,1;938,6;938;3736,1;32,1;21,3;32,6;30,4;22,6;19,9;60;49;53;;;;
2021/02/03;1800 UTC;,2;937,7;938,1;937,6;3503;32,5;19,7;32,8;31,6;21,3;18,4;53;43;47;;;;
2021/02/03;1900 UTC;0;936,9;937,7;936,9;2525,8;32;20,7;33;31,2;22,2;18,5;55;44;51;;;;
2021/02/03;2000 UTC;0;936,4;936,9;936,4;1852,6;31,5;20,6;32,4;31,2;22,2;20,1;56;49;53;;;;
2021/02/03;2100 UTC;0;935,8;936,4;935,7;895,2;29,4;21,3;31,5;29,3;21,8;20,6;63;53;62;;;;
2021/02/03;2200 UTC;0;936,3;936,3;935,8;165,4;27,8;22,2;29,4;27,8;22,3;21,4;72;62;72;;;;
2021/02/03;2300 UTC;0;937,8;937,8;936,3;1,3;26,4;22,3;27,8;26,2;22,8;22,3;80;72;79;;;;
2021/02/04;0000 UTC;0;938,2;938,3;937,8;;25;21,9;26,5;24,8;22,3;21,9;85;78;83;;;;
2021/02/04;0100 UTC;0;937,7;938,2;937,7;;24,7;21,2;25,5;24,7;22;21,2;84;78;81;;;;
2021/02/04;0200 UTC;0;937,7;937,7;937,4;;24,1;21;25,2;24,1;21,2;21;83;78;83;;;;
2021/02/04;0300 UTC;0;937,8;937,9;937,7;;23,8;20,8;24,2;23,7;21,1;20,8;85;83;84;;;;
2021/02/04;0400 UTC;0;937,4;937,9;937,4;;23,7;20,5;23,8;23,4;21,1;20,5;86;82;82;;;;
2021/02/04;0500 UTC;0;937,4;937,8;937,4;;24,2;21,6;24,4;23,7;21,7;20,4;87;80;86;;;;
2021/02/04;0600 UTC;0;937,4;937,4;937,3;;23,6;21,8;24,4;23,6;21,9;21,6;90;84;90;;;;
2021/02/04;0700 UTC;0;937,1;937,4;937;;23,1;21,2;23,6;23,1;21,9;21,1;90;88;89;;;;
2021/02/04;0800 UTC;0;936,9;937,1;936,7;;21,8;21,3;23,1;21,7;21,4;20,9;97;89;97;;;;
2021/02/04;0900 UTC;0;937,2;937,2;936,9;;22,5;21,7;22,6;21,8;21,8;21,3;97;95;96;;;;
2021/02/04;1000 UTC;0;937,3;937,3;937,1;121,8;24,3;22,3;24,3;22,4;22,3;21,7;96;88;88;;;;
2021/02/04;1100 UTC;0;937,8;937,8;937,3;653,2;26,8;22,7;26,9;24,3;23,1;22,1;91;75;78;;;;
2021/02/04;1200 UTC;0;937,6;937,8;937,5;1784,8;28,2;22,7;29,5;26,8;23,5;19,8;80;60;72;;;;
2021/02/04;1300 UTC;0;937,9;937,9;937,6;2480,1;29,6;22;30,3;28,1;23,7;21;75;59;64;;;;
2021/02/04;1400 UTC;0;937,8;937,9;937,7;2266,8;29,9;23;30,5;28,9;23,8;20,9;73;60;67;;;;
2021/02/04;1500 UTC;0;937,1;937,8;937,1;2579,4;31,1;23,3;31,4;29;24;21,6;71;59;63;;;;
2021/02/04;1600 UTC;0;936,5;937,2;936,5;2517,3;30,6;22,3;31,4;29,7;23,9;21,8;67;59;61;;;;
2021/02/04;1700 UTC;0;935,7;936,5;935,5;2375,1;31,1;23,7;31,1;30,4;23,9;22,3;66;60;65;;;;
2021/02/04;1800 UTC;0;935,1;935,7;934,8;1767,1;29,6;22,9;31,5;29,5;23,9;22;69;59;67;;;;
2021/02/04;1900 UTC;0;934,6;935,4;934,5;674,5;25,5;21,2;29,6;24,4;22,6;19,7;80;66;77;;;;
2021/02/04;2000 UTC;0;933,4;934,7;933,4;960,1;27,2;21;27,2;25,2;21,9;20,4;78;69;69;;;;
2021/02/04;2100 UTC;0;933,6;933,6;933,4;905,5;26,9;22,4;28,7;26,9;22,4;21,1;76;65;76;;;;
2021/02/04;2200 UTC;0;934,4;934,4;933,6;209,7;26;21,4;26,9;25,8;22,7;21,3;79;73;76;;;;
2021/02/04;2300 UTC;0;934,8;934,9;934,4;2,3;25,7;22,6;26;25,7;22,6;21,4;83;76;83;;;;
2021/02/05;0000 UTC;0;935,2;935,2;934,8;;25,8;22;25,8;25,7;22,7;22;84;79;80;;;;
2021/02/05;0100 UTC;0;935,1;935,3;935,1;;25,5;22,1;26;25,5;22,1;21,7;81;78;81;;;;
2021/02/05;0200 UTC;0;935,5;935,7;935;;25;21,8;25,5;25;22,3;21,8;84;81;83;;;;
2021/02/05;0300 UTC;0;935,1;935,5;935,1;;23,9;21,8;25;23,9;21,8;21,7;88;82;88;;;;
2021/02/05;0400 UTC;0;934,7;935,2;934,7;;23,5;21,5;23,9;23,5;21,8;21,5;90;88;88;;;;
2021/02/05;0500 UTC;0;934;934,8;934;;22,9;21,6;23,5;22,8;21,7;21,4;93;88;92;;;;
2021/02/05;0600 UTC;0;933,4;934;933,3;;22,5;21,5;22,9;22,4;21,6;21,3;94;92;94;;;;
2021/02/05;0700 UTC;0;933,1;933,4;933,1;;22;21,2;22,5;22;21,5;21,1;95;93;95;;;;
2021/02/05;0800 UTC;0;932,7;933,2;932,7;;21,5;21,1;22;21,5;21,2;21;97;95;97;;;;
2021/02/05;0900 UTC;0;932,8;932,8;932,6;;21,6;21,2;21,8;21,5;21,4;21,1;98;97;98;;;;
2021/02/05;1000 UTC;0;933,7;933,7;932,8;86;22;21,3;22;21,5;21,3;21,1;98;96;96;;;;
2021/02/05;1100 UTC;0;934,5;934,5;933,7;288,3;22,4;21,1;22,5;22;21,4;21,1;96;92;92;;;;
2021/02/05;1200 UTC;0;935,1;935,1;934,5;384,4;22,9;21,1;22,9;22,3;21,4;20,8;93;89;90;;;;
2021/02/05;1300 UTC;0;935,1;935,1;935;1072,9;25,2;22,2;25,2;22,9;22,2;20,8;91;81;83;;;;
2021/02/05;1400 UTC;0;935,1;935,2;935,1;649,9;24,6;21,6;25,2;24;21,8;21,1;85;79;83;;;;
2021/02/05;1500 UTC;0;934,5;935,1;934,5;1700,7;26,2;21,1;26,4;24,6;22;20,4;84;71;73;;;;
2021/02/05;1600 UTC;0;933,8;934,5;933,8;2728,3;28,5;22,2;28,5;26,2;23;20,4;75;64;69;;;;
2021/02/05;1700 UTC;0;932,9;933,8;932,9;2026,6;27,8;20,5;28,7;26,8;22,4;20,2;72;61;64;;;;
2021/02/05;1800 UTC;0;932,4;932,9;932,4;1425,2;27,5;19,7;27,9;27;20,3;18,7;66;59;63;;;;
2021/02/05;1900 UTC;0;931,8;932,4;931,8;1697,4;28,7;19,3;28,7;27,2;20,6;18,8;65;56;57;;;;
2021/02/05;2000 UTC;0;931,6;931,8;931,6;1620,7;28,1;14,7;29;27,4;19,4;14,6;57;44;44;;;;
2021/02/05;2100 UTC;0;931,6;931,6;931,5;1324,8;27;15;28,9;27;17,2;13,5;50;39;48;;;;
2021/02/05;2200 UTC;0;932,4;932,4;931,6;356,9;24,6;13,9;27,1;24,6;15;13,2;51;46;51;;;;
2021/02/05;2300 UTC;0;933,2;933,2;932,4;2,1;23;14,1;24,6;23;14,3;13,6;58;50;57;;;;
2021/02/06;0000 UTC;0;933,5;933,5;933,2;;22,9;14,9;23;22,4;14,9;13,8;61;57;61;;;;
2021/02/06;0100 UTC;0;934,1;934,1;933,5;;22,4;14,8;22,9;22,3;15,1;14,7;64;60;62;;;;
2021/02/06;0200 UTC;0;934,4;934,4;934,1;;22;15,2;22,5;21,9;15,2;14,8;65;62;65;;;;
2021/02/06;0300 UTC;0;934,1;934,4;934,1;;21,2;15,7;22;21,1;15,8;15,1;72;65;71;;;;
2021/02/06;0400 UTC;0;933,7;934,1;933,7;;20,7;15,5;21,4;20,6;15,8;15,5;73;70;73;;;;
2021/02/06;0500 UTC;0;933,1;933,8;933,1;;19,5;15,5;20,7;19,4;15,6;15,4;78;73;77;;;;
2021/02/06;0600 UTC;0;932,8;933,2;932,8;;19,6;15,4;19,9;19,3;15,7;15,3;79;76;77;;;;
2021/02/06;0700 UTC;0;932,6;932,8;932,6;;19,5;14,6;19,8;19,5;15,3;14,6;77;72;74;;;;
2021/02/06;0800 UTC;0;932,7;932,7;932,5;;18,2;15,1;19,5;18,1;15,1;14,6;83;74;83;;;;
2021/02/06;0900 UTC;0;933;933;932,7;;17,4;14,9;18,2;17,3;15,2;14,9;86;83;86;;;;
2021/02/06;1000 UTC;0;933,8;933,8;933;124,6;19,5;16,2;19,5;16,8;16,2;14,9;91;81;81;;;;
2021/02/06;1100 UTC;0;934,5;934,5;933,8;916;21,6;16,8;22;19,5;17,2;16;81;70;74;;;;
2021/02/06;1200 UTC;0;935,2;935,2;934,5;1844,5;23,5;19,1;23,7;21,5;19,1;16,8;77;71;76;;;;
2021/02/06;1300 UTC;0;936;936;935,2;2662,2;25,1;20,1;25,1;22,7;20,1;17,9;79;70;74;;;;
2021/02/06;1400 UTC;0;936,1;936,1;936;3314,5;26,4;19,7;26,7;24,2;20,3;18;74;64;67;;;;
2021/02/06;1500 UTC;0;935,6;936,1;935,6;3744;28,2;17,1;28,4;26;20,1;16,8;68;51;51;;;;
2021/02/06;1600 UTC;0;935,2;935,6;935,2;2722,9;28,9;15,9;29;26;19;14,7;61;43;45;;;;
2021/02/06;1700 UTC;0;934,6;935,2;934,6;3889,8;28,8;15;29,4;28,1;16,8;14;49;40;43;;;;
2021/02/06;1800 UTC;0;934,1;934,6;934,1;3147;29,1;16,5;30,1;28,6;18,1;15,3;51;42;47;;;;
2021/02/06;1900 UTC;0;933,6;934,1;933,6;2839;30,2;17,3;30,5;28,2;18,9;15,7;54;45;46;;;;
2021/02/06;2000 UTC;0;933,5;933,7;933,4;1321,1;26,8;17,4;30,2;26,6;18,6;16,5;58;46;56;;;;
2021/02/06;2100 UTC;0;933,6;933,6;933,4;905,3;27,1;16,3;28;26,3;17,9;15,7;58;49;52;;;;
2021/02/06;2200 UTC;0;934;934;933,6;347,2;25,1;16,2;27,5;25,1;17;15,7;58;50;58;;;;
2021/02/06;2300 UTC;0;934,6;934,6;934;1,6;23,3;15,7;25,1;23,3;16,3;15,5;62;57;62;;;;
2021/02/07;0000 UTC;0;935,2;935,2;934,6;;22,6;15,6;23,5;22,5;15,8;15,5;65;61;65;;;;
2021/02/07;0100 UTC;0;935,7;935,7;935,2;;22,1;15,7;22,6;21,8;15,9;15,6;69;65;67;;;;
2021/02/07;0200 UTC;0;936;936,1;935,7;;21,3;15,5;22,2;21,3;15,8;15,4;70;66;69;;;;
2021/02/07;0300 UTC;0;936,3;936,4;936;;20,2;16;21,3;20,1;16,1;15,2;77;69;77;;;;
2021/02/07;0400 UTC;0;936;936,3;936;;20,1;16,4;20,8;20;16,5;15,9;80;75;80;;;;
2021/02/07;0500 UTC;0;935,7;936,2;935,7;;19;16,3;20,1;18,8;16,4;16,3;86;80;85;;;;
2021/02/07;0600 UTC;0;935,4;935,8;935,4;;18,5;16;19,1;18,1;16,3;16;88;83;86;;;;
2021/02/07;0700 UTC;0;935,5;935,5;935,4;;17,8;16;18,5;17,6;16,1;15,8;90;86;89;;;;
2021/02/07;0800 UTC;0;935,7;935,8;935,4;;17,8;15,8;18,1;17,6;16;15,8;90;87;88;;;;
2021/02/07;0900 UTC;0;936,3;936,3;935,7;;17,3;15,6;17,8;17,3;15,8;15,6;90;88;90;;;;
2021/02/07;1000 UTC;0;937;937;936,3;117,6;18,6;16;18,6;17,1;16;15,6;91;85;85;;;;
2021/02/07;1100 UTC;0;937,6;937,6;936,9;893,9;21,3;16,7;21,3;18,6;16,9;15,5;85;74;75;;;;
2021/02/07;1200 UTC;0;937,9;937,9;937,5;1821,7;21,1;15,8;22,5;21;17,4;15,8;77;69;72;;;;
2021/02/07;1300 UTC;0;938,1;938,1;937,9;2638,8;23,8;17;23,9;21,1;17,9;16;75;66;66;;;;
2021/02/07;1400 UTC;0;938;938,1;938;3285,7;25,4;17,7;25,7;23,4;18,7;16,7;69;62;62;;;;
2021/02/07;1500 UTC;0;937,6;938;937,6;3699,2;26,3;18,2;27,2;25,4;19,4;17,2;66;56;61;;;;
2021/02/07;1600 UTC;0;937;937,6;937;3931;28,2;17,5;28,8;26,4;20,2;17,3;62;52;52;;;;
2021/02/07;1700 UTC;0;936,4;937;936,4;4021,8;28,4;17,1;29,6;27,8;19,4;14,4;58;42;50;;;;
2021/02/07;1800 UTC;0;935,7;936,4;935,7;3481,9;29,1;17,4;29,7;27,5;18,6;16,1;56;45;49;;;;
2021/02/07;1900 UTC;0;935,1;935,8;935,1;2367,5;27,3;17,3;30,2;26,6;18,4;16;56;44;55;;;;
2021/02/07;2000 UTC;0;934,6;935,1;934,5;2018,3;29;15,8;29,4;26,8;17,7;14,9;54;43;45;;;;
2021/02/07;2100 UTC;0;934,7;934,7;934,5;1068,1;26,8;15,1;29;26,5;16,5;14,9;53;43;49;;;;
2021/02/07;2200 UTC;0;935,1;935,2;934,6;305,5;24,1;15,7;26,9;24,1;15,8;14,9;59;48;59;;;;
2021/02/07;2300 UTC;0;935,6;935,6;935,1;2;22;15,9;24,1;22;16;15,5;69;59;69;;;;
2021/02/08;0000 UTC;0;936,1;936,1;935,6;;21,6;15,9;21,9;21,3;16,2;15,9;73;69;70;;;;
2021/02/08;0100 UTC;0;936,6;936,6;936,1;;22,4;15;22,5;21,6;16;15;70;63;63;;;;
2021/02/08;0200 UTC;0;937,2;937,2;936,6;;21,9;14,2;22,5;21,8;15;14,2;63;59;62;;;;
2021/02/08;0300 UTC;0;937,1;937,4;937,1;;20,4;13,9;21,9;20,3;14,2;13,7;67;62;66;;;;
2021/02/08;0400 UTC;0;936,7;937,2;936,7;;19,4;14,6;20,5;19,4;14,6;13,8;73;65;73;;;;
2021/02/08;0500 UTC;0;936,4;936,8;936,4;;18,5;14,6;19,4;18,5;14,8;14,6;78;74;78;;;;
2021/02/08;0600 UTC;0;936,4;936,5;936,4;;17,6;14,7;18,6;17,6;14,7;14,4;83;77;83;;;;
2021/02/08;0700 UTC;0;936,2;936,4;936,2;;16,7;14,7;17,6;16,7;14,8;14,6;88;83;88;;;;
2021/02/08;0800 UTC;0;936,4;936,4;936,2;;16,6;14,8;16,9;16,5;14,8;14,6;89;87;89;;;;
2021/02/08;0900 UTC;0;936,8;936,8;936,4;;16,3;14,8;16,7;16,3;14,9;14,7;91;89;91;;;;
2021/02/08;1000 UTC;0;937,5;937,5;936,8;114,5;17,5;15,3;17,5;16,2;15,3;14,7;91;87;87;;;;
2021/02/08;1100 UTC;0;938;938;937,5;878,8;19,7;15,6;19,7;17,5;16,1;15;87;77;77;;;;
2021/02/08;1200 UTC;0;938,3;938,3;938;1811;21,3;15,8;21,5;19,7;16,3;14,9;78;69;71;;;;
2021/02/08;1300 UTC;0;938,4;938,5;938,3;2641,3;23;16,1;23,7;21,3;17,2;15,6;73;63;65;;;;
2021/02/08;1400 UTC;0;938,3;938,5;938,3;3279,1;25,2;16,5;26;23;18,3;16,2;69;58;58;;;;
2021/02/08;1500 UTC;0;938,1;938,4;938,1;3532,3;26,6;18,1;27;25;18,4;16,2;64;56;60;;;;
2021/02/08;1600 UTC;0;937,4;938,1;937,4;2793,3;26,3;17,5;27,9;25,2;19,3;16,5;64;54;58;;;;
2021/02/08;1700 UTC;0;936,5;937,4;936,5;3516,4;28,9;17,2;29;26,1;18,7;14,7;59;45;49;;;;
2021/02/08;1800 UTC;0;935,8;936,5;935,8;2505,5;28,9;16,1;29,9;26,1;19,2;14,9;59;42;46;;;;
2021/02/08;1900 UTC;0;935,1;935,9;935,1;2740,2;28,6;15,4;30,1;27,1;18;14,8;52;42;45;;;;
2021/02/08;2000 UTC;0;934,7;935,1;934,6;2125,5;28;14,6;28,9;27,6;16,3;13,7;47;41;44;;;;
2021/02/08;2100 UTC;0;934,9;934,9;934,6;1057,1;26,6;15,3;28,1;26,5;15,6;13,7;50;41;50;;;;
2021/02/08;2200 UTC;0;935,4;935,4;934,9;299,2;24,1;14,4;26,7;24,1;15,3;14;55;48;55;;;;
2021/02/08;2300 UTC;0;936,1;936,1;935,4;1,4;22,8;15,3;24,1;22,6;15,3;14,1;63;55;63;;;;
2021/02/09;0000 UTC;0;936,7;936,7;936,1;;22,3;14,8;22,8;22,1;15,5;14,7;65;62;62;;;;
2021/02/09;0100 UTC;0;937,4;937,4;936,7;;22,2;14,1;22,5;22,1;14,6;14;62;59;60;;;;
2021/02/09;0200 UTC;0;937,5;937,5;937,4;;22,2;14,2;22,7;22,2;14,2;13,8;61;58;61;;;;
2021/02/09;0300 UTC;0;937,3;937,5;937,3;;20,6;14,8;22,1;20,6;14,8;14,2;69;61;69;;;;
2021/02/09;0400 UTC;0;937,2;937,4;937,2;;19,4;15,1;20,6;19,4;15,2;14,8;76;69;76;;;;
2021/02/09;0500 UTC;0;936,8;937,2;936,8;;18,7;14,6;19,4;18,7;15,1;14,5;77;76;77;;;;
2021/02/09;0600 UTC;0;936,8;936,9;936,6;;18,1;14;18,7;18;14,6;14;78;76;77;;;;
2021/02/09;0700 UTC;0;936,8;936,9;936,6;;17,3;14,2;18,1;17,3;14,2;14;82;77;82;;;;
2021/02/09;0800 UTC;0;937,1;937,1;936,8;;17,1;14;17,4;16,8;14,3;13,9;84;81;82;;;;
2021/02/09;0900 UTC;0;937,5;937,5;937,1;;16,9;13,5;17,2;16,7;14;13,5;84;81;81;;;;
2021/02/09;1000 UTC;0;938;938;937,5;110;17,9;13,6;17,9;16,5;13,8;13,2;82;76;76;;;;
2021/02/09;1100 UTC;0;938,8;938,8;938;871,2;20;14,4;20,1;17,9;14,9;13,5;77;70;70;;;;
2021/02/09;1200 UTC;0;939,3;939,3;938,7;1805,4;21,8;15,5;22,1;20;16;14,3;72;66;67;;;;
2021/02/09;1300 UTC;0;939,4;939,5;939,3;2630,3;24;16,2;24,5;21,8;17,1;15,3;70;62;62;;;;
2021/02/09;1400 UTC;0;939;939,4;939;3280,3;25,7;17,9;26,2;23,8;18,3;15,7;64;56;62;;;;
2021/02/09;1500 UTC;0;938,6;939;938,6;3802,8;28;18,2;28,1;25,8;19,3;16,9;63;54;55;;;;
2021/02/09;1600 UTC;0;938,1;938,7;938,1;3008,8;26,4;16,3;29,1;26,3;19,4;16;61;49;54;;;;
2021/02/09;1700 UTC;0;937,5;938,1;937,5;2522,5;29;16,5;29,2;26,2;18,8;14,4;60;43;47;;;;
2021/02/09;1800 UTC;0;936,9;937,5;936,9;1927,3;27,5;15,7;29,8;27,2;17,9;14,7;54;43;48;;;;
2021/02/09;1900 UTC;0;936,5;936,9;936,5;2159,5;28,1;15,3;29,7;27,5;17,4;14,4;52;41;46;;;;
2021/02/09;2000 UTC;0;936;936,5;936;1337,5;27,6;15,5;28,5;27,5;16,5;14,1;51;42;47;;;;
2021/02/09;2100 UTC;0;936;936,1;935,9;721,2;26,3;15,8;27,6;26,3;17;15,1;55;46;53;;;;
2021/02/09;2200 UTC;0;936,2;936,2;936;224;24,4;16;26,3;24,4;16;14,3;59;49;59;;;;
2021/02/09;2300 UTC;0;937,1;937,1;936,2;,9;22,6;16,5;24,4;22,5;16,6;16;69;59;68;;;;
2021/02/10;0000 UTC;0;937,6;937,6;937,1;;21,5;16,6;22,6;21,5;16,7;16,5;74;68;74;;;;
2021/02/10;0100 UTC;0;938,1;938,1;937,6;;21,5;16,2;21,5;21;16,8;16,2;76;72;72;;;;
2021/02/10;0200 UTC;0;938,5;938,6;938,1;;22,3;15,9;22,6;21,5;16,2;15,6;72;65;67;;;;
2021/02/10;0300 UTC;0;938,6;938,6;938,4;;21,5;16,4;22,4;21,5;16,5;15,9;73;67;73;;;;
2021/02/10;0400 UTC;0;938,3;938,6;938,3;;20,7;16,4;21,5;20,7;16,5;16,4;77;73;76;;;;
2021/02/10;0500 UTC;0;937,8;938,3;937,8;;20,1;16;20,7;20,1;16,4;16;77;76;77;;;;
2021/02/10;0600 UTC;0;937,3;937,8;937,2;;19,6;15,6;20,1;19,6;16;15,5;78;75;78;;;;
2021/02/10;0700 UTC;0;937,2;937,3;937,1;;19,2;15,5;19,6;19,2;15,6;15,5;80;78;79;;;;
2021/02/10;0800 UTC;0;937,3;937,3;937,1;;18,6;15,6;19,3;18,6;15,6;15,5;83;79;83;;;;
2021/02/10;0900 UTC;0;937,5;937,5;937,3;;17,8;15,6;18,6;17,7;15,7;15,5;87;83;87;;;;
2021/02/10;1000 UTC;0;938;938;937,5;105,6;18,7;15,9;18,7;17,5;15,9;15,5;88;83;84;;;;
2021/02/10;1100 UTC;0;938,5;938,5;938;840,3;20,9;16,6;20,9;18,7;16,7;15,9;84;77;77;;;;
2021/02/10;1200 UTC;0;938,8;938,9;938,5;1763,3;23;17,7;23,1;20,6;17,8;16,4;78;70;72;;;;
2021/02/10;1300 UTC;0;939,1;939,1;938,8;2586,5;25,4;18,7;25,4;23;18,7;17,2;73;64;66;;;;
2021/02/10;1400 UTC;0;939,1;939,2;939,1;3224,1;26,7;18,5;27,9;25,2;20,2;17,6;67;59;61;;;;
2021/02/10;1500 UTC;0;938,7;939,1;938,7;3637,5;28,3;17,9;28,6;26,7;19,6;17,5;61;53;53;;;;
2021/02/10;1600 UTC;0;938,2;938,7;938,2;3531,5;28,4;17,7;29,7;27,6;19;16,8;58;46;52;;;;
2021/02/10;1700 UTC;0;937,5;938,2;937,5;2223,1;29;16,2;29,7;28;19,2;15,3;57;44;46;;;;
2021/02/10;1800 UTC;0;936,8;937,5;936,8;2651,3;29,5;18,1;31,3;28,6;19,2;16,1;54;42;50;;;;
2021/02/10;1900 UTC;0;935,9;936,8;935,9;2221,1;30,9;17,6;30,9;29,3;19,3;16;52;42;45;;;;
2021/02/10;2000 UTC;0;935,4;935,9;935,4;965,2;28,2;17,4;30,9;28;18,9;16,9;57;44;52;;;;
2021/02/10;2100 UTC;0;935,3;935,4;935,1;1409,1;29,1;17,5;30,2;28,2;18,5;15,9;55;44;50;;;;
2021/02/10;2200 UTC;0;935,6;935,7;935,3;341,7;25,7;14,8;29,1;24,4;17,2;11,9;58;40;51;;;;
2021/02/10;2300 UTC;0;936,4;936,4;935,6;;24,9;16;25,7;24,2;16,1;14,9;60;51;58;;;;
2021/02/11;0000 UTC;0;937,1;937,1;936,4;;25,1;16,5;25,4;24,3;17,2;16,1;62;58;59;;;;
2021/02/11;0100 UTC;0;937,2;937,2;937,1;;23,7;15,1;25,1;23,6;17,3;15,1;66;59;59;;;;
2021/02/11;0200 UTC;0;937,7;937,8;937,2;;22,5;14,4;23,8;22,4;15;14,2;61;57;60;;;;
2021/02/11;0300 UTC;0;937,8;937,8;937,7;;21,8;16,9;22,6;21,8;16,9;14,5;74;60;74;;;;
2021/02/11;0400 UTC;0;937,8;937,8;937,7;;21,6;18;21,9;21,5;18;16,9;80;73;80;;;;
2021/02/11;0500 UTC;0;937,3;937,8;937,3;;21;18,1;21,6;21;18,3;18;84;80;83;;;;
2021/02/11;0600 UTC;0;936,8;937,3;936,8;;20,7;17,7;21,1;20,7;18,2;17,7;84;82;83;;;;
2021/02/11;0700 UTC;0;936,5;936,8;936,5;;20,4;17,6;20,8;20,4;17,7;17,4;84;81;84;;;;
2021/02/11;0800 UTC;0;936,5;936,6;936,4;;20,1;17,8;20,4;19,9;17,8;17,6;88;84;86;;;;
2021/02/11;0900 UTC;0;936,3;936,5;936,3;;19,8;17,6;20,2;19,7;17,8;17,6;88;86;87;;;;
2021/02/11;1000 UTC;0;937,1;937,1;936,3;32,1;20;17,6;20;19,7;17,6;17,5;88;86;86;;;;
2021/02/11;1100 UTC;,4;938,1;938,1;937,1;65,5;19,3;18,2;20;19,3;18,2;17,6;93;86;93;;;;
2021/02/11;1200 UTC;8,2;939,7;939,7;938;75,8;19;18,4;19,4;18,8;18,4;18,1;96;93;96;;;;
2021/02/11;1300 UTC;18,6;940,4;940,7;939,6;66,5;18,1;17,9;19,1;17,9;18,7;17,5;98;96;98;;;;
2021/02/11;1400 UTC;1,2;940,3;940,5;940,2;446,8;19;18,6;19;18,1;18,7;17,8;99;98;98;;;;
2021/02/11;1500 UTC;,2;940,4;940,4;940,1;575,2;19,7;19,2;19,9;19;19,6;18,6;98;97;97;;;;
2021/02/11;1600 UTC;0;940,5;940,5;940,3;668,7;20;19,5;20,2;19,5;19,7;19;98;96;97;;;;
2021/02/11;1700 UTC;1;939,5;940,5;939,5;739,7;20,5;20;20,6;19,9;20,2;19,2;98;95;97;;;;
2021/02/11;1800 UTC;0;938,8;939,5;938,8;1028,4;21;19,5;21,1;20,2;20,2;19,3;98;91;92;;;;
2021/02/11;1900 UTC;0;937,9;938,8;937,9;1027,7;22,1;19,9;22,4;20,8;20,9;19,3;96;87;87;;;;
2021/02/11;2000 UTC;0;936,6;937,9;936,6;1539;22,2;19,3;22,8;21,8;20,7;18,9;90;81;83;;;;
2021/02/11;2100 UTC;0;936,1;936,6;936,1;1093,6;21,7;19,2;22,5;21,6;20,1;18,9;87;83;86;;;;
2021/02/11;2200 UTC;0;936,2;936,3;936;172,5;20,4;18,9;21,7;20,4;19,3;18,9;91;86;91;;;;
2021/02/11;2300 UTC;0;937,3;937,3;936,2;,4;20,2;18,6;20,6;20;18,9;18,6;92;89;91;;;;
2021/02/12;0000 UTC;0;938,1;938,1;937,3;;20,1;18,5;20,3;19,9;18,6;18,4;92;89;91;;;;
2021/02/12;0100 UTC;0;939;939;938,1;;20;18,7;20,2;19,6;18,7;18,5;95;90;92;;;;
2021/02/12;0200 UTC;0;939,3;939,3;939;;20,1;19;20,2;19,9;19;18,7;93;92;93;;;;
2021/02/12;0300 UTC;0;938,6;939,4;938,6;;19,9;18,9;20,1;19,8;19,1;18,8;94;93;94;;;;
2021/02/12;0400 UTC;0;937,8;938,6;937,7;;19,7;18,2;19,9;19,6;18,9;18,2;95;91;91;;;;
2021/02/12;0500 UTC;0;937;937,8;937;;19,4;17,8;19,7;19,1;18,2;17,7;93;90;90;;;;
2021/02/12;0600 UTC;0;936,5;937;936,5;;19,4;18;19,4;19,2;18;17,7;92;90;92;;;;
2021/02/12;0700 UTC;0;936,8;936,8;936,4;;19,9;18,3;19,9;19,3;18,3;18;92;91;91;;;;
2021/02/12;0800 UTC;0;937,5;937,5;936,7;;19,4;18,3;20;19,4;18,4;18,2;93;90;93;;;;
2021/02/12;0900 UTC;0;937,8;937,8;937,5;;19,1;18,4;19,4;19,1;18,5;18,3;96;93;96;;;;
2021/02/12;1000 UTC;0;938,4;938,5;937,8;27,7;19,1;18,5;19,1;18,9;18,5;18,3;97;96;96;;;;
2021/02/12;1100 UTC;0;938,5;938,5;938,4;284,7;20;18,9;20;19,1;19;18,5;97;93;93;;;;
2021/02/12;1200 UTC;0;939;939,1;938,5;534,8;21,6;18,9;21,6;20;19,5;18,8;94;85;85;;;;
2021/02/12;1300 UTC;0;938,7;939;938,7;1802,9;23,5;20;24,1;21,5;20,4;18,8;85;77;81;;;;
2021/02/12;1400 UTC;0;938,8;938,9;938,7;1563,6;23;20;24,4;22,7;20,3;19,2;84;76;84;;;;
2021/02/12;1500 UTC;,2;939,1;939,1;938,7;1019,2;23,5;20,3;23,5;22,8;20,5;19,6;84;81;83;;;;
2021/02/12;1600 UTC;0;938,6;939,1;938,6;1946,6;25,5;20,3;26,1;23,1;21,2;19,5;84;70;73;;;;
2021/02/12;1700 UTC;0;937,7;938,6;937,7;2998,9;26,6;20,1;27,1;25,3;21,1;19,1;77;64;68;;;;
2021/02/12;1800 UTC;0;937;937,8;937;2084,1;25,9;19,8;28,1;25,7;21,2;18,8;70;61;69;;;;
2021/02/12;1900 UTC;0;936,5;937;936,3;498,6;25,3;19,4;25,9;25,3;20,6;19,1;75;68;70;;;;
2021/02/12;2000 UTC;0;936,7;936,7;936,3;218,5;21,1;20,4;25,3;21,1;20,7;19,5;96;70;96;;;;
2021/02/12;2100 UTC;2,6;937,3;937,3;936,6;63,1;20,7;20,3;21,1;20,7;20,5;20,2;98;96;97;;;;
2021/02/12;2200 UTC;1,8;937;937,4;936,9;41,2;20,4;20;20,8;20,3;20,4;20;98;97;98;;;;
2021/02/12;2300 UTC;0;937,6;937,6;937;;20,6;19,9;20,6;20,4;20,2;19,8;98;95;95;;;;
2021/02/13;0000 UTC;0;937,7;938;937,6;;20,7;19,7;20,7;20,3;19,9;19,5;96;94;94;;;;
2021/02/13;0100 UTC;0;938,3;938,5;937,7;;20,4;19,5;20,9;20,3;19,8;19,5;97;92;95;;;;
2021/02/13;0200 UTC;0;938,5;938,5;938;;21,1;20;21,1;20;20;19,5;97;94;94;;;;
2021/02/13;0300 UTC;0;937,9;938,5;937,9;;21,4;20;21,8;21,1;20;19,9;94;90;92;;;;
2021/02/13;0400 UTC;0;937,9;938,3;937,9;;20;19,7;21,5;20;20,2;19,7;98;92;98;;;;
2021/02/13;0500 UTC;0;937,3;937,9;937,2;;20,4;20,2;20,4;19,9;20,2;19,6;99;98;99;;;;
2021/02/13;0600 UTC;0;937;937,3;936,9;;20,5;20,2;20,5;20,3;20,2;20,1;99;98;98;;;;
2021/02/13;0700 UTC;0;936,8;937;936,7;;20,4;20,2;20,5;20,4;20,3;20,2;99;98;99;;;;
2021/02/13;0800 UTC;0;936,9;937,1;936,8;;20,5;20,4;20,6;20,4;20,4;20,2;99;99;99;;;;
2021/02/13;0900 UTC;0;937;937;936,8;;20,4;20,2;20,5;20,3;20,4;20,2;99;99;99;;;;
2021/02/13;1000 UTC;0;937,4;937,5;937;35,6;20,4;20,3;20,4;20,3;20,3;20,2;99;99;99;;;;
2021/02/13;1100 UTC;0;938;938;937,4;358,1;21;20,8;21,1;20,3;21;20,2;99;99;99;;;;
2021/02/13;1200 UTC;0;938,4;938,4;937,9;1348,8;23;20,8;23,1;21;21,4;20,2;99;85;87;;;;
2021/02/13;1300 UTC;0;938,9;938,9;938,4;2001,2;24,8;20,6;25,2;23;21,4;20;87;76;77;;;;
2021/02/13;1400 UTC;0;938,8;939;938,8;2366,1;25,5;20,5;26,1;24,2;21,8;20,1;81;72;74;;;;
2021/02/13;1500 UTC;0;938,4;938,9;938,4;2958,5;27,1;20,7;27,6;25;21,7;19,7;78;66;68;;;;
2021/02/13;1600 UTC;0;937,5;938,4;937,5;2422,4;26,2;20,8;27,5;25,6;21,8;19,9;75;65;72;;;;
2021/02/13;1700 UTC;0;936,8;937,5;936,7;2905;27,7;20,3;28,5;26,1;21,8;19;74;59;64;;;;
2021/02/13;1800 UTC;0;936,1;936,9;936,1;1381,4;26,3;21;27,7;25,3;22;19,6;80;63;73;;;;
2021/02/13;1900 UTC;0;935,4;936,1;935,4;2076,1;27,1;22,2;27,1;25,4;22,2;19,5;76;68;75;;;;
2021/02/13;2000 UTC;0;934,9;935,5;934,9;2066,3;27,7;19;28,3;26,5;21,8;18,8;75;58;59;;;;
2021/02/13;2100 UTC;0;934,8;934,9;934,7;905,1;25,7;19,1;27,8;25,6;19,4;17,8;67;56;67;;;;
2021/02/13;2200 UTC;0;935;935;934,7;133,2;23,7;19;25,8;23,7;19,3;18,6;75;65;75;;;;
2021/02/13;2300 UTC;0;935,6;935,6;935;;22,7;18,7;23,7;22,7;19,2;18,6;78;75;78;;;;
2021/02/14;0000 UTC;0;936,1;936,1;935,6;;23,6;18,9;23,7;22,7;19,3;18,8;81;75;75;;;;
2021/02/14;0100 UTC;0;936,7;936,7;936,1;;23,4;18,9;23,8;23,4;19,1;18,7;76;74;75;;;;
2021/02/14;0200 UTC;0;936,9;937;936,7;;23,2;18,5;23,7;22,7;18,9;18,4;79;73;75;;;;
2021/02/14;0300 UTC;0;936,6;936,9;936,6;;23,4;18,3;23,7;22,7;18,5;18;76;70;73;;;;
2021/02/14;0400 UTC;0;936;936,7;936;;23,5;18,7;23,7;23,1;18,9;18,3;76;72;75;;;;
2021/02/14;0500 UTC;0;936;936,2;936;;22,7;19,7;23,6;22,7;19,7;18,5;83;73;83;;;;
2021/02/14;0600 UTC;0;935,5;936;935,4;;21,2;19,3;22,7;21,2;19,7;19,3;90;83;89;;;;
2021/02/14;0700 UTC;0;935,3;935,5;935,2;;21,6;19;21,6;21,1;19,2;18,8;89;85;85;;;;
2021/02/14;0800 UTC;0;935,3;935,4;935,2;;21,4;19,4;21,8;21,4;19,4;19;88;85;88;;;;
2021/02/14;0900 UTC;0;935,7;935,7;935,3;;21,2;19,8;21,5;21,1;20;19,4;92;88;92;;;;
2021/02/14;1000 UTC;0;935,9;935,9;935,7;95,1;22;20,3;22;20,9;20,3;19,7;93;90;90;;;;
2021/02/14;1100 UTC;0;936,2;936,2;935,9;720,7;23,5;20,7;23,5;21,9;20,7;20,2;90;84;84;;;;
2021/02/14;1200 UTC;0;936,3;936,4;936,1;1715,3;24,7;20,7;25,2;23,5;21,4;20,6;85;78;79;;;;
2021/02/14;1300 UTC;0;936,8;936,8;936,2;2292,3;25,5;21,2;26,5;24,5;21,9;20,8;81;73;77;;;;
2021/02/14;1400 UTC;0;937,2;937,3;936,7;1948,9;26,3;21,7;27;25,4;22,4;21,2;79;72;76;;;;
2021/02/14;1500 UTC;0;937,1;937,3;936,8;1701,9;26,4;21,7;27,7;26,2;22,7;21,2;77;71;76;;;;
2021/02/14;1600 UTC;0;936,6;937,2;936,4;1131,4;26,1;21,9;26,7;26,1;22,3;21,3;78;73;78;;;;
2021/02/14;1700 UTC;0;935,7;936,6;935,7;1250,4;25,8;19,3;27,1;25,8;22,6;19,3;80;67;67;;;;
2021/02/14;1800 UTC;12,6;936,2;936,2;935,3;328,4;18,5;17,7;25,8;18,5;19,2;17,7;96;67;96;;;;
2021/02/14;1900 UTC;20,6;935,3;937,4;935,3;292,2;17,7;17,5;18,4;17,4;17,7;17,1;99;96;99;;;;
2021/02/14;2000 UTC;0;934,6;935,3;934,5;723,4;19,1;17,3;19,1;17,7;18,3;17,3;99;89;89;;;;
2021/02/14;2100 UTC;0;934,6;934,8;934,6;379,2;20,5;17,3;20,5;19,1;17,8;16,9;89;81;82;;;;
2021/02/14;2200 UTC;0;934,5;934,6;934,3;132,1;19,6;17,6;21,2;19,1;17,9;15,5;92;70;88;;;;
2021/02/14;2300 UTC;0;935,4;935,4;934,3;2;20,4;16,5;20,4;19,4;17,8;16,3;90;78;79;;;;
2021/02/15;0000 UTC;0;935,9;935,9;935,3;,4;19,6;17,8;20,8;19,6;17,8;15,9;89;73;89;;;;
2021/02/15;0100 UTC;0;936;936,1;935,7;0;20,6;16,7;20,6;19,2;18,1;16,5;93;77;78;;;;
2021/02/15;0200 UTC;0;936,2;936,5;936;;19,2;17,1;21,6;19,2;17,2;16;88;71;88;;;;
2021/02/15;0300 UTC;0;936;936,2;935,6;;19,7;17,2;19,9;19,1;17,2;16,7;88;82;86;;;;
2021/02/15;0400 UTC;0;935,1;936;935,1;;19,4;16,9;20,1;19,3;17,3;16,9;87;82;86;;;;
2021/02/15;0500 UTC;0;934,8;935,3;934,8;;17,8;17,1;19,4;17,8;17,4;16,9;95;86;95;;;;
2021/02/15;0600 UTC;0;934,1;934,8;934,1;;18,7;17,5;18,7;17,7;17,6;17,1;97;93;93;;;;
2021/02/15;0700 UTC;0;934,6;934,6;934,1;;19,2;17;20,3;18,7;17,4;16,5;93;79;87;;;;
2021/02/15;0800 UTC;0;935;935,1;934,6;;18,7;17,2;19,7;18,7;17,2;16,6;91;83;91;;;;
2021/02/15;0900 UTC;0;935;935,1;934,9;;18,4;17,7;18,7;18,4;17,7;17,2;95;91;95;;;;
2021/02/15;1000 UTC;0;935,6;935,6;935;125,6;19,2;18,4;19,2;18,2;18,4;17,7;97;95;95;;;;
2021/02/15;1100 UTC;0;936;936;935,6;584,3;20,4;18,5;20,5;19,1;18,7;18,1;95;88;88;;;;
2021/02/15;1200 UTC;0;937;937;936;1585,6;22,5;19,2;22,9;20,4;19,9;18,4;88;80;81;;;;
2021/02/15;1300 UTC;0;937,4;937,5;937;1943,6;23,3;19,7;24;22,5;20,4;18,9;84;77;80;;;;
2021/02/15;1400 UTC;0;937,6;937,7;937,4;2873,2;25,4;20,2;25,4;23,2;20,7;18,9;82;70;73;;;;
2021/02/15;1500 UTC;0;937,1;937,6;937,1;3407,5;26,3;20,1;26,7;24,2;21;18,5;77;66;69;;;;
2021/02/15;1600 UTC;0;936,5;937,1;936,5;3776,4;26,6;19,1;27,6;25,7;21,8;18,7;75;59;63;;;;
2021/02/15;1700 UTC;0;935,5;936,5;935,5;3751,4;27,4;20,6;28,4;26,3;20,9;18,7;68;59;66;;;;
2021/02/15;1800 UTC;0;934,5;935,5;934,5;2506,9;27,2;19,4;28,9;26,9;21,4;19;69;58;63;;;;
2021/02/15;1900 UTC;0;933,6;934,5;933,5;1988,7;27,5;18,8;28,3;27,1;19,8;17,9;63;55;59;;;;
2021/02/15;2000 UTC;0;933;933,6;933;1534,5;27,7;18,6;28,1;27,2;19,9;18,1;63;57;58;;;;
2021/02/15;2100 UTC;0;932,9;933;932,7;752,7;26,5;19,1;27,9;26,5;19,8;18,7;65;58;64;;;;
2021/02/15;2200 UTC;0;933;933,1;932,9;239;25,2;19;26,5;25,2;19,3;18,8;69;63;69;;;;
2021/02/15;2300 UTC;0;933,4;933,4;932,9;2,9;24;18,8;25,2;24;18,9;18,7;73;68;73;;;;
2021/02/16;0000 UTC;0;933,9;933,9;933,4;;23,5;19;24,3;23,4;19;18,8;76;72;76;;;;
2021/02/16;0100 UTC;0;934,6;934,6;933,9;;23,2;19;23,6;23;19;18,8;78;75;77;;;;
2021/02/16;0200 UTC;0;935;935;934,6;;23,1;18,8;23,4;22,9;19;18,6;78;75;77;;;;
2021/02/16;0300 UTC;0;934,9;935;934,8;;22,4;18,8;23,1;22,4;18,9;18,7;80;77;80;;;;
2021/02/16;0400 UTC;0;934,7;934,9;934,7;;22,3;19,2;22,6;22;19,2;18,9;84;80;82;;;;
2021/02/16;0500 UTC;0;934,4;934,7;934,4;;22;19,2;22,4;21,8;19,3;19,2;85;82;84;;;;
2021/02/16;0600 UTC;0;934,3;934,5;934,3;;21,6;19,3;22;21,4;19,3;19,1;87;84;87;;;;
2021/02/16;0700 UTC;0;934,2;934,4;934,1;;21,5;19,3;21,8;21,4;19,4;19,3;88;86;88;;;;
2021/02/16;0800 UTC;0;934,1;934,2;933,9;;21;19,3;21,5;21;19,4;19,2;90;88;90;;;;
2021/02/16;0900 UTC;0;934,1;934,2;934;;20,8;19,2;21,1;20,8;19,4;19,2;91;90;91;;;;
2021/02/16;1000 UTC;0;934,6;934,6;934,1;82,4;21,9;19,6;21,9;20,7;19,6;19,2;91;87;87;;;;
2021/02/16;1100 UTC;0;934,8;934,8;934,6;805,4;23,9;20,8;23,9;21,9;20,8;19,6;87;82;83;;;;
2021/02/16;1200 UTC;0;935,2;935,2;934,8;1714,9;25,2;21;25,5;23,9;21,8;20,3;84;75;78;;;;
2021/02/16;1300 UTC;0;935,5;935,5;935,2;2584,4;26,9;21,3;27,2;25,2;21,9;20,3;79;68;71;;;;
2021/02/16;1400 UTC;0;935,6;935,7;935,5;3108;28,8;20,8;28,8;26,3;22,1;20;73;61;62;;;;
2021/02/16;1500 UTC;0;935,4;935,6;935,4;3552,1;28,7;20;29,3;28,1;21,9;19,6;66;57;59;;;;
2021/02/16;1600 UTC;0;935;935,4;935;3653,7;30;19;30,3;28,6;20,7;17,7;61;49;52;;;;
2021/02/16;1700 UTC;0;934,2;935;934,2;3693,2;30,7;18,8;31;29,8;21,2;18,3;57;48;49;;;;
2021/02/16;1800 UTC;0;933;934,2;933;3534,5;31,8;19,2;32;30,4;19,9;17,8;54;44;47;;;;
2021/02/16;1900 UTC;0;932;933;932;2650,4;30,9;20,1;32;30,3;20,1;17,9;53;44;53;;;;
2021/02/16;2000 UTC;0;931,5;932;931,5;1535,8;29,2;18,4;31,6;29,2;19,7;17,6;53;45;52;;;;
2021/02/16;2100 UTC;0;931,4;931,5;931,3;670,6;28,1;19,7;29,6;28,1;19,8;18,4;60;52;60;;;;
2021/02/16;2200 UTC;0;931,8;931,8;931,4;189,4;27,3;19,1;28,7;27,2;19,8;19;62;57;61;;;;
2021/02/16;2300 UTC;0;932,5;932,5;931,8;;27,1;19,4;27,7;27,1;19,4;18,8;63;59;63;;;;
2021/02/17;0000 UTC;0;933,3;933,3;932,6;;26,2;19,8;27,1;26,2;20;19,3;68;63;68;;;;
2021/02/17;0100 UTC;0;933,7;933,7;933,3;;25,8;18,9;26,3;25,8;19,9;18,9;69;66;66;;;;
2021/02/17;0200 UTC;0;934;934;933,7;;24,6;18,2;25,8;24,6;19,3;17,9;68;64;68;;;;
2021/02/17;0300 UTC;0;933,8;934,1;933,8;;23,8;18,5;24,7;23,8;19;18;72;67;72;;;;
2021/02/17;0400 UTC;0;933,6;934;933,5;;23,7;19,2;24,2;23,7;19,5;18,5;76;72;76;;;;
2021/02/17;0500 UTC;0;933,1;933,6;933,1;;23,2;18,9;23,9;23,2;19,2;18,7;77;73;77;;;;
2021/02/17;0600 UTC;0;932,7;933,1;932,7;;23,6;18,4;23,6;22,9;19,5;18,2;81;72;73;;;;
2021/02/17;0700 UTC;0;932,4;932,7;932,4;;22,7;19,2;23,7;22,7;19,2;18,1;81;71;81;;;;
2021/02/17;0800 UTC;0;932,5;932,5;932,3;;22,1;19,1;22,7;22,1;19,8;18,7;86;79;83;;;;
2021/02/17;0900 UTC;0;932,7;932,7;932,5;;22,2;18,6;22,6;22;19,1;18,5;83;79;80;;;;
2021/02/17;1000 UTC;0;933,4;933,4;932,7;30,4;22;19;22,3;21,8;19,1;18,3;85;79;83;;;;
2021/02/17;1100 UTC;0;933,7;933,7;933,4;416,1;23,7;19;23,7;21,8;20,5;18,3;88;72;75;;;;
2021/02/17;1200 UTC;0;934,3;934,3;933,7;1032,7;25,5;18,4;25,6;23,7;19,9;18,2;76;63;65;;;;
2021/02/17;1300 UTC;0;934,4;934,5;934,3;1646,5;26,4;19,6;27,4;25,3;21,2;18,1;75;64;66;;;;
2021/02/17;1400 UTC;0;934,5;934,5;934,4;1059,8;25,4;19,8;27,2;25;20,9;18,6;76;61;71;;;;
2021/02/17;1500 UTC;0;934,2;934,5;934,2;1426,6;26,8;20,1;26,8;25,4;20,8;19,1;74;65;67;;;;
2021/02/17;1600 UTC;0;934;934,2;934;2722,7;27,8;19,3;28,6;26,8;21,3;18,9;71;57;60;;;;
2021/02/17;1700 UTC;0;933;933,9;933;2523,8;29,2;21,2;29,2;27,6;21,2;18,3;63;56;62;;;;
2021/02/17;1800 UTC;0;932;933;932;2361,8;26,9;21,6;30,1;26,6;21,7;18,8;74;54;73;;;;
2021/02/17;1900 UTC;19;931,4;933,3;931,4;295,8;20,2;19;26,9;18,5;22,2;16,6;94;73;93;;;;
2021/02/17;2000 UTC;0;932;932;931,3;411,8;21,4;19,8;21,4;20,2;20,4;19,1;94;89;91;;;;
2021/02/17;2100 UTC;,8;932,4;932,7;932;138,2;20,9;19,9;21,7;20,6;20,1;19,8;97;89;94;;;;
2021/02/17;2200 UTC;,2;932,6;932,6;932,4;86,7;21,2;19,8;21,5;20,9;20,2;19,6;95;89;92;;;;
2021/02/17;2300 UTC;0;932,9;932,9;932,6;5,7;21,3;18,9;21,5;21,1;19,6;18,8;92;85;86;;;;
2021/02/18;0000 UTC;0;933,4;933,4;932,9;;21,3;18,6;21,7;20,6;19,3;18,3;91;81;84;;;;
2021/02/18;0100 UTC;0;933,6;933,6;933,4;;21,9;18,7;22;21,3;18,8;18,2;84;79;82;;;;
2021/02/18;0200 UTC;0;933,8;933,8;933,6;;21,6;18,5;22,1;21,5;18,8;18,5;84;80;83;;;;
2021/02/18;0300 UTC;0;933,8;933,9;933,8;;21,6;18,4;22;21,6;18,6;18,3;83;80;82;;;;
2021/02/18;0400 UTC;0;933,4;933,8;933,3;;21,5;18,3;21,7;21,3;18,7;18,3;85;82;82;;;;
2021/02/18;0500 UTC;0;933,1;933,4;933,1;;21,1;18,3;21,5;21;18,4;18,2;85;82;84;;;;
2021/02/18;0600 UTC;0;933,1;933,1;933,1;;20,7;18,6;21,2;20,7;18,6;18,1;88;83;88;;;;
2021/02/18;0700 UTC;0;932,9;933,1;932,8;;21;18,5;21;20,6;18,7;18,5;89;86;86;;;;
2021/02/18;0800 UTC;0;933;933;932,8;;20,5;18,8;21;20,5;18,8;18,4;90;85;90;;;;
2021/02/18;0900 UTC;0;933,1;933,1;932,9;;20,3;18,7;20,7;20,2;18,8;18,6;91;88;91;;;;
2021/02/18;1000 UTC;0;933,5;933,5;933,1;73,3;21,2;19,3;21,2;20,2;19,3;18,7;92;89;89;;;;
2021/02/18;1100 UTC;0;934,2;934,2;933,5;777,6;22,8;19,5;22,9;21,2;19,8;19,2;89;81;82;;;;
2021/02/18;1200 UTC;0;934,6;934,6;934,1;1697,2;24,8;20,8;24,8;22,7;21;19,4;83;76;78;;;;
2021/02/18;1300 UTC;0;935;935;934,6;2532,6;25,7;20,1;25,8;24,3;20,9;19,4;80;69;71;;;;
2021/02/18;1400 UTC;0;935,1;935,1;934,9;3177;27,4;19,4;27,9;25,7;21,6;18,7;74;60;61;;;;
2021/02/18;1500 UTC;0;935;935,1;934,9;3617,7;28,3;17,7;28,8;27,2;20,5;17,1;65;51;53;;;;
2021/02/18;1600 UTC;0;934,7;935;934,7;3898,9;29,5;19,6;29,7;28,3;20,1;16,7;58;46;55;;;;
2021/02/18;1700 UTC;0;934;934,7;934;3651,4;29,9;18,6;30,4;28,7;21,4;18,5;60;50;51;;;;
2021/02/18;1800 UTC;0;933,4;934;933,4;3414,7;30,9;18,2;31,2;29,9;20,4;18,2;56;46;47;;;;
2021/02/18;1900 UTC;0;932,6;933,4;932,6;2633,6;31,1;19,5;31,1;29,6;20,1;17,7;54;46;50;;;;
2021/02/18;2000 UTC;0;932,3;932,6;932,3;1964,3;29,8;17,3;31,2;29;19,4;16,3;50;44;47;;;;
2021/02/18;2100 UTC;0;932,3;932,3;932,2;850,5;28,8;16,6;30,8;28,7;17,9;16,3;49;43;48;;;;
2021/02/18;2200 UTC;0;932,6;932,6;932,3;280;27;16;29,1;27;17;15,6;51;45;51;;;;
2021/02/18;2300 UTC;0;933,1;933,1;932,6;;25,3;15,5;27;25,3;16,3;15,3;56;51;54;;;;
2021/02/19;0000 UTC;0;933,7;933,7;933,1;;24,3;15,5;25,3;24,2;15,7;15,2;59;54;58;;;;
2021/02/19;0100 UTC;0;934,1;934,1;933,7;;24;14,8;24,5;23,8;15,7;14,8;60;56;56;;;;
2021/02/19;0200 UTC;0;934,5;934,5;934,1;;23,5;13,4;24,1;22,9;14,8;13,2;58;52;53;;;;
2021/02/19;0300 UTC;0;934,3;934,5;934,3;;22;13,2;23,6;22;13,7;13,1;58;52;57;;;;
2021/02/19;0400 UTC;0;934,1;934,4;934;;20,9;12,9;22,2;20,7;13,6;12,8;63;57;60;;;;
2021/02/19;0500 UTC;0;934;934,1;933,9;;20,3;12,9;21;20,2;13,1;12,6;63;59;63;;;;
2021/02/19;0600 UTC;0;933,8;934;933,8;;20,1;12,5;20,3;19,9;13;12,4;63;61;62;;;;
2021/02/19;0700 UTC;0;933,6;933,8;933,6;;19,7;12,6;20,1;19,6;12,8;12,2;64;61;64;;;;
2021/02/19;0800 UTC;0;933,9;933,9;933,6;;18,6;12,3;19,7;18,5;12,9;12,2;70;63;67;;;;
2021/02/19;0900 UTC;0;934,3;934,3;933,8;;18,6;11,7;18,8;18,6;12,6;11,6;68;63;64;;;;
2021/02/19;1000 UTC;0;935;935;934,3;75,1;19,8;12,7;19,8;17,8;12,7;11,4;72;63;64;;;;
2021/02/19;1100 UTC;0;935,9;935,9;935;826;23,3;14,1;23,7;19,8;14,9;12,9;65;55;56;;;;
2021/02/19;1200 UTC;0;936,4;936,4;935,9;1762,5;25,5;15,2;25,6;23,2;15,7;13;60;52;53;;;;
2021/02/19;1300 UTC;0;936,7;936,7;936,3;2601;26,4;17,4;26,7;25;17,8;14,9;60;52;58;;;;
2021/02/19;1400 UTC;0;936,5;936,7;936,5;3263,3;28,1;15,4;28,7;26,1;18,2;14,4;60;42;46;;;;
2021/02/19;1500 UTC;0;936,3;936,5;936,2;3696,3;29,7;12,8;30;27,9;17,2;10,6;50;33;35;;;;
2021/02/19;1600 UTC;0;936,1;936,3;936,1;3916,4;28,7;13,2;29,7;28,3;14,7;12;42;35;39;;;;
2021/02/19;1700 UTC;0;935,5;936,1;935,5;3837,7;30,1;13,7;30,4;28,7;16,3;12,7;43;35;37;;;;
2021/02/19;1800 UTC;0;935;935,5;935;3484,6;31;13;31;29,8;15,4;12,2;41;32;33;;;;
2021/02/19;1900 UTC;0;934,4;935;934,4;2904,6;30,9;12;31,3;29,6;14,6;10,2;38;28;31;;;;
2021/02/19;2000 UTC;0;934;934,4;934;2112,7;30,3;11,9;31;29,5;14;9,9;39;29;32;;;;
2021/02/19;2100 UTC;0;933,9;934;933,9;868,6;28,2;12,4;30,4;27,8;13;10,2;40;30;38;;;;
2021/02/19;2200 UTC;0;934,4;934,4;933,9;244,3;25,7;11,4;28,9;25,7;13;10,8;41;33;41;;;;
2021/02/19;2300 UTC;0;935;935;934,4;;24,1;11,9;25,7;24,1;12,2;11,2;47;41;47;;;;
2021/02/20;0000 UTC;0;935,8;935,8;935;;23,8;11,3;24,3;23,7;11,9;11,1;47;44;45;;;;
2021/02/20;0100 UTC;0;936,5;936,5;935,8;;23;11,9;23,8;23;12,2;11;51;45;49;;;;
2021/02/20;0200 UTC;0;937;937,1;936,5;;22,5;13,4;23,4;22,5;13,6;11,8;57;49;56;;;;
2021/02/20;0300 UTC;0;936,9;937,1;936,9;;22,4;13,2;22,7;22,3;13,6;13;58;54;56;;;;
2021/02/20;0400 UTC;0;936,6;936,9;936,6;;21,8;13,1;22,6;21,8;13,3;12,9;58;55;58;;;;
2021/02/20;0500 UTC;0;936,5;936,7;936,5;;20,1;13,6;21,8;20,1;13,9;12,9;67;58;66;;;;
2021/02/20;0600 UTC;0;936,1;936,5;936,1;;21,3;15,5;22,1;19,7;15,5;13,3;70;60;70;;;;
2021/02/20;0700 UTC;0;936,1;936,1;936;;20,7;16,9;21,5;20,7;17;15,6;79;70;79;;;;
2021/02/20;0800 UTC;0;936,2;936,2;936;;20,4;17,7;20,8;20,3;17,8;16,9;85;79;84;;;;
2021/02/20;0900 UTC;0;936,8;936,8;936,2;;20;17,9;20,4;19,8;17,9;17,6;89;84;88;;;;
2021/02/20;1000 UTC;0;937,8;937,8;936,8;68,7;20,1;18,2;20,1;19,2;18,2;17,6;92;88;89;;;;
2021/02/20;1100 UTC;0;938,4;938,4;937,8;769;22,1;18,9;22,1;20,1;19,3;18,2;89;82;82;;;;
2021/02/20;1200 UTC;0;938,7;938,8;938,3;1682,4;23,4;19,5;23,9;21,7;20;18,7;85;77;79;;;;
2021/02/20;1300 UTC;0;939;939;938,7;2529,4;26,6;20,3;26,6;23,3;20,8;19;80;68;69;;;;
2021/02/20;1400 UTC;0;939;939,1;939;3187,4;28,3;20,1;28,5;26,1;21,5;18,8;71;57;61;;;;
2021/02/20;1500 UTC;0;938,6;939;938,6;3417,2;28,6;16,6;30,6;28,3;20,7;15,2;62;41;48;;;;
2021/02/20;1600 UTC;0;938,2;938,6;938,2;3779,3;30,6;11,3;30,9;28,4;17,5;9,6;52;27;31;;;;
2021/02/20;1700 UTC;0;937,5;938,2;937,5;3728,9;31;14;31,5;30,6;15,5;11,2;39;29;36;;;;
2021/02/20;1800 UTC;0;937,1;937,5;937,1;3544;31,2;14,8;31,8;30,9;16,7;12,5;42;32;37;;;;
2021/02/20;1900 UTC;0;936,6;937,1;936,6;3141,9;30,9;15,1;32;30,9;17,3;13,3;43;34;38;;;;
2021/02/20;2000 UTC;0;936,1;936,6;936,1;2225,8;30,7;14,3;31,6;30,7;16,9;13,4;42;34;37;;;;
2021/02/20;2100 UTC;0;935,9;936,1;935,9;827;28,8;15,8;32,7;28,8;16,2;13,2;46;31;46;;;;
2021/02/20;2200 UTC;0;935,9;936;935,9;217,9;26,7;14,6;29,4;26,7;16,5;14,4;48;42;47;;;;
2021/02/20;2300 UTC;0;936,1;936,1;935,9;;25,7;13,9;26,7;25,7;14,6;13,8;49;47;48;;;;
2021/02/21;0000 UTC;0;936,7;936,7;936,1;;25,1;14,9;25,7;25;15,1;13,8;54;48;53;;;;
2021/02/21;0100 UTC;0;937,1;937,1;936,7;;24,9;14,6;25,1;24,9;15;14,6;54;52;53;;;;
2021/02/21;0200 UTC;0;937,5;937,5;937,1;;24,4;17,6;24,9;24,1;17,6;14,4;66;53;66;;;;
2021/02/21;0300 UTC;0;937,4;937,5;937,3;;23,5;18,2;24,4;23,5;18,2;17,6;72;66;72;;;;
2021/02/21;0400 UTC;0;937,2;937,5;937,2;;22,6;18;23,5;22,6;18,2;18;75;72;75;;;;
2021/02/21;0500 UTC;0;937;937,2;937;;21,8;17,9;22,6;21,7;18;17,8;79;75;79;;;;
2021/02/21;0600 UTC;0;936,6;937;936,6;;20,9;17,7;21,8;20,9;17,9;17,6;82;78;82;;;;
2021/02/21;0700 UTC;0;936,7;936,7;936,5;;20,5;17,8;21;19,9;17,9;17,5;86;81;85;;;;
2021/02/21;0800 UTC;0;936,9;936,9;936,6;;20,1;17,6;20,5;19,8;17,8;17,5;87;84;86;;;;
2021/02/21;0900 UTC;0;937,4;937,4;936,9;;19,5;17,5;20,2;19,4;17,7;17,5;89;85;88;;;;
2021/02/21;1000 UTC;0;937,9;937,9;937,3;65;20,6;17,8;20,6;19,4;17,8;17,5;89;84;84;;;;
2021/02/21;1100 UTC;0;938,9;939;937,9;733,9;23;18,5;23;20,6;18,9;17,8;84;76;76;;;;
2021/02/21;1200 UTC;0;939,4;939,4;938,9;1628,9;24,2;19,4;24,2;22,2;19,4;17,9;78;72;75;;;;
2021/02/21;1300 UTC;0;939,8;939,9;939,4;2437,4;25,9;19,6;26,3;24,2;20,4;18,7;74;67;69;;;;
2021/02/21;1400 UTC;0;939,8;939,9;939,8;3078,7;27,7;21;27,9;25,9;21,6;19,5;71;64;67;;;;
2021/02/21;1500 UTC;0;939,6;939,9;939,6;3499,2;29,3;21,7;30;27,8;22,5;20,3;70;60;64;;;;
2021/02/21;1600 UTC;0;939,2;939,6;939,2;3402,3;30;20;30,6;28,9;22,4;19,9;64;55;55;;;;
2021/02/21;1700 UTC;0;938,5;939,2;938,5;2261,4;29,9;20,5;31,2;28,9;21,5;17,1;61;48;57;;;;
2021/02/21;1800 UTC;0;937,7;938,6;937,7;1798,3;31,6;20,7;31,7;28,5;21,6;18,5;65;49;53;;;;
2021/02/21;1900 UTC;0;937,1;937,7;937,1;2527,8;30,1;20,6;32,5;30,1;21,5;18,4;58;45;57;;;;
2021/02/21;2000 UTC;0;936,6;937,1;936,6;1462,3;31,4;19,9;31,6;29,1;20,4;18,9;58;48;51;;;;
2021/02/21;2100 UTC;0;936,3;936,6;936,3;764,9;29;18,6;31,4;29;19,7;17,9;55;47;53;;;;
2021/02/21;2200 UTC;0;936,5;936,5;936,3;197,9;26,6;18,1;29;26,6;19,2;18,1;61;53;60;;;;
2021/02/21;2300 UTC;0;937;937;936,5;;26;17,7;26,6;25,6;18,3;17,2;62;59;60;;;;
2021/02/22;0000 UTC;0;937,6;937,7;937;;25,4;18,2;26,4;25,4;18,3;17,8;64;60;64;;;;
2021/02/22;0100 UTC;0;938,1;938,1;937,6;;25,8;17,5;26;25,4;18,1;17,4;64;59;60;;;;
2021/02/22;0200 UTC;0;938,4;938,4;938,1;;24,6;18;25,8;24,6;18;17,4;67;60;67;;;;
2021/02/22;0300 UTC;0;938,7;938,8;938,4;;23,3;18,4;24,6;23,3;18,4;18;74;67;74;;;;
2021/02/22;0400 UTC;0;938,5;938,7;938,5;;22,4;18,3;23,3;22,4;18,4;18,3;78;74;78;;;;
2021/02/22;0500 UTC;0;938,4;938,6;938,4;;21,7;18,1;22,4;21,7;18,3;18,1;80;78;80;;;;
2021/02/22;0600 UTC;0;938;938,5;938;;20,5;18,1;21,8;20,5;18,2;18;86;80;86;;;;
2021/02/22;0700 UTC;0;937,9;938,1;937,8;;20,1;18,1;20,7;20,1;18,2;18;88;85;88;;;;
2021/02/22;0800 UTC;0;938;938;937,8;;20,1;18;20,1;19,8;18,3;18;91;88;88;;;;
2021/02/22;0900 UTC;0;938,1;938,3;938;;19,8;18;20,3;19,8;18,1;17,9;89;87;89;;;;
2021/02/22;1000 UTC;0;938,6;938,7;938,1;81;20,3;18,1;20,3;19,6;18,2;17,9;91;88;88;;;;
2021/02/22;1100 UTC;0;939,5;939,5;938,6;749,8;21,8;18,5;22;20,3;18,8;18,1;88;81;81;;;;
2021/02/22;1200 UTC;0;939,6;939,6;939,4;1620,8;24;19,5;24;21,8;19,5;18,3;83;74;76;;;;
2021/02/22;1300 UTC;0;939,8;939,8;939,6;2418,4;25,6;19,6;25,7;24;20,3;19;76;70;70;;;;
2021/02/22;1400 UTC;0;939,8;939,9;939,8;2893,5;26,9;20,5;27;24,8;21;19,4;74;67;68;;;;
2021/02/22;1500 UTC;0;939,4;939,8;939,4;3495,9;29;22,1;29;26,9;22,4;20,3;72;63;66;;;;
2021/02/22;1600 UTC;0;938,8;939,5;938,8;3521,9;29,2;21;30,2;28,2;23,2;20,2;69;61;61;;;;
2021/02/22;1700 UTC;0;938,1;938,8;938,1;1126,1;28,2;21,7;29,3;28,1;22,7;20,4;72;61;68;;;;
2021/02/22;1800 UTC;0;937,5;938,1;937,5;1370,5;27,7;21,8;31;27,7;22,1;20;70;53;70;;;;
2021/02/22;1900 UTC;0;936,7;937,5;936,7;2113,4;30,9;21,3;31,2;27,7;22,4;18,8;71;50;57;;;;
2021/02/22;2000 UTC;0;936,2;936,7;936,2;1652,6;30;20,4;31,3;29,1;22,1;19,9;64;52;56;;;;
2021/02/22;2100 UTC;0;936,1;936,2;936;750,1;28,5;20;30;28,5;21,1;19,5;60;55;60;;;;
2021/02/22;2200 UTC;0;936,3;936,3;936,1;175;26,4;19,2;28,7;26,4;20,6;19,2;65;58;65;;;;
2021/02/22;2300 UTC;0;936,7;936,7;936,3;;25,6;18,6;26,4;25,6;19,3;18,6;67;65;65;;;;
2021/02/23;0000 UTC;0;937,3;937,3;936,7;;25;18,7;25,6;25;18,8;18,5;68;65;68;;;;
2021/02/23;0100 UTC;0;938;938;937,3;;24,2;18,2;25;24,2;18,8;18,2;70;68;69;;;;
2021/02/23;0200 UTC;0;938,2;938,2;938;;24,1;17,9;24,3;23,9;18,4;17,8;71;68;69;;;;
2021/02/23;0300 UTC;0;938,2;938,3;938,1;;24,4;18,2;24,9;23,8;18,2;17,5;70;65;68;;;;
2021/02/23;0400 UTC;0;937,8;938,2;937,8;;23,5;18,9;24,5;23,5;18,9;18,3;76;68;76;;;;
2021/02/23;0500 UTC;0;937,5;937,8;937,5;;22,4;19,3;23,4;22,4;19,4;18,9;83;76;83;;;;
2021/02/23;0600 UTC;0;937,5;937,5;937,3;;22,3;19,2;22,6;22,2;19,3;19,1;83;81;82;;;;
2021/02/23;0700 UTC;0;937,3;937,5;937,3;;21,8;18,9;22,4;21,8;19,1;18,9;84;82;83;;;;
2021/02/23;0800 UTC;0;937,6;937,6;937,3;;21,4;18,8;21,8;21,3;18,9;18,8;86;83;85;;;;
2021/02/23;0900 UTC;0;938,1;938,1;937,6;;21,1;18,7;21,4;21;18,8;18,7;87;85;86;;;;
2021/02/23;1000 UTC;0;938,7;938,7;938,1;61,7;21,5;18,8;21,5;20,8;18,9;18,7;88;85;85;;;;
2021/02/23;1100 UTC;0;939,3;939,3;938,7;715,8;23,8;19,3;23,8;21,5;19,6;18,8;85;76;76;;;;
2021/02/23;1200 UTC;0;939,8;939,8;939,3;1542,6;25,9;18,8;25,9;23,6;19,9;18,7;77;65;65;;;;
2021/02/23;1300 UTC;0;940;940;939,8;2383,3;27,3;19,4;27,3;25,8;19,7;18,5;67;60;62;;;;
2021/02/23;1400 UTC;0;939,8;940;939,8;3041,2;29;19,9;29;27,3;20,4;18,6;65;56;58;;;;
2021/02/23;1500 UTC;0;939,5;939,8;939,5;3455,7;30,1;20,3;30,3;28,5;20,8;19,1;60;53;56;;;;
2021/02/23;1600 UTC;0;938,8;939,5;938,8;3506,5;31,6;20,6;31,7;29,9;21,5;19,3;60;50;52;;;;
2021/02/23;1700 UTC;0;937,9;938,8;937,9;3215;30,9;19,4;33;30,8;21,7;18,9;55;46;50;;;;
2021/02/23;1800 UTC;0;936,9;937,9;936,8;3305,9;32,8;19,6;33,3;30,8;21,2;18,2;54;42;46;;;;
2021/02/23;1900 UTC;0;936,2;936,9;936,2;2624,9;32;18,5;33,5;32;20,7;18,2;49;42;45;;;;
2021/02/23;2000 UTC;0;935,7;936,2;935,6;1976,5;31,1;19,5;33,3;31,1;20,1;17,1;50;38;50;;;;
2021/02/23;2100 UTC;0;935,9;935,9;935,5;770,2;29;18,7;31,4;29;20,4;18,6;55;50;54;;;;
2021/02/23;2200 UTC;0;936,3;936,3;935,8;91,3;26,9;19,2;29;26,9;19,5;18,3;63;53;63;;;;
2021/02/23;2300 UTC;0;936,5;936,5;936,2;;26,7;19,5;26,9;26,2;19,6;19,2;67;62;65;;;;
2021/02/24;0000 UTC;0;937,4;937,4;936,5;;25,7;19,4;26,7;25,7;19,7;19,3;69;65;68;;;;
2021/02/24;0100 UTC;0;938;938;937,4;;25,3;19,4;25,7;25,2;19,6;19,3;71;68;70;;;;
2021/02/24;0200 UTC;0;937,8;938;937,8;;24,8;19;25,3;24,8;19,4;19;71;70;70;;;;
2021/02/24;0300 UTC;0;937,7;937,8;937,7;;24,8;19,4;24,9;24,7;19,5;18,9;73;69;72;;;;
2021/02/24;0400 UTC;0;937,3;937,7;937,3;;24,5;19,5;24,8;24,5;19,6;19,4;74;72;74;;;;
2021/02/24;0500 UTC;0;936,9;937,4;936,9;;25;18,8;25,6;24,5;19,5;18,8;74;67;68;;;;
2021/02/24;0600 UTC;0;936,5;936,9;936,5;;24,3;18,4;25;24,3;18,8;18,2;70;67;70;;;;
2021/02/24;0700 UTC;0;936,5;936,5;936,4;;24,2;18,5;24,3;23,9;18,8;18,3;73;69;71;;;;
2021/02/24;0800 UTC;0;936,8;936,8;936,4;;25;17,9;25;24,1;18,6;17,9;71;65;65;;;;
2021/02/24;0900 UTC;0;937,3;937,3;936,8;;24,6;17,1;25,4;24,5;18;17;67;61;63;;;;
2021/02/24;1000 UTC;0;937,7;937,7;937,3;81,8;26,4;18,9;26,4;24,6;18,9;16,4;67;56;64;;;;
2021/02/24;1100 UTC;0;938,8;938,8;937,7;193,7;24,1;18,4;26,4;24,1;20,6;17,2;76;57;71;;;;
2021/02/24;1200 UTC;0;939,4;939,4;938,8;175,5;23,9;19,8;24,4;23,2;20,2;18,4;82;70;78;;;;
2021/02/24;1300 UTC;0;939,3;939,4;939,2;984,6;28,2;20,3;28,2;23,9;20,8;19,1;78;61;62;;;;
2021/02/24;1400 UTC;0;939,3;939,4;939,3;2776,2;29,5;20,3;30,1;28,2;21,1;19;62;53;58;;;;
2021/02/24;1500 UTC;0;938,8;939,3;938,8;3375,2;30,9;21,3;31;29,6;22,3;19,7;61;55;56;;;;
2021/02/24;1600 UTC;0;938;938,8;938;3039,9;31,2;22,2;31,8;30;22,9;20,5;62;54;59;;;;
2021/02/24;1700 UTC;0;936,9;938;936,8;3750,5;31,9;20,5;33,3;30,7;22,5;19,7;59;48;51;;;;
2021/02/24;1800 UTC;0;935,9;936,9;935,9;3253;32,8;19,7;33,2;31,4;21,8;19,3;55;44;46;;;;
2021/02/24;1900 UTC;0;935;935,9;934,9;2680,1;32,9;20,2;33,1;32,1;20,7;19;51;44;47;;;;
2021/02/24;2000 UTC;0;934,5;935;934,3;1677,3;28,8;19,2;33,6;28,8;20,9;18,4;56;44;56;;;;
2021/02/24;2100 UTC;0;934,9;935;934,5;405;26,3;18,9;28,9;26,2;20,3;18,4;70;55;64;;;;
2021/02/24;2200 UTC;4,8;937,2;937,2;934,9;139;22;20,1;26,3;22;20,7;18,9;90;64;89;;;;
2021/02/24;2300 UTC;3,4;938,1;938,2;936,2;;21,3;20,1;22,7;21,1;20,2;19;93;80;93;;;;
2021/02/25;0000 UTC;12,6;938,2;938,2;937,6;;20,7;19,6;21,5;20,4;20,2;19,3;97;90;93;;;;
2021/02/25;0100 UTC;,8;938,7;938,7;937,6;;20,4;20;20,7;20,2;20;19,5;97;93;97;;;;
2021/02/25;0200 UTC;0;938,4;938,7;938,4;;20,5;20,2;21;20,4;20,6;19,9;98;97;98;;;;
2021/02/25;0300 UTC;0;937,9;938,5;937,9;;20,7;20;20,7;20,2;20,2;19,9;98;96;96;;;;
2021/02/25;0400 UTC;0;937;937,9;937;;21,6;18,8;21,7;20,6;20;18,7;96;83;84;;;;
2021/02/25;0500 UTC;0;936,5;937;936,4;2,9;21,5;19,3;22;21,3;19,4;18,5;89;81;87;;;;
2021/02/25;0600 UTC;0;936;936,6;936;1,3;21;19,3;21,5;21;19,4;19,3;90;87;90;;;;
2021/02/25;0700 UTC;0;935,6;936;935,5;,6;21,2;19,1;21,2;21;19,3;19,1;90;88;88;;;;
2021/02/25;0800 UTC;0;936;936;935,6;;20,6;19,2;21,2;20,2;19,5;19;96;87;92;;;;
2021/02/25;0900 UTC;0;936,4;936,5;936;;20,1;19,3;20,6;20,1;19,3;19,1;95;92;95;;;;
2021/02/25;1000 UTC;0;937,2;937,2;936,4;43,6;20,8;19,5;20,8;20,1;19,5;19,3;95;92;92;;;;
2021/02/25;1100 UTC;0;937,9;937,9;937,2;688,9;22,9;19,4;22,9;20,8;20,2;18,8;92;80;80;;;;
2021/02/25;1200 UTC;0;938;938,2;937,9;1594,5;24,1;19,4;24,7;22,9;20,4;18,7;83;73;75;;;;
2021/02/25;1300 UTC;0;938,1;938,1;938;2405,8;25,8;20,3;25,8;24;21,1;19,3;79;71;72;;;;
2021/02/25;1400 UTC;0;938,1;938,2;938;3055,7;27,1;21;27,1;25,5;21,5;19,8;74;68;70;;;;
2021/02/25;1500 UTC;0;937,7;938,1;937,7;3279,3;27,8;20,6;28,4;26,3;22;20,3;73;64;65;;;;
2021/02/25;1600 UTC;,2;937,1;937,8;937,1;3045,5;28,5;20,9;29,4;27,6;22;20,1;70;59;64;;;;
2021/02/25;1700 UTC;0;936,3;937,1;936,3;3424,7;29,5;20,9;30,8;27,8;22,5;19,6;70;52;60;;;;
2021/02/25;1800 UTC;0;934,9;936,3;934,9;2655,5;30,5;20,8;30,9;28,5;21,7;19;63;51;56;;;;
2021/02/25;1900 UTC;0;933,3;934,9;933,3;2842,1;31,2;21,5;31,7;30,2;21,7;19,1;59;48;56;;;;
2021/02/25;2000 UTC;0;932,4;933,3;932,4;1492,4;29;21,5;31,8;29;22,4;19,6;67;50;64;;;;
2021/02/25;2100 UTC;0;932,6;932,7;932,4;794,8;26,4;21,8;29,3;26,4;22,6;21;76;62;76;;;;
2021/02/25;2200 UTC;0;933,2;933,2;932,5;71,5;24,8;21,2;26,4;24,8;22;21,2;81;75;81;;;;
2021/02/25;2300 UTC;0;934,1;934,1;933,1;;24,2;21,3;24,9;24,2;21,5;21,1;84;80;84;;;;
2021/02/26;0000 UTC;0;934,9;934,9;933,9;;24,1;20,8;24,5;23,6;21,3;20,6;85;80;82;;;;
2021/02/26;0100 UTC;0;935,9;935,9;934,9;;23,2;20,5;24,1;23;20,9;20,4;88;82;85;;;;
2021/02/26;0200 UTC;0;936,2;936,2;935,7;;22,1;18;23,2;22,1;20,5;17,8;85;75;77;;;;
2021/02/26;0300 UTC;0;936,3;936,3;936;;21,1;18,8;22,1;21,1;18,8;18;86;77;86;;;;
2021/02/26;0400 UTC;0;936,5;936,5;936,2;;21;19;21,2;20,9;19;18,8;89;86;89;;;;
2021/02/26;0500 UTC;0;935,8;936,6;935,8;;20,9;19;20,9;20,5;19,2;19;92;89;89;;;;
2021/02/26;0600 UTC;0;935,3;935,8;935,3;;20,3;18,6;20,9;20,3;19;18,6;90;89;90;;;;
2021/02/26;0700 UTC;0;934,8;935,3;934,7;;19,8;18,4;20,3;19,8;18,6;18,4;92;90;91;;;;
2021/02/26;0800 UTC;0;935,1;935,1;934,8;;19;18,4;19,9;18,9;18,5;18,3;97;91;97;;;;
2021/02/26;0900 UTC;0;935,2;935,3;935,1;;19,5;18,5;19,5;18,9;18,7;18,4;98;94;94;;;;
2021/02/26;1000 UTC;0;935,7;935,7;935,2;3,6;19,5;18,6;19,6;19,5;18,7;18,3;95;92;94;;;;
2021/02/26;1100 UTC;0;936,4;936,4;935,7;68,5;19,6;18,6;19,6;19,4;18,9;18,5;96;93;94;;;;
2021/02/26;1200 UTC;0;936,9;936,9;936,4;273,3;20,5;18,5;20,5;19,6;18,6;18;94;88;88;;;;
2021/02/26;1300 UTC;0;937,3;937,3;936,8;985,6;22,2;18,2;22,3;20,5;19,3;18,2;89;78;78;;;;
2021/02/26;1400 UTC;0;937,6;937,7;937,3;1604,1;24,6;20,2;24,6;22;20,2;18,3;83;74;77;;;;
2021/02/26;1500 UTC;0;937,4;937,7;937,4;1775,7;24,9;18,9;25,4;23,9;20,5;18;78;66;69;;;;
2021/02/26;1600 UTC;0;936,7;937,4;936,7;1669,6;25,8;18,8;26,4;24,9;20,3;18,3;72;64;66;;;;
2021/02/26;1700 UTC;0;936,2;936,7;936,2;1240,8;25,7;19,5;26;25,1;20,2;18,5;73;65;69;;;;
2021/02/26;1800 UTC;0;935,8;936,2;935,8;1376,2;25,9;20,2;26,9;25,3;20,2;18,2;72;61;71;;;;
2021/02/26;1900 UTC;0;934,7;935,8;934,7;1861,5;28,2;20,8;28,4;25,7;20,8;18,4;73;59;64;;;;
2021/02/26;2000 UTC;0;934,4;934,7;934,3;1995,3;27,9;20;28,4;27,4;20,4;18,9;64;58;62;;;;
2021/02/26;2100 UTC;0;934,5;934,5;934,4;1010,5;25,6;19,5;28,2;25,6;20,3;19,2;70;58;69;;;;
2021/02/26;2200 UTC;0;935,4;935,4;934,5;206,8;22,5;19;25,6;22,5;19,9;18,9;81;69;81;;;;
2021/02/26;2300 UTC;0;936,5;936,5;935,4;;22,2;18,8;22,5;21,8;19;18,6;84;80;81;;;;
2021/02/27;0000 UTC;0;937,1;937,1;936,5;;20,7;19,3;22,2;20,7;19,3;18,5;92;81;92;;;;
2021/02/27;0100 UTC;0;937,4;937,4;937;;20,9;18,9;21,1;20,6;19,4;18,7;92;87;88;;;;
2021/02/27;0200 UTC;0;937,9;937,9;937,4;;20,4;17,6;20,9;20,4;18,8;17,6;89;83;84;;;;
2021/02/27;0300 UTC;0;937,9;938;937,8;;19,9;17,5;20,4;19,6;17,6;17;87;83;86;;;;
2021/02/27;0400 UTC;0;937,9;938,1;937,9;;19,5;17,9;20;19,4;17,9;17,5;91;86;90;;;;
2021/02/27;0500 UTC;0;937,5;938;937,5;;19,4;18;19,7;19;18;17,8;93;89;92;;;;
2021/02/27;0600 UTC;0;937,1;937,5;937,1;;18,9;18;19,4;18,8;18;17,8;94;91;94;;;;
2021/02/27;0700 UTC;0;936,8;937,1;936,8;;18,5;17,9;19,1;18,3;18;17,7;97;93;97;;;;
2021/02/27;0800 UTC;,2;937,2;937,2;936,7;;18;17,7;18,6;18;18;17,6;98;96;98;;;;
2021/02/27;0900 UTC;0;937,5;937,6;937,1;;17,9;17,6;18;17,9;17,8;17,6;98;98;98;;;;
2021/02/27;1000 UTC;0;937,9;937,9;937,6;43,2;18,3;17,8;18,3;17,9;17,9;17,6;98;97;97;;;;
2021/02/27;1100 UTC;0;938,4;938,4;937,9;507,7;20,3;18,3;20,3;18,4;18,5;17,7;97;88;88;;;;
2021/02/27;1200 UTC;0;938,9;938,9;938,4;1598;22,5;18,4;22,8;20,3;19,1;18,1;88;77;77;;;;
2021/02/27;1300 UTC;0;939,1;939,2;938,8;2420,3;25,2;20,3;25,2;22,4;20,3;18,6;80;72;74;;;;
2021/02/27;1400 UTC;0;939,4;939,4;939,1;2582,7;25,3;19,7;26,1;25;21,1;18,8;77;68;71;;;;
2021/02/27;1500 UTC;0;938,9;939,4;938,9;1929,9;27,2;20,8;27,2;24,6;21,7;19,4;76;67;68;;;;
2021/02/27;1600 UTC;0;938,2;938,9;938,2;1911,3;27,1;20,1;28,7;25,4;22,2;19,4;75;63;66;;;;
2021/02/27;1700 UTC;0;937,3;938,2;937,3;3455,2;27,5;21;29,1;26,7;21,5;18,2;71;57;68;;;;
2021/02/27;1800 UTC;0;936,3;937,3;936,3;2080,1;28,5;21;28,8;26,3;22,2;19,4;74;63;64;;;;
2021/02/27;1900 UTC;0;935,6;936,3;935,5;2552,2;28,9;20,6;29,1;27,9;21,5;19,7;66;59;61;;;;
2021/02/27;2000 UTC;0;935,4;935,6;935,3;1528,5;27;20,1;29;26;20,9;19,5;71;59;66;;;;
2021/02/27;2100 UTC;0;935;935,4;934,9;905,3;25,7;20,1;27,3;25,7;20,5;19,6;72;64;71;;;;
2021/02/27;2200 UTC;0;936;936;935;141,8;24,5;19,4;25,9;24,4;20,7;19,4;78;71;73;;;;
2021/02/27;2300 UTC;0;937,1;937,2;936;;22;18,8;25;22;19,5;18,6;83;70;82;;;;
2021/02/28;0000 UTC;,8;937,2;937,2;936,9;;21,1;19,2;22;21;19,6;18,7;90;82;89;;;;
2021/02/28;0100 UTC;0;938,5;938,5;937,1;;19,9;19,6;21,1;19,9;19,6;19,1;98;89;98;;;;
2021/02/28;0200 UTC;0;938,4;938,7;938,4;;20,2;19,3;20,6;19,9;19,9;19,3;98;94;95;;;;
2021/02/28;0300 UTC;0;937,9;938,4;937,9;;20,5;18,8;20,7;20,2;19,4;18,8;95;90;90;;;;
2021/02/28;0400 UTC;0;937,4;938;937,4;;20,4;18,5;20,7;20,2;18,8;18,5;91;89;89;;;;
2021/02/28;0500 UTC;0;937,4;937,5;937,3;;20,3;18,6;20,4;20,2;18,6;18,5;90;89;90;;;;
2021/02/28;0600 UTC;0;936,7;937,4;936,7;;19,9;18,8;20,3;19,8;18,8;18,5;94;90;93;;;;
2021/02/28;0700 UTC;0;936,8;936,9;936,7;;19,9;19;20;19,9;19;18,8;95;93;95;;;;
2021/02/28;0800 UTC;0;936,8;936,8;936,7;;20;19,1;20,2;20;19,1;19;95;93;94;;;;
2021/02/28;0900 UTC;0;937;937;936,7;;19,9;19,1;20,2;19,9;19,2;19;95;93;95;;;;
2021/02/28;1000 UTC;0;937,5;937,5;937;13,1;20,5;18,8;20,5;19,9;19,2;18,8;95;90;90;;;;
2021/02/28;1100 UTC;,4;938,3;938,3;937,5;112,9;19,8;19,3;20,5;19,8;19,4;18,8;97;90;97;;;;
2021/02/28;1200 UTC;1,2;938,6;938,7;938,3;125,7;19,7;19,2;19,9;19,6;19,4;19,2;98;97;97;;;;
2021/02/28;1300 UTC;0;938,9;938,9;938,5;844,6;22;20,4;22;19,7;20,7;19,2;97;91;91;;;;
2021/02/28;1400 UTC;0;938,8;939;938,8;1671,7;23,9;20,8;24;22;21,2;19,9;91;81;83;;;;
2021/02/28;1500 UTC;0;938,4;938,8;938,4;2495,4;24,5;20,3;25;23,6;21,3;20;83;76;78;;;;
2021/02/28;1600 UTC;0;937,2;938,4;937,2;2661,6;26,6;20,7;26,6;24,1;21,3;20;82;70;70;;;;
2021/02/28;1700 UTC;1,4;937;937,2;936,3;1244,4;23,8;21,3;27,2;23,1;23,1;18,9;94;64;86;;;;
2021/02/28;1800 UTC;19,8;936,3;937,2;936,2;148;20,2;19,5;23,8;19,5;21;18,9;98;82;96;;;;
2021/02/28;1900 UTC;,6;935,9;936,3;935,8;457,5;22,2;21;22,2;20,2;21,2;19,5;97;93;93;;;;
2021/02/28;2000 UTC;2,8;935,5;935,9;935,4;424,1;21,2;20,3;22,2;21,2;21,3;20,3;96;93;95;;;;
2021/02/28;2100 UTC;0;935,9;935,9;935,4;406;20,8;19,7;21,5;20,8;20,3;19,6;95;89;93;;;;
2021/02/28;2200 UTC;0;936,8;936,8;935,9;91,1;20,4;19;21,2;20,4;19,9;18,9;95;89;92;;;;
2021/02/28;2300 UTC;,4;936,8;937;936,6;;19,5;19;20,4;19;19;17,9;97;90;97;;;;
2021/03/01;0000 UTC;1,4;937,6;937,6;936,8;;19,6;19;19,6;19,5;19;18,9;97;96;97;;;;
2021/03/01;0100 UTC;,8;937,8;937,9;937,6;;19,9;19;20;19,5;19,3;19;97;94;94;;;;
2021/03/01;0200 UTC;0;937,6;937,8;937,5;;20,1;18,2;20,1;19,9;19;18,1;94;88;89;;;;
2021/03/01;0300 UTC;0;937,6;937,6;937,5;;18,9;18,6;20,1;18,9;18,8;18,2;98;89;98;;;;
2021/03/01;0400 UTC;0;937;937,6;937;;19,1;18,6;19,1;18,8;18,8;18,5;98;97;97;;;;
2021/03/01;0500 UTC;0;936,5;937;936,5;;19;18,7;19,2;18,9;18,7;18,6;98;97;98;;;;
2021/03/01;0600 UTC;2;936,2;936,6;936,2;;19,4;19;19,6;19;19,1;18,6;98;97;98;;;;
2021/03/01;0700 UTC;1;936;936,3;936;;19;18,8;19,4;19;19;18,7;99;98;99;;;;
2021/03/01;0800 UTC;0;936,3;936,3;936;;19,3;19,1;19,3;18,8;19,1;18,6;99;99;99;;;;
2021/03/01;0900 UTC;0;936,5;936,6;936,3;;19,2;19;19,5;19,2;19,3;19;99;98;98;;;;
2021/03/01;1000 UTC;0;936,9;936,9;936,5;45,7;19,4;19,2;19,4;18,8;19,2;18,6;99;98;99;;;;
2021/03/01;1100 UTC;0;937,3;937,3;936,9;362,6;20,1;19,6;20,1;19,4;19,6;19,2;99;97;97;;;;
2021/03/01;1200 UTC;0;937,9;938;937,3;1538,3;23,4;21,3;23,4;20,1;21,3;19,6;97;85;88;;;;
2021/03/01;1300 UTC;,4;938,5;938,5;937,9;1386,2;22,2;20;24,6;22,2;21,6;19,5;88;80;88;;;;
2021/03/01;1400 UTC;,2;938,4;938,5;938,3;2155,3;25,1;20,4;25,8;21,8;21,7;19,9;93;71;75;;;;
2021/03/01;1500 UTC;0;938;938,4;938;2698,7;25,4;19,9;27,4;25;21,6;19,2;76;65;72;;;;
2021/03/01;1600 UTC;0;937,5;938;937,5;1439,6;25,1;20,4;25,6;24,5;20,5;19,7;78;71;75;;;;
2021/03/01;1700 UTC;0;936,5;937,5;936,5;2039;26,8;20,9;26,8;24,7;21,2;19,5;79;66;70;;;;
2021/03/01;1800 UTC;0;935,6;936,5;935,6;3101,7;27,7;20,9;27,8;26,6;21,4;19,6;72;63;66;;;;
2021/03/01;1900 UTC;0;935;935,7;935;277,2;23,1;21,6;27,8;23,1;21,8;19,8;92;64;92;;;;
2021/03/01;2000 UTC;,2;934,5;935;934,5;467,3;24,4;22,2;24,5;22,8;22,5;21,3;96;84;87;;;;
2021/03/01;2100 UTC;0;934,5;934,5;934,3;396,8;24,1;22,4;24,4;24;22,7;21,7;92;85;91;;;;
2021/03/01;2200 UTC;0;935,2;935,2;934,5;93,5;22,9;22;24,1;22,9;22,6;21,8;94;89;94;;;;
2021/03/01;2300 UTC;0;935,7;935,7;935,1;;22,2;21,2;22,9;22,2;22;21,2;96;94;94;;;;
2021/03/02;0000 UTC;0;936,9;936,9;935,7;;22,4;21,2;22,6;22,2;21,2;21;94;91;93;;;;
2021/03/02;0100 UTC;,6;937,1;937,2;936,9;;22,1;21,6;22,6;22,1;21,7;21,2;97;93;97;;;;
2021/03/02;0200 UTC;0;937,2;937,3;937;;21,7;20,9;22,1;21,7;21,6;20,9;97;94;95;;;;
2021/03/02;0300 UTC;0;937,1;937,3;937,1;;21,1;20,5;21,7;21,1;21;20,5;96;95;96;;;;
2021/03/02;0400 UTC;0;936,9;937,1;936,9;;20,9;20;21,1;20,7;20,6;19,8;97;93;95;;;;
2021/03/02;0500 UTC;0;936,6;937;936,5;;21,1;20;21,2;20,7;20,1;19,9;96;92;93;;;;
2021/03/02;0600 UTC;0;936,3;936,7;936,3;;21,5;19,8;21,5;20,8;20,1;19,8;95;90;90;;;;
2021/03/02;0700 UTC;0;936,8;937,3;936,1;;19,2;18,1;21,7;19,2;19,9;17,4;93;82;93;;;;
2021/03/02;0800 UTC;,2;936,9;936,9;936,5;;19,1;18,4;19,3;19,1;18,6;18,1;96;93;96;;;;
2021/03/02;0900 UTC;,4;937,3;937,3;936,8;;19,6;19,4;19,6;19,1;19,4;18,5;99;96;99;;;;
2021/03/02;1000 UTC;0;938;938;937,3;25,2;20,8;20,1;20,8;19,6;20,1;19,5;99;96;96;;;;
2021/03/02;1100 UTC;0;938,7;938,7;938;304,3;21,7;20,7;21,7;20,8;20,7;20,2;97;93;94;;;;
2021/03/02;1200 UTC;0;939,3;939,3;938,7;771,4;23,2;21;23,2;21,7;21,3;20,6;95;86;88;;;;
2021/03/02;1300 UTC;0;939,6;939,6;939,3;1402,8;24,4;20,7;24,5;23,2;21,4;20,3;88;79;80;;;;
2021/03/02;1400 UTC;0;939,6;939,7;939,6;1784,7;26,1;21,7;26,1;24,2;21,7;20,6;82;73;77;;;;
2021/03/02;1500 UTC;0;939,3;939,6;939,2;2794,3;27,3;20,1;27,7;25,8;21,4;19,6;76;64;65;;;;
2021/03/02;1600 UTC;,2;938,7;939,3;938,6;2923,4;27,5;20,7;28,1;27;21,8;20;71;63;67;;;;
2021/03/02;1700 UTC;0;937,6;938,7;937,6;2049,2;25,4;19,6;28,1;25,4;21,5;19,4;71;63;70;;;;
2021/03/02;1800 UTC;,2;936,9;937,6;936,8;3335,6;28,3;20,5;29,4;25;21,2;18,8;75;55;62;;;;
2021/03/02;1900 UTC;0;937,4;937,4;936,2;986,4;21,8;18,8;28,3;21,8;21,5;18,1;83;62;83;;;;
2021/03/02;2000 UTC;2,2;938,1;938,2;937,1;53,5;20,4;19,4;21,8;20,4;19,9;18,8;96;83;94;;;;
2021/03/02;2100 UTC;3,6;937,4;938,1;937,4;39,1;19,2;18,7;20,4;19,1;19,3;17,8;97;87;97;;;;
2021/03/02;2200 UTC;,6;937,7;937,7;937,1;34,6;19,3;19,1;19,3;19;19,1;18,6;99;97;99;;;;
2021/03/02;2300 UTC;,2;938,7;938,7;937,7;;19,6;19,5;19,7;19,3;19,6;19,1;99;99;99;;;;
2021/03/03;0000 UTC;0;939,6;939,7;938,6;;19,6;19,3;19,8;19,5;19,6;19,3;99;98;99;;;;
2021/03/03;0100 UTC;0;940;940,1;939,6;;19,5;19,3;19,6;19,5;19,4;19,3;99;99;99;;;;
2021/03/03;0200 UTC;0;940,6;940,7;939,9;;19,8;19,5;19,8;19,4;19,5;19,2;99;98;98;;;;
2021/03/03;0300 UTC;0;940,4;940,8;940,4;;19,6;19,2;20,1;19,5;19,5;18,9;98;94;97;;;;
2021/03/03;0400 UTC;0;940,1;940,4;940;;20,2;19,4;20,2;19,6;19,6;19,2;98;95;95;;;;
2021/03/03;0500 UTC;0;939,3;940,1;939,3;;19,8;18,8;20,3;19,7;19,3;18,8;95;91;94;;;;
2021/03/03;0600 UTC;0;938,6;939,3;938,6;;19,9;18,4;20;19,7;18,8;18,3;95;90;91;;;;
2021/03/03;0700 UTC;0;938,7;938,7;938,5;;19,8;18,2;19,9;19,4;18,6;18;93;90;91;;;;
2021/03/03;0800 UTC;0;939,3;939,3;938,7;;19,8;18,9;20;19,6;18,9;18,2;95;90;94;;;;
2021/03/03;0900 UTC;0;939,4;939,4;939,2;;19,8;19,1;20,2;19,7;19,1;18,8;96;92;96;;;;
2021/03/03;1000 UTC;0;939,9;939,9;939,3;9,6;20,1;19,4;20,4;19,8;19,4;19,1;96;93;96;;;;
2021/03/03;1100 UTC;2;941;941,1;939,9;56,7;19,9;19,5;20,5;19,7;19,5;19,1;98;93;97;;;;
2021/03/03;1200 UTC;1,6;941,7;941,7;940,9;375,9;20,9;20,1;20,9;19,9;20,1;19,3;97;95;95;;;;
2021/03/03;1300 UTC;1,6;941,9;942;941,7;746,1;20,7;20,3;21;20,6;20,7;20,1;99;95;98;;;;
2021/03/03;1400 UTC;0;942;942;941,8;870,8;20,9;19,8;20,9;20,3;20,3;19,4;98;94;94;;;;
2021/03/03;1500 UTC;,8;942,3;942,4;942;1056,6;21;19,7;21,5;20,5;20,9;19,5;97;92;93;;;;
2021/03/03;1600 UTC;1;942,1;942,4;942;926,2;21;20,1;21,2;20,4;20,6;19,4;96;92;94;;;;
2021/03/03;1700 UTC;3,4;941,7;942,1;941,7;725,1;20,5;20;21,2;20,3;20,5;19,8;98;93;97;;;;
2021/03/03;1800 UTC;,4;940,8;941,7;940,8;1265,3;21,9;20,6;22;20,5;20,9;20,1;98;90;92;;;;
2021/03/03;1900 UTC;,4;939,7;940,8;939,7;966,9;22,2;21,4;22,4;21,9;21,8;20,3;97;89;95;;;;
2021/03/03;2000 UTC;0;938,5;939,7;938,5;584,1;22,1;19,4;22,4;21,9;21,2;19,3;95;84;85;;;;
2021/03/03;2100 UTC;0;938;938,5;937,9;591;23,1;19,4;23,1;22;20,2;19,2;89;79;80;;;;
2021/03/03;2200 UTC;0;938,3;938,3;938;145;21,6;20;23,1;21,3;20,2;19;93;78;90;;;;
2021/03/03;2300 UTC;0;938,9;938,9;938,3;;21;20,5;21,7;20,9;20,5;19,8;97;89;97;;;;
2021/03/04;0000 UTC;0;939,5;939,6;938,9;;21;20,6;21;20,9;20,6;20,5;98;97;98;;;;
2021/03/04;0100 UTC;0;939,6;940;939,5;;21,1;20;21,3;20,7;20,6;20;98;92;93;;;;
2021/03/04;0200 UTC;0;940;940;939,6;;20,9;20,1;21;20,8;20,3;19,9;97;93;95;;;;
2021/03/04;0300 UTC;0;940,1;940,4;940;;21,3;19,8;21,4;20,9;20,2;19,7;95;90;91;;;;
2021/03/04;0400 UTC;0;939,9;940,1;939,8;;21,1;19;21,3;20,9;20;18,8;94;86;88;;;;
2021/03/04;0500 UTC;,2;939,5;939,9;939,5;;20,6;18,6;21,1;20,1;19,4;18,3;94;88;88;;;;
2021/03/04;0600 UTC;,4;939,2;939,4;939,2;;21;19,3;21,5;20,4;19,3;17,7;92;80;90;;;;
2021/03/04;0700 UTC;,6;939,7;939,7;939,1;;19,9;19,4;21;19,9;19,4;18,8;97;90;97;;;;
2021/03/04;0800 UTC;,4;939;939,7;939;;19,8;19,6;19,9;19,8;19,6;19,4;99;97;99;;;;
2021/03/04;0900 UTC;0;939,2;939,2;938,9;;19,9;19,7;19,9;19,6;19,7;19,4;99;98;98;;;;
2021/03/04;1000 UTC;0;939,2;939,2;939;28,2;20,5;19,4;20,5;19,9;19,8;19,4;98;93;93;;;;
2021/03/04;1100 UTC;0;939,3;939,3;939,2;178,7;21,2;18,2;21,2;20,3;19,6;18,2;96;83;83;;;;
2021/03/04;1200 UTC;0;939,8;939,8;939,3;453,6;22,9;18,2;22,9;21,2;19,1;18;86;75;75;;;;
2021/03/04;1300 UTC;0;940,9;940,9;939,8;1181,9;22,8;19,5;23,9;22,8;19,5;18;82;71;82;;;;
2021/03/04;1400 UTC;0;940,4;940,9;940,4;1831,1;22;20,7;23,2;21,5;20,7;19,7;94;82;92;;;;
2021/03/04;1500 UTC;0;940,1;940,4;940;1513,2;22,7;19,7;23,1;22;20,9;19,4;92;82;83;;;;
2021/03/04;1600 UTC;0;939,3;940,1;939,2;1530,7;24,4;20,2;24,5;22,7;20,6;19,1;86;73;77;;;;
2021/03/04;1700 UTC;0;938,5;939,3;938,3;2788,4;24,8;20,9;25,4;24,3;20,9;19,4;79;71;79;;;;
2021/03/04;1800 UTC;,2;938;938,6;937,9;1843,8;24,5;20,9;25,3;24;21,1;20,1;82;76;80;;;;
2021/03/04;1900 UTC;2,6;937,6;938;937,6;275,7;21,7;21,2;24,5;21,7;21,5;20,6;97;80;97;;;;
2021/03/04;2000 UTC;14,4;938,4;938,7;937,6;71,3;18,6;18,5;21,8;18,6;21,4;18,1;99;92;99;;;;
2021/03/04;2100 UTC;4,8;938,1;938,5;938,1;16,5;18,7;18,5;18,7;18,6;18,5;18,4;99;99;99;;;;
2021/03/04;2200 UTC;3,2;937,7;938,1;937,7;5,9;19,2;19;19,3;18,7;19,1;18,5;99;99;99;;;;
2021/03/04;2300 UTC;0;937,7;937,7;937,5;;19,5;19,2;19,5;19,2;19,3;19;99;98;98;;;;
2021/03/05;0000 UTC;4;937,5;937,9;937,5;;19,5;19,1;19,6;19,4;19,4;19,1;98;98;98;;;;
2021/03/05;0100 UTC;0;937,5;937,6;937,3;;19,7;19,1;19,7;19,5;19,2;19;98;96;96;;;;
2021/03/05;0200 UTC;,2;937,3;937,6;937,3;;19,8;18,9;19,8;19,6;19,1;18,8;97;94;94;;;;
2021/03/05;0300 UTC;0;937,3;937,4;937,2;;20;19,2;20,2;19,7;19,2;18,8;95;93;95;;;;
2021/03/05;0400 UTC;,2;937;937,4;937;;19,8;19,3;20;19,7;19,4;19,2;97;95;97;;;;
2021/03/05;0500 UTC;1,4;936,7;937,1;936,7;;19,9;19,5;19,9;19,6;19,6;19,2;98;97;98;;;;
2021/03/05;0600 UTC;,6;935,9;936,7;935,9;;19,7;19,4;19,9;19,6;19,5;19,4;99;98;99;;;;
2021/03/05;0700 UTC;,8;935,4;935,9;935,4;;20;19,7;20;19,6;19,7;19,4;99;98;98;;;;
2021/03/05;0800 UTC;0;935,2;935,4;935,2;;19,8;19,5;20;19,8;19,7;19,5;98;98;98;;;;
2021/03/05;0900 UTC;0;935,2;935,2;935,1;;20;19,7;20;19,8;19,7;19,5;99;98;98;;;;
2021/03/05;1000 UTC;,2;935,5;935,6;935,1;6;20,2;19,9;20,2;20;19,9;19,7;99;98;98;;;;
2021/03/05;1100 UTC;1;936,2;936,4;935,6;40,1;20,1;19,9;20,3;20,1;20;19,8;99;98;99;;;;
2021/03/05;1200 UTC;1,2;936,5;936,5;936,1;237,4;19,7;19,2;20,2;19,7;20;19,2;99;96;97;;;;
2021/03/05;1300 UTC;2;936,5;936,7;936,4;157;20,3;20,1;20,3;19,7;20,1;19,2;99;97;99;;;;
2021/03/05;1400 UTC;1,2;936,4;936,7;936,4;434,1;20,5;20,2;20,6;20,3;20,3;20;99;98;98;;;;
2021/03/05;1500 UTC;,2;936,1;936,5;936,1;1290,8;22,2;21;22,2;20,4;21,2;20,1;98;93;93;;;;
2021/03/05;1600 UTC;0;935,1;936,1;935,1;1292,2;23,4;22,1;23,4;21,6;22,1;20,3;95;90;92;;;;
2021/03/05;1700 UTC;5,6;934,1;935,2;934,1;1398;23,2;22,6;24,1;21,6;22,7;20,9;99;88;96;;;;
2021/03/05;1800 UTC;2;933,6;934,1;933,6;756,9;21,5;21,2;23,5;21,3;22,8;20,7;98;90;98;;;;
2021/03/05;1900 UTC;1;933,6;933,9;933,5;291,6;21,2;20,9;21,8;21,2;21,6;20,9;98;97;98;;;;
2021/03/05;2000 UTC;4,8;933,3;933,7;933,3;96;20,9;20,7;21,2;20,8;20,9;20,7;99;98;99;;;;
2021/03/05;2100 UTC;,4;933,4;933,4;933;524,7;21,2;20,6;21,7;20,8;21,5;20,6;99;96;96;;;;
2021/03/05;2200 UTC;0;933,8;933,8;933,4;74,7;20,8;20,5;21,2;20,8;20,6;20,4;99;96;99;;;;
2021/03/05;2300 UTC;,8;934,5;934,5;933,8;;20,9;20,7;20,9;20,8;20,7;20,5;99;99;99;;;;
2021/03/06;0000 UTC;,2;935;935;934,4;;20,7;20,5;20,9;20,7;20,7;20,5;99;99;99;;;;
2021/03/06;0100 UTC;,2;935,4;935,4;935;,1;20,7;20,5;20,8;20,7;20,6;20,4;99;98;99;;;;
2021/03/06;0200 UTC;4,6;935,6;935,6;935,4;,3;20,5;20,3;20,7;20,4;20,5;20,2;99;98;99;;;;
2021/03/06;0300 UTC;0;935,4;935,6;935,4;,2;20,3;20,1;20,5;20,3;20,3;20,1;99;99;99;;;;
2021/03/06;0400 UTC;0;935,2;935,4;935,2;,5;20,1;19,8;20,3;20,1;20,1;19,8;99;99;99;;;;
2021/03/06;0500 UTC;0;934,9;935,3;934,9;,6;20;19,8;20,1;20;19,8;19,8;99;98;99;;;;
2021/03/06;0600 UTC;0;934,2;934,9;934,2;,6;20;19,7;20;19,9;19,8;19,7;99;98;98;;;;
2021/03/06;0700 UTC;0;934,2;934,3;934,2;,9;19,9;19,7;20;19,9;19,7;19,7;99;98;98;;;;
2021/03/06;0800 UTC;0;934,1;934,3;934;,8;19,8;19,6;19,9;19,8;19,7;19,6;99;98;99;;;;
2021/03/06;0900 UTC;1,6;934,5;934,5;934;,2;19,4;19,2;19,8;19,4;19,6;19,2;99;99;99;;;;
2021/03/06;1000 UTC;2,6;935,1;935,1;934,5;6,7;19,4;19,3;19,4;19,4;19,3;19,2;99;99;99;;;;
2021/03/06;1100 UTC;0;935,4;935,4;935;260,9;20;19,9;20;19,4;20;19,3;100;99;100;;;;
2021/03/06;1200 UTC;0;935,9;935,9;935,4;497,6;20;19,9;20,4;19,9;20,2;19,8;100;99;99;;;;
2021/03/06;1300 UTC;0;936,4;936,4;935,9;349,3;20,4;20,2;20,5;20;20,4;19,9;99;98;98;;;;
2021/03/06;1400 UTC;0;936,7;936,7;936,4;548,3;21,2;20,6;21,3;20,4;20,7;20,1;98;95;96;;;;
2021/03/06;1500 UTC;0;936,7;936,8;936,7;986,9;21,6;20,6;22,5;21,1;21,6;20,4;97;90;94;;;;
2021/03/06;1600 UTC;0;936,1;936,8;936,1;1203,2;23,5;21,3;23,5;21,6;21,7;20,6;95;85;87;;;;
2021/03/06;1700 UTC;0;935,5;936,1;935,5;1706,7;24,3;21,2;24,5;23,5;21,8;20,4;88;80;83;;;;
2021/03/06;1800 UTC;0;934,6;935,5;934,6;1545,6;24,5;21,6;25,5;23,9;22,3;20,6;85;78;84;;;;
2021/03/06;1900 UTC;,2;934,4;934,6;934,2;1767,6;25,2;21,2;26,4;24,3;22,5;20,5;85;73;79;;;;
2021/03/06;2000 UTC;0;934,4;934,5;934,3;926,8;24,5;21,2;25,4;24,4;21,6;20,7;82;77;81;;;;
2021/03/06;2100 UTC;0;934,3;934,5;934,3;961,6;24,7;20,9;26,2;24,5;21,7;20,2;82;72;79;;;;
2021/03/06;2200 UTC;0;934,7;934,7;934,3;185,7;22,9;20,8;24,7;22,9;21;20,5;88;79;88;;;;
2021/03/06;2300 UTC;0;935,5;935,5;934,7;;22,1;20,5;22,9;22,1;20,8;20,5;90;88;90;;;;
2021/03/07;0000 UTC;0;936,1;936,1;935,5;;21,8;20,2;22,4;21,6;20,6;20,2;93;89;91;;;;
2021/03/07;0100 UTC;0;937;937;936;;21,5;19,7;21,9;21,3;20,2;19,7;92;89;90;;;;
2021/03/07;0200 UTC;0;936,8;937;936,8;;21,5;19,5;21,8;21,4;19,8;19,5;90;88;88;;;;
2021/03/07;0300 UTC;0;936,6;936,9;936,5;;21,7;20;21,9;21,2;20;19,4;90;88;90;;;;
2021/03/07;0400 UTC;0;936,4;936,6;936,2;;21,7;20,3;22;21,6;20,5;20,1;92;90;92;;;;
2021/03/07;0500 UTC;0;936,1;936,5;936;;21;20,3;21,7;20,9;20,4;20,2;96;92;96;;;;
2021/03/07;0600 UTC;0;935,8;936,1;935,8;;21,2;19,9;21,3;20,9;20,3;19,9;96;93;93;;;;
2021/03/07;0700 UTC;0;935,8;935,8;935,7;;21,5;19,7;21,6;21;19,9;19,6;93;89;90;;;;
2021/03/07;0800 UTC;0;935,7;935,9;935,7;;20,7;19,9;21,5;20,7;20,1;19,7;96;90;95;;;;
2021/03/07;0900 UTC;0;936,1;936,1;935,7;;20,7;20,1;20,7;20,5;20,1;19,9;97;95;97;;;;
2021/03/07;1000 UTC;0;936,9;936,9;936,1;10,4;20,8;20,6;20,8;20,6;20,6;20,1;99;97;99;;;;
2021/03/07;1100 UTC;0;937,7;937,7;936,9;301,1;21,6;20,6;21,9;20,8;21,1;20,5;99;94;94;;;;
2021/03/07;1200 UTC;0;938,2;938,2;937,7;1624,6;23,5;20,9;23,9;21,6;21,8;20,4;94;83;85;;;;
2021/03/07;1300 UTC;0;938,5;938,5;938,2;2338,6;25;20,9;25,5;23,2;21,8;20,5;88;76;78;;;;
2021/03/07;1400 UTC;0;938,3;938,5;938,3;2840,9;27,2;21,4;27,2;25;22,4;20,8;80;69;71;;;;
2021/03/07;1500 UTC;0;937,6;938,3;937,6;2079,1;26,7;20,9;27,7;26,1;22,2;20,2;77;66;71;;;;
2021/03/07;1600 UTC;0;936,7;937,6;936,6;2773,5;28,6;22,1;28,7;26,7;22,5;20,1;75;62;68;;;;
2021/03/07;1700 UTC;0;935,7;936,7;935,7;3258;28,9;21,4;29,7;26,9;22,6;19,8;71;61;64;;;;
2021/03/07;1800 UTC;0;935;935,7;935;2900,7;27,6;19,8;29,6;27,6;22;19,7;65;57;62;;;;
2021/03/07;1900 UTC;13,6;935,4;935,5;934,4;918,8;20,3;19,7;29,6;20,3;21;19,5;96;56;96;;;;
2021/03/07;2000 UTC;8,8;935,1;935,5;934,9;1452,6;21,9;19,8;21,9;18,7;21,2;18,1;99;88;88;;;;
2021/03/07;2100 UTC;0;935,4;935,5;934,9;397;20,8;20,1;22,1;20,8;20,7;19,4;97;87;96;;;;
2021/03/07;2200 UTC;0;935,8;935,8;935,3;33,9;21,2;20,1;21,3;20,6;20,1;19,2;97;88;94;;;;
2021/03/07;2300 UTC;0;935,4;935,8;935,3;;20,6;19,1;21,5;20,6;20,2;18,7;97;84;91;;;;
2021/03/08;0000 UTC;0;937,4;937,4;935,4;;20;19,2;20,7;20;19,4;19;95;91;95;;;;
2021/03/08;0100 UTC;0;938;938,2;937,4;;19,5;19,2;20,3;19,5;19,5;19,1;98;95;98;;;;
2021/03/08;0200 UTC;0;937,5;938;937,5;;20;17,9;20,3;19,5;19,5;17,9;98;87;87;;;;
2021/03/08;0300 UTC;0;937,4;937,6;937,3;;19,7;17,8;20,3;19,7;18;17,7;89;86;89;;;;
2021/03/08;0400 UTC;0;937,3;937,5;937,2;;19,5;17,4;20,2;19,5;17,8;17,3;89;84;88;;;;
2021/03/08;0500 UTC;0;936,8;937,3;936,7;;19,2;17,4;20,5;19;17,8;17,2;91;83;89;;;;
2021/03/08;0600 UTC;0;936,5;936,8;936,4;;18,1;17,3;19,2;18,1;17,6;17,3;96;89;96;;;;
2021/03/08;0700 UTC;0;936,2;936,4;936,2;;17,5;17,1;18,6;17,5;17,6;17,1;98;92;98;;;;
2021/03/08;0800 UTC;0;936,5;936,5;936,2;;17,8;17,2;17,9;17,4;17,4;17;99;96;96;;;;
2021/03/08;0900 UTC;0;937;937;936,5;;17,8;17,2;18;17,5;17,3;16,8;97;95;96;;;;
2021/03/08;1000 UTC;0;937,4;937,4;936,9;32,7;18,7;17,2;18,7;17,4;17,3;16,8;97;91;91;;;;
2021/03/08;1100 UTC;0;938,1;938,1;937,4;675;20,7;18,5;20,7;18,7;18,5;17,3;91;84;87;;;;
2021/03/08;1200 UTC;0;938,7;938,7;938,1;1560,2;22,4;19,1;23;20,6;19,7;18,2;88;77;81;;;;
2021/03/08;1300 UTC;0;939,3;939,3;938,7;1909,6;23,1;20,1;23,6;21,4;20,5;18;86;75;83;;;;
2021/03/08;1400 UTC;0;939,6;939,6;939,3;1650,8;24,2;19,9;24,4;23,1;20,5;18,9;84;72;77;;;;
2021/03/08;1500 UTC;0;939,3;939,6;939,3;1678,5;24,9;20,4;25;24,1;21,2;19,2;83;72;76;;;;
2021/03/08;1600 UTC;0;938,7;939,3;938,7;3260,2;26,1;20,4;27,4;24,9;21,8;19,1;76;66;71;;;;
2021/03/08;1700 UTC;0;937,8;938,7;937,8;2665,5;27,5;20,9;27,5;25,6;21,9;19,3;73;63;67;;;;
2021/03/08;1800 UTC;0;936,6;937,8;936,6;2700,1;27,5;20,1;28,7;26,6;21,7;18,4;69;57;64;;;;
2021/03/08;1900 UTC;0;935,7;936,6;935,7;2297,4;27,6;19,3;29,1;27,1;21,1;18,7;65;56;61;;;;
2021/03/08;2000 UTC;0;935,4;935,8;935,4;1148,5;26,9;20,6;28;26,5;20,8;18,6;69;59;68;;;;
2021/03/08;2100 UTC;0;935,4;935,6;935,4;820;26,1;19,6;28,2;26;20,9;18,9;71;59;67;;;;
2021/03/08;2200 UTC;0;935,9;935,9;935,4;45,8;23,8;19,4;26,1;23,7;20,3;19,3;78;67;76;;;;
2021/03/08;2300 UTC;0;936,8;936,8;935,9;;23,2;19,3;23,8;23,2;19,4;19,2;79;76;78;;;;
2021/03/09;0000 UTC;0;937;937;936,6;;23,8;19;24,2;23,1;19,4;19;79;73;74;;;;
2021/03/09;0100 UTC;0;937,5;937,5;937;;23,7;19,4;24;23,2;19,4;18,8;77;73;77;;;;
2021/03/09;0200 UTC;0;937,7;937,8;937,4;;23,1;19,7;23,9;23,1;19,7;19,4;81;77;81;;;;
2021/03/09;0300 UTC;0;937,5;937,7;937,5;;22,6;19,5;23,4;22,6;19,8;19,4;83;79;83;;;;
2021/03/09;0400 UTC;0;936,9;937,5;936,9;;22,9;18,8;23;22,4;19,5;18,5;83;76;78;;;;
2021/03/09;0500 UTC;0;936,3;936,9;936,3;;22,8;19,3;23,3;22,8;19,3;18,9;81;78;80;;;;
2021/03/09;0600 UTC;0;935,9;936,3;935,9;;21,6;19,2;23;21,6;19,3;19,1;86;80;86;;;;
2021/03/09;0700 UTC;0;935,7;935,9;935,6;;21,9;19,1;22,3;21,5;19,4;19;87;83;84;;;;
2021/03/09;0800 UTC;0;936;936,1;935,7;;19,7;19,1;21,9;19,7;19,4;19,1;96;84;96;;;;
2021/03/09;0900 UTC;0;935,9;936,1;935,8;;19,6;19,3;19,8;19,6;19,4;19,2;98;96;98;;;;
2021/03/09;1000 UTC;0;936,5;936,5;935,9;29;20,3;19,3;20,3;19,5;19,5;19,2;98;94;94;;;;
2021/03/09;1100 UTC;0;937,2;937,2;936,5;609,5;24,5;20,1;24,5;20,3;20,3;19,2;94;76;77;;;;
2021/03/09;1200 UTC;0;937,4;937,4;937,1;1511,1;25,3;20,3;25,3;23,8;20,8;19,4;80;73;74;;;;
2021/03/09;1300 UTC;0;937,8;937,8;937,4;2023,9;25,3;20,8;26,6;24,5;21,7;19,9;80;70;76;;;;
2021/03/09;1400 UTC;0;937,8;937,8;937,7;2927,7;28,2;20;28,3;25,4;21,7;19,9;76;61;61;;;;
2021/03/09;1500 UTC;0;937,2;937,8;937,2;2990,7;28,1;19,6;29,1;26,2;22,5;19,6;73;57;60;;;;
2021/03/09;1600 UTC;0;936,3;937,2;936,3;3616,2;28,3;19,5;30,1;28,1;21,5;19,3;65;55;59;;;;
2021/03/09;1700 UTC;0;935;936,3;935;3523,1;29,3;19,7;30,1;28,2;20,9;19,2;62;54;56;;;;
2021/03/09;1800 UTC;0;934,1;935;933,8;2996,3;30,5;20,3;30,9;28,9;21,4;18,5;61;51;55;;;;
2021/03/09;1900 UTC;3,8;934,2;935,1;934;535,3;18,7;18;30,6;18;20,8;16,1;97;52;96;;;;
2021/03/09;2000 UTC;0;934;934,2;933,3;1211,3;22,2;19,1;22,8;18,6;19,7;17,6;96;78;83;;;;
2021/03/09;2100 UTC;0;934,6;935,3;934;149,8;20,2;16,9;22,8;19,6;19,2;16,9;93;76;81;;;;
2021/03/09;2200 UTC;0;934,6;935,2;934,2;21,9;20,9;17;21,2;20,2;17,9;16,5;86;75;79;;;;
2021/03/09;2300 UTC;0;934,6;934,7;934;;21,6;16,6;22;20,4;17,4;16;83;69;74;;;;
2021/03/10;0000 UTC;0;935,2;935,4;934,6;;20,6;17;21,6;20;17,7;16,6;87;73;80;;;;
2021/03/10;0100 UTC;0;935,5;935,7;935,2;;21,9;15,8;22,3;20,6;16,9;15,1;80;64;68;;;;
2021/03/10;0200 UTC;0;935,8;935,8;935,5;;19,3;16,7;22;19,1;17,1;15,5;88;67;85;;;;
2021/03/10;0300 UTC;0;935,8;936,1;935,7;;18,6;17,3;19,6;18,2;17,9;16,7;97;83;92;;;;
2021/03/10;0400 UTC;0;935,6;935,9;935,5;;19,3;17,1;19,5;18,6;17,4;17,1;92;86;87;;;;
2021/03/10;0500 UTC;0;935,1;935,6;935,1;;19,5;16,4;19,5;19,1;17;16,4;87;82;82;;;;
2021/03/10;0600 UTC;0;934,6;935,1;934,6;;19,6;15,7;19,6;19,3;16,4;15,7;83;78;78;;;;
2021/03/10;0700 UTC;0;934,6;934,7;934,5;;19,2;15,4;19,8;19;15,8;15,4;81;77;78;;;;
2021/03/10;0800 UTC;0;934,9;934,9;934,6;;18,1;15,6;19,4;18,1;15,6;15,1;85;76;85;;;;
2021/03/10;0900 UTC;0;935,1;935,1;934,9;;18,3;14,7;18,3;18;15,5;14,7;85;79;80;;;;
2021/03/10;1000 UTC;0;935,6;935,6;935,1;28,8;18,7;14,5;18,7;18,2;14,8;14,4;80;76;77;;;;
2021/03/10;1100 UTC;0;936,5;936,5;935,6;414,7;19;15,7;19,1;18,4;15,7;14,6;83;77;81;;;;
2021/03/10;1200 UTC;0;936,8;936,8;936,5;1116,8;21,9;16,4;22;18,9;17,3;15;81;69;71;;;;
2021/03/10;1300 UTC;0;937,1;937,1;936,8;2360,8;23,4;16,3;23,5;21,4;17,2;15,8;74;64;64;;;;
2021/03/10;1400 UTC;0;937;937,2;937;3000,1;25;16,4;25,2;23,3;17;15,3;66;57;59;;;;
2021/03/10;1500 UTC;0;936,3;937;936,3;3453,8;26,7;17,8;26,7;25;18,4;16,1;63;56;58;;;;
2021/03/10;1600 UTC;0;935,5;936,3;935,5;3663,3;27,6;19,1;27,9;26,4;19,4;17,3;62;55;60;;;;
2021/03/10;1700 UTC;0;934,8;935,6;934,8;3443,6;28,8;19,8;28,9;27,1;20,7;18,2;63;56;59;;;;
2021/03/10;1800 UTC;0;934,2;934,8;934,2;2756,3;29,2;18,9;29,9;27,7;20,4;18,5;62;52;54;;;;
2021/03/10;1900 UTC;0;933,5;934,2;933,4;1855,9;29,5;19,8;30,1;27,7;20,7;18,2;62;53;56;;;;
2021/03/10;2000 UTC;0;933,3;933,5;933,2;1751,7;29,8;18,5;30,2;28,1;20,5;17,8;59;49;51;;;;
2021/03/10;2100 UTC;0;933,2;933,3;933;657,6;27,8;18,1;29,9;27,3;18,7;17,6;59;49;56;;;;
2021/03/10;2200 UTC;0;933,1;933,3;932,8;97;24,9;18,3;27,8;24,9;18,8;17,9;69;55;67;;;;
2021/03/10;2300 UTC;0;933,7;933,7;933,1;;25;18,3;25,3;24,8;18,6;18,3;68;66;66;;;;
2021/03/11;0000 UTC;0;934,7;934,7;933,7;;23,4;19,1;25,2;23,4;19,6;18,4;78;66;77;;;;
2021/03/11;0100 UTC;0;934,9;934,9;934,6;;24,4;18,8;24,8;23,3;19,3;18,8;77;70;71;;;;
2021/03/11;0200 UTC;0;935,1;935,2;934,9;;22,8;19,6;24,6;22,4;19,8;18,7;85;70;83;;;;
2021/03/11;0300 UTC;0;934,9;935,1;934,9;;23,8;17,6;24,2;22,8;19,4;17,5;82;67;68;;;;
2021/03/11;0400 UTC;0;934,7;935;934,7;;23,2;17,9;23,8;22,8;18,4;17,5;76;68;72;;;;
2021/03/11;0500 UTC;0;934,5;934,7;934,5;;23,5;18;23,7;23,1;18,1;17,8;73;70;71;;;;
2021/03/11;0600 UTC;0;934;934,6;934;;22,8;18,5;23,5;22,8;18,6;18;77;71;77;;;;
2021/03/11;0700 UTC;0;934;934,1;933,9;;23,1;18,9;23,3;22,8;18,9;18,2;77;73;77;;;;
2021/03/11;0800 UTC;0;934;934,1;933,9;;23,3;18,3;23,4;22,6;19;18,3;79;73;73;;;;
2021/03/11;0900 UTC;0;934,6;934,6;934;;22,6;18,4;23,4;22,6;18,4;18,2;77;72;77;;;;
2021/03/11;1000 UTC;0;935,3;935,3;934,6;68,2;22,8;18,9;22,8;22,4;18,9;18,4;80;77;78;;;;
2021/03/11;1100 UTC;0;936;936;935,2;399,3;23,1;18,9;23,3;22,8;19,1;18,8;79;76;77;;;;
2021/03/11;1200 UTC;0;936,9;936,9;936;981,4;25;19,9;25,1;23;20,2;18,9;79;73;73;;;;
2021/03/11;1300 UTC;0;937,3;937,3;936,9;2257,5;26,2;20,6;27;24,4;21,4;19,7;77;69;72;;;;
2021/03/11;1400 UTC;0;937,5;937,6;937,3;2961,1;28,6;21,5;29,3;26,2;22,3;20,6;73;62;66;;;;
2021/03/11;1500 UTC;0;937,3;937,6;937,2;3401,8;30,1;21,4;30,2;28,4;22,3;20,1;66;57;60;;;;
2021/03/11;1600 UTC;0;936,8;937,3;936,8;3504,5;30,8;20,8;31,1;29,6;21,6;18,7;60;50;55;;;;
2021/03/11;1700 UTC;0;936,2;936,8;936,2;3281,3;30,4;19,7;31,9;30,3;21,3;18,2;57;45;53;;;;
2021/03/11;1800 UTC;0;935,7;936,2;935,7;2956,1;31,8;19,8;32,1;30,2;20;17,3;53;44;49;;;;
2021/03/11;1900 UTC;0;935,3;935,7;935,2;2248,2;31,4;17,9;32;30,5;19,2;17,3;49;43;45;;;;
2021/03/11;2000 UTC;0;935,2;935,3;935,1;1675,1;31,4;18,3;31,7;30,3;18,7;17;48;43;46;;;;
2021/03/11;2100 UTC;0;935;935,3;934,9;762,9;29,1;17,3;31,5;29,1;18,4;16,8;49;44;49;;;;
2021/03/11;2200 UTC;0;935,3;935,3;935;53,3;27,1;16,7;29,1;27,1;17,5;16,6;54;48;53;;;;
2021/03/11;2300 UTC;0;936,2;936,2;935,3;;25,1;16,9;27,1;25;17;16,7;61;53;60;;;;
2021/03/12;0000 UTC;0;936,8;936,8;936,2;;24,3;16,5;25,8;24,3;17;16,4;62;58;62;;;;
2021/03/12;0100 UTC;0;937,6;937,6;936,8;;24,5;15,3;24,7;24,2;16,5;15,2;62;56;57;;;;
2021/03/12;0200 UTC;0;938;938;937,6;;24,2;16,1;24,7;24,2;16,1;15,4;61;57;61;;;;
2021/03/12;0300 UTC;0;938,1;938,2;938;;23,8;16,5;24,3;23,6;16,5;16,1;64;61;64;;;;
2021/03/12;0400 UTC;0;937,9;938,2;937,9;;23,6;16,1;23,8;23,3;16,7;16,1;66;63;63;;;;
2021/03/12;0500 UTC;0;937,5;938;937,5;;23,1;16;23,6;23,1;16,3;16;65;63;65;;;;
2021/03/12;0600 UTC;0;937,1;937,5;937,1;;22,7;15,7;23,1;22,6;16,1;15,7;67;64;65;;;;
2021/03/12;0700 UTC;0;937;937,1;936,8;;22;15,6;22,8;21,6;15,9;15,4;68;64;67;;;;
2021/03/12;0800 UTC;0;937;937;936,8;;21,8;14,9;22,3;21,7;15,6;14,1;67;60;65;;;;
2021/03/12;0900 UTC;0;937,4;937,4;937;;21,4;15,1;22,1;21,4;15,4;14,3;68;62;67;;;;
2021/03/12;1000 UTC;0;938;938;937,3;32,4;21,5;14,7;21,5;21;15,2;14;69;63;65;;;;
2021/03/12;1100 UTC;0;938,5;938,5;938;650;26,4;15,7;26,5;21,6;18;14,7;69;51;52;;;;
2021/03/12;1200 UTC;0;939,6;939,6;938,5;1482,7;25,3;16,4;26,6;25,3;17,8;14,6;61;48;58;;;;
2021/03/12;1300 UTC;0;940,3;940,3;939,6;1999,7;27,3;16,9;27,4;24,8;17,7;15,5;64;48;53;;;;
2021/03/12;1400 UTC;0;940,2;940,4;940,2;2829,9;28,4;14,5;29,3;27,3;18,2;14,5;56;43;43;;;;
2021/03/12;1500 UTC;0;940;940,3;940;3409,2;29,2;17,9;29,7;28,3;18,6;13,6;52;40;51;;;;
2021/03/12;1600 UTC;0;939,3;940;939,3;3480,5;30,8;18,2;30,8;29,2;20,3;17,2;55;45;47;;;;
2021/03/12;1700 UTC;0;938,8;939,3;938,8;3523,7;31,6;18,9;32,1;30,1;20;16,7;52;43;47;;;;
2021/03/12;1800 UTC;0;938;938,8;938;3237,7;31,3;18,1;31,9;30,9;19,1;16,7;49;41;45;;;;
2021/03/12;1900 UTC;0;937;938;937;2266,9;31,2;18,3;31,6;29,9;18,7;16,2;49;40;46;;;;
2021/03/12;2000 UTC;0;936,5;937;936,5;1832,6;31;17;31,9;30,7;18,7;16;47;39;43;;;;
2021/03/12;2100 UTC;0;936,2;936,5;936,2;777,5;28,7;17,2;31,1;28,7;17,7;16;50;41;50;;;;
2021/03/12;2200 UTC;0;936,3;936,4;936,2;52,3;26;16,8;28,8;26;17,6;16,3;57;47;57;;;;
2021/03/12;2300 UTC;0;936,8;936,8;936,3;;25,7;17,1;26;25,6;17,1;16,7;59;57;59;;;;
2021/03/13;0000 UTC;0;937,8;937,8;936,8;;26,9;16,4;27;25,6;17,3;16,4;60;52;53;;;;
2021/03/13;0100 UTC;0;938,5;938,5;937,9;;26,2;16,1;27,1;26,2;16,4;16,1;54;51;54;;;;
2021/03/13;0200 UTC;0;938,6;938,6;938,5;;26,3;16,1;26,8;25,9;16,3;15,8;55;51;53;;;;
2021/03/13;0300 UTC;0;938,6;938,6;938,4;;26,5;15,9;26,6;26,2;16,1;15,9;54;52;52;;;;
2021/03/13;0400 UTC;0;938,2;938,6;938,2;;26,2;15,8;26,5;26,1;16,1;15,7;54;52;53;;;;
2021/03/13;0500 UTC;0;938,1;938,3;938;;26,3;15,4;26,4;26;15,8;15,4;53;51;51;;;;
2021/03/13;0600 UTC;0;937,7;938,1;937,7;;24,6;15,5;26,3;24,2;15,8;15,2;59;51;57;;;;
2021/03/13;0700 UTC;0;937,8;937,9;937,7;;24,7;14,9;25,1;24,6;15,5;14,3;57;52;55;;;;
2021/03/13;0800 UTC;0;938,1;938,1;937,8;;22,2;17,9;24,7;22,2;17,9;15,1;77;55;77;;;;
2021/03/13;0900 UTC;0;938,3;938,3;938;;21,6;18,5;22,2;21,6;18,5;17,8;83;76;83;;;;
2021/03/13;1000 UTC;0;938,8;938,9;938,3;35,6;21,6;18,9;21,6;21,3;18,9;18,5;85;83;84;;;;
2021/03/13;1100 UTC;0;939,3;939,3;938,8;568,3;23,6;19,2;23,9;21,6;19,4;18,6;84;72;76;;;;
2021/03/13;1200 UTC;0;940,1;940,1;939,3;1409,6;26,6;20,1;26,7;23,6;20,7;19,1;78;67;68;;;;
2021/03/13;1300 UTC;0;940,5;940,5;940,1;2285;28;20,1;28;26;21,4;19,4;71;61;62;;;;
2021/03/13;1400 UTC;0;940,4;940,6;940,4;2925,1;30;20,3;30;27,6;22,2;19,3;67;54;56;;;;
2021/03/13;1500 UTC;0;940,2;940,4;940,1;3203,5;31,8;16,9;31,9;29,2;20,5;16,4;59;41;41;;;;
2021/03/13;1600 UTC;0;939,8;940,2;939,7;1202,1;27,8;20;31,8;27,8;20;16,2;63;40;63;;;;
2021/03/13;1700 UTC;0;939,2;939,8;939,2;1676,5;29,1;19,8;31,1;27,7;20,9;17,3;63;45;57;;;;
2021/03/13;1800 UTC;0;938,2;939,2;938,2;1697,8;28,4;20,4;31,3;28,1;20,5;16,9;63;43;62;;;;
2021/03/13;1900 UTC;0;937;938,2;937;2641,3;31,4;17,8;31,6;28,5;20,1;16,7;62;42;44;;;;
2021/03/13;2000 UTC;0;936,2;937;936,2;1840,6;31,3;18;32,1;30,9;19,4;16,6;50;40;45;;;;
2021/03/13;2100 UTC;0;936,4;936,4;936,2;862,6;28,3;18,9;31,3;28,3;19,4;17,2;58;44;57;;;;
2021/03/13;2200 UTC;0;936,9;936,9;936,3;57;28,1;17;28,3;27,1;18,9;16,9;58;50;51;;;;
2021/03/13;2300 UTC;0;937,7;937,7;936,9;;28,2;17,2;28,6;28,1;17,2;16,7;51;49;51;;;;
2021/03/14;0000 UTC;9,4;939;939,4;937,7;;21,5;18,2;28,2;20,6;19;16,8;87;51;81;;;;
2021/03/14;0100 UTC;4,2;939,6;939,7;939;;20,2;19,2;22,3;20,2;19,2;16,8;94;74;94;;;;
2021/03/14;0200 UTC;0;939,4;939,7;939,2;,5;21,3;19,8;21,3;20,1;19,8;18,8;94;87;91;;;;
2021/03/14;0300 UTC;0;939,8;939,8;939,4;3,4;22;19,1;22,6;21,3;20;18,7;91;81;84;;;;
2021/03/14;0400 UTC;0;939,5;939,9;939,5;,1;21,5;17,6;22,1;21,3;19,6;17,6;87;78;79;;;;
2021/03/14;0500 UTC;0;939,4;939,6;939,3;,4;23;17,6;23;20,9;17,9;16,9;83;72;72;;;;
2021/03/14;0600 UTC;0;939;939,4;939;;22,4;18,4;23,1;22,4;18,4;17,5;78;71;78;;;;
2021/03/14;0700 UTC;0;938,8;939;938,8;;22,4;18,7;23,1;22,4;18,7;18,3;79;74;79;;;;
2021/03/14;0800 UTC;0;938,7;938,8;938,7;;21,6;19;22,4;21,6;19;18,7;85;79;85;;;;
2021/03/14;0900 UTC;0;938,8;938,8;938,6;;22;18,8;22;21,2;19;18,8;87;82;82;;;;
2021/03/14;1000 UTC;0;939,4;939,4;938,8;24,5;21,9;18,9;22,3;21,7;18,9;18,6;84;80;83;;;;
2021/03/14;1100 UTC;0;940;940;939,4;550,4;23,4;19,2;23,4;21,9;19,4;18,9;83;77;78;;;;
2021/03/14;1200 UTC;0;940,8;940,8;940;1447,5;24,7;19,7;24,8;23,3;20,5;19,2;78;74;74;;;;
2021/03/14;1300 UTC;,2;941,2;941,2;940,7;2253,7;26;20,3;26,2;24,6;20,9;19,3;77;68;71;;;;
2021/03/14;1400 UTC;0;941,1;941,2;941,1;2921,6;28;20,4;28,2;25,9;21,4;19,4;71;62;63;;;;
2021/03/14;1500 UTC;0;940,8;941,1;940,8;3362,3;29,9;19,6;30;27,9;21,5;19;67;53;54;;;;
2021/03/14;1600 UTC;0;940,2;940,8;940,2;3512;30,1;18,7;30,2;29;20,7;18,6;58;50;51;;;;
2021/03/14;1700 UTC;0;939,6;940,2;939,6;2912,8;29,6;19,5;31,1;29,6;21;18,2;57;48;55;;;;
2021/03/14;1800 UTC;0;938,5;939,6;938,4;3344,5;31,8;18,6;32;29,3;20,4;17,7;56;44;45;;;;
2021/03/14;1900 UTC;0;937,6;938,5;937,6;2750,6;31,9;18,1;32,2;31,3;20;17,2;50;41;44;;;;
2021/03/14;2000 UTC;0;937,1;937,6;937,1;1925,3;30,6;19,4;32,4;30,5;19,4;16,1;51;38;51;;;;
2021/03/14;2100 UTC;0;936,9;937,2;936,9;747,7;28,1;19,1;30,8;28;20,2;17,8;62;46;58;;;;
2021/03/14;2200 UTC;0;937,2;937,2;936,9;53,1;25,9;18,2;28,2;25,9;19,8;18,2;64;56;63;;;;
2021/03/14;2300 UTC;0;938,1;938,2;937,2;;26,7;19,1;26,7;25,5;19,1;18,3;66;63;63;;;;
2021/03/15;0000 UTC;0;939,1;939,1;938,2;;26,5;18,1;27,2;26,4;19;18,1;63;59;60;;;;
2021/03/15;0100 UTC;0;939,9;939,9;939,1;;26,6;18;26,7;26,1;18,3;18;61;59;59;;;;
2021/03/15;0200 UTC;0;940,3;940,3;939,9;;23,2;19,3;27,1;23,2;19,3;17,9;79;58;79;;;;
2021/03/15;0300 UTC;0;940,1;940,4;940,1;;22,4;19;23,3;22,4;19,4;19;82;79;81;;;;
2021/03/15;0400 UTC;0;940;940,1;940;;21,8;18,9;22,4;21,8;19,1;18,9;83;81;83;;;;
2021/03/15;0500 UTC;0;939,4;940;939,4;;21,5;18,6;21,8;21,5;18,9;18,6;84;82;84;;;;
2021/03/15;0600 UTC;0;938,9;939,4;938,9;;22,3;17,7;22,4;21,2;18,6;17,7;85;75;75;;;;
2021/03/15;0700 UTC;0;938,6;939;938,6;;23,5;16,9;23,6;22,3;17,7;16,8;75;66;66;;;;
2021/03/15;0800 UTC;0;938,8;938,8;938,4;;21,2;17,8;23,6;21;17,8;16,9;82;66;81;;;;
2021/03/15;0900 UTC;0;939,1;939,1;938,8;;20,2;17,9;22;20,2;17,9;17,3;87;75;87;;;;
2021/03/15;1000 UTC;0;939,4;939,5;939,1;24,8;19,6;18,6;20,2;19,2;18,6;18;95;87;94;;;;
2021/03/15;1100 UTC;0;940,1;940,1;939,4;559,3;22,3;18,8;22,4;19,6;19,3;18,3;95;81;81;;;;
2021/03/15;1200 UTC;0;940,1;940,2;940,1;1446,9;23,9;19;24,2;22,2;19,5;18,6;83;73;74;;;;
2021/03/15;1300 UTC;0;940,1;940,2;940,1;2265;26,5;19,2;26,5;23,9;19,9;18,2;74;61;64;;;;
2021/03/15;1400 UTC;0;939,9;940,1;939,9;2896,7;27,7;19,5;28;26,4;20,7;18,7;67;59;61;;;;
2021/03/15;1500 UTC;0;939,6;940;939,6;3463,4;30,3;21,5;30,3;27,7;21,8;18,9;63;55;59;;;;
2021/03/15;1600 UTC;0;939;939,6;939;1571,6;28,2;20,2;30,5;27,7;22,2;19,2;67;55;62;;;;
2021/03/15;1700 UTC;0;938,1;939;938,1;836,4;27,7;21,4;28,3;27,3;21,8;20;71;61;69;;;;
2021/03/15;1800 UTC;0;937,1;938,1;937,1;631,1;28,5;21;28,5;26,5;22,5;19,6;78;64;64;;;;
2021/03/15;1900 UTC;0;936,3;937,1;936,3;2182,4;30,5;18,1;31,2;28,6;22,2;18;64;47;48;;;;
2021/03/15;2000 UTC;0;936;936,4;936;1560,4;30,3;18,8;30,8;29,4;19,4;17,2;52;44;50;;;;
2021/03/15;2100 UTC;0;936,5;936,5;936;820,5;28,1;18,7;30,3;28,1;19,4;18,1;57;48;57;;;;
2021/03/15;2200 UTC;0;936,6;936,7;936,5;96,2;25,9;18,1;28,1;25,9;18,8;18,1;63;55;62;;;;
2021/03/15;2300 UTC;0;937,1;937,2;936,5;;25,5;18,1;26,1;25,3;18,2;17,4;64;59;64;;;;
2021/03/16;0000 UTC;0;938,2;938,2;937,1;;24,2;20;25,6;24,2;20,2;17,9;78;63;77;;;;
2021/03/16;0100 UTC;0;938,7;938,8;938,2;;24,6;19,3;24,9;23,9;20;19,2;79;71;72;;;;
2021/03/16;0200 UTC;0;938,9;939;938,7;;23,6;19,5;24,7;23,6;19,5;19,1;77;71;77;;;;
2021/03/16;0300 UTC;0;938,8;939;938,8;;24,4;18,3;24,5;23,1;19,6;18,3;80;68;69;;;;
2021/03/16;0400 UTC;0;938,3;938,8;938,3;;24,3;18,4;25,3;24,2;18,7;18,3;71;65;70;;;;
2021/03/16;0500 UTC;0;937,6;938,3;937,6;;23,2;18,1;24,4;23,1;18,5;18,1;74;68;73;;;;
2021/03/16;0600 UTC;0;937,8;937,8;937,5;;22,3;18,3;24,3;22,3;18,4;17,9;78;68;78;;;;
2021/03/16;0700 UTC;0;937,3;937,8;937,3;;22,7;18,4;22,8;22;18,5;17,9;80;75;77;;;;
2021/03/16;0800 UTC;0;937,2;937,4;937,2;;21,6;19;22,6;21,4;19;18,3;86;77;86;;;;
2021/03/16;0900 UTC;0;937,3;937,3;937,1;;21,5;19,3;22;21,5;19,3;19;87;85;87;;;;
2021/03/16;1000 UTC;0;937,8;937,8;937,2;23,6;21,7;19,5;21,7;21,3;19,5;19,3;89;87;87;;;;
2021/03/16;1100 UTC;0;938,6;938,6;937,8;582;23,5;20,4;23,6;21,7;20,4;19,5;87;80;83;;;;
2021/03/16;1200 UTC;0;938,8;938,9;938,5;1443,1;24,8;20,5;24,9;23,2;20,9;19,8;83;76;77;;;;
2021/03/16;1300 UTC;0;938,9;939;938,8;2251,6;27,3;20,3;27,5;24,7;21,2;20,3;79;65;65;;;;
2021/03/16;1400 UTC;0;938,7;939;938,6;2880,3;28,8;20,2;29,2;27,2;21,7;20,1;69;60;60;;;;
2021/03/16;1500 UTC;0;938,3;938,7;938,3;3298,5;29,3;21;29,8;28,5;21,5;19,9;63;57;61;;;;
2021/03/16;1600 UTC;0;937,6;938,4;937,5;3603,3;30,4;20,2;31;29,3;22;18,8;63;50;54;;;;
2021/03/16;1700 UTC;0;936,7;937,6;936,7;3746,3;30,8;20,9;31,3;30,2;21,3;18,8;57;50;56;;;;
2021/03/16;1800 UTC;0;935,6;936,7;935,6;2983,5;31;18,2;31,8;29,7;21,3;17,8;58;44;46;;;;
2021/03/16;1900 UTC;0;934,8;935,6;934,8;2317,7;30,8;18,8;31,6;30,2;20,2;16,8;54;42;49;;;;
2021/03/16;2000 UTC;0;934,3;934,8;934,3;1552,4;30,4;19,1;30,8;29,6;19,7;17,6;53;47;51;;;;
2021/03/16;2100 UTC;0;934,8;934,8;934,3;762,2;29,1;18;30,5;29;19;17,1;53;47;51;;;;
2021/03/16;2200 UTC;0;935,1;935,2;934,8;60,4;28,8;18;29,1;28,5;18,8;17,7;56;51;52;;;;
2021/03/16;2300 UTC;0;935,8;935,8;935,1;;28,1;18,6;28,8;27,9;18,7;18;57;52;56;;;;
2021/03/17;0000 UTC;0;936,6;936,6;935,8;;26,7;18,5;28,1;26,7;18,9;18,4;62;56;61;;;;
2021/03/17;0100 UTC;0;937;937;936,6;;25,6;19,2;26,6;25,6;19,2;18,5;68;61;68;;;;
2021/03/17;0200 UTC;0;936,9;937,1;936,9;;26,6;18,8;26,9;25,6;19,2;18,7;68;61;62;;;;
2021/03/17;0300 UTC;0;936,8;936,9;936,8;;25,8;18,9;26,7;25,8;18,9;18,5;66;62;66;;;;
2021/03/17;0400 UTC;0;936,5;936,8;936,4;;24,1;19,2;25,9;24,1;19,2;18,7;74;65;74;;;;
2021/03/17;0500 UTC;0;936,2;936,5;936,2;;23,6;19,2;24,1;23,6;19,4;19;77;74;76;;;;
2021/03/17;0600 UTC;0;936;936,2;935,8;;22,5;19,6;23,8;22,5;20;19,2;85;76;84;;;;
2021/03/17;0700 UTC;0;936,1;936,3;936;;22;20,3;22,5;21,6;20,3;19,7;92;84;90;;;;
2021/03/17;0800 UTC;0;936,2;936,3;936;;23,1;20,3;23,1;22;20,4;20,1;90;84;84;;;;
2021/03/17;0900 UTC;0;936,4;936,4;936,2;;22,6;19,9;23,2;22,6;20,4;19,9;86;83;85;;;;
2021/03/17;1000 UTC;0;936,9;936,9;936,4;33,4;22,7;19,9;22,8;22,2;20;19,7;86;83;84;;;;
2021/03/17;1100 UTC;0;937,6;937,6;936,8;565,6;25;19,7;25,1;22,7;20,5;19,7;84;72;72;;;;
2021/03/17;1200 UTC;0;938,2;938,3;937,5;1040,7;24,9;19;25,8;24,9;20,2;18,8;75;67;70;;;;
2021/03/17;1300 UTC;0;938,1;938,2;937,9;2063,5;27;19,7;27,3;24,9;20,4;18,4;73;60;65;;;;
2021/03/17;1400 UTC;0;938,3;938,4;938,1;2668,7;27,6;20,4;28,5;27;21,4;20,1;68;63;65;;;;
2021/03/17;1500 UTC;0;937,6;938,3;937,6;2205,3;28,5;20,8;28,6;27,6;21,6;19,9;68;62;63;;;;
2021/03/17;1600 UTC;0;936,6;937,6;936,6;2612,3;29,4;20,3;29,7;28,5;21,6;18,8;63;55;58;;;;
2021/03/17;1700 UTC;0;935,8;936,6;935,8;2218,8;29,1;20,2;29,9;28,9;21;19,1;62;55;59;;;;
2021/03/17;1800 UTC;0;935,2;935,8;935,2;977,1;28,1;20,2;29,4;28,1;20,9;19,7;63;57;62;;;;
2021/03/17;1900 UTC;0;935,2;935,2;934,7;903,6;27,8;20,9;28,4;27,8;21,4;19,8;68;61;66;;;;
2021/03/17;2000 UTC;0;935,3;935,4;935,2;576,8;25,9;21,1;27,8;25,9;21,6;20,2;76;64;75;;;;
2021/03/17;2100 UTC;0;935,3;935,7;935,3;310,8;23,7;20,3;25,9;23,7;20,8;19,8;82;73;81;;;;
2021/03/17;2200 UTC;0;934,6;935,3;934,5;69,5;21,9;20,4;23,7;21,9;20,8;20,2;91;81;91;;;;
2021/03/17;2300 UTC;0;935,2;935,2;934,5;;21,6;20,2;22,1;21,5;20,4;20;92;89;92;;;;
2021/03/18;0000 UTC;0;936,2;936,2;935,2;;21,7;20,1;21,8;21,4;20,5;20,1;94;90;90;;;;
2021/03/18;0100 UTC;0;936,8;936,8;936,2;;20,6;20,1;21,7;20,6;20,3;19,9;97;90;97;;;;
2021/03/18;0200 UTC;0;937,1;937,1;936,8;;20,5;19,7;20,6;20,4;20,2;19,7;98;95;95;;;;
2021/03/18;0300 UTC;0;936,9;937,1;936,9;;20,4;19,7;20,7;20,3;19,8;19,6;96;94;96;;;;
2021/03/18;0400 UTC;0;936,9;937,1;936,9;;20,8;19,7;20,8;20,3;19,9;19,6;96;94;94;;;;
2021/03/18;0500 UTC;0;936,3;936,8;936,3;;21,1;19,8;21,2;20,7;20;19,7;94;92;92;;;;
2021/03/18;0600 UTC;0;936,1;936,3;936,1;;21,6;19,2;21,6;21,1;19,8;19,2;92;86;86;;;;
2021/03/18;0700 UTC;0;935,7;936,1;935,6;;22,1;18,8;22,2;21,6;19,3;18,7;87;81;82;;;;
2021/03/18;0800 UTC;0;935,6;935,7;935,4;;21,5;19;22,3;21,5;19,6;18,6;89;80;86;;;;
2021/03/18;0900 UTC;0;935,6;935,6;935,5;;20,7;19,7;21,6;20,7;20,1;18,8;94;84;94;;;;
2021/03/18;1000 UTC;0;936,3;936,3;935,6;18,3;21,5;19,2;21,5;20,6;19,7;18,8;94;85;87;;;;
2021/03/18;1100 UTC;0;937,6;937,6;936,2;264,3;21,4;19,9;23,2;21,4;19,9;18,6;91;75;91;;;;
2021/03/18;1200 UTC;0;938,5;938,5;937,6;374,7;21,6;20,4;21,9;21,2;20,7;20;94;91;93;;;;
2021/03/18;1300 UTC;,2;939,1;939,2;938,5;230,9;20,8;20;21,6;20,8;20,4;19,9;96;91;95;;;;
2021/03/18;1400 UTC;0;938,9;939,2;938,9;902,5;23,1;21,2;23,1;20,8;21,3;19,5;96;85;89;;;;
2021/03/18;1500 UTC;0;938;938,9;938;2052,3;24,8;20,7;25,6;23,1;21,7;19,2;89;71;78;;;;
2021/03/18;1600 UTC;0;937,4;938;937,4;2339,5;26,1;22;26,4;24,1;22;19,3;82;70;78;;;;
2021/03/18;1700 UTC;0;936,8;937,4;936,8;1466,3;25,7;20,7;26,4;25,5;22;20,4;78;71;74;;;;
2021/03/18;1800 UTC;0;936;936,8;936;822,9;26,1;21;26,1;25,6;21,9;20,5;80;72;73;;;;
2021/03/18;1900 UTC;0;935,4;936;935,4;1041,8;25,9;21;26,3;25,7;21,3;20;76;70;74;;;;
2021/03/18;2000 UTC;0;935,4;935,6;935,3;1303,7;26,1;20;26,9;25,6;21,4;20;76;69;69;;;;
2021/03/18;2100 UTC;0;935,6;935,6;935,3;933,6;25,4;21,3;27,1;25,4;21,3;19,2;78;63;78;;;;
2021/03/18;2200 UTC;0;936;936;935,5;78,2;23,7;20,1;25,4;23,7;22,1;20,1;88;78;80;;;;
2021/03/18;2300 UTC;0;936,4;936,4;936;;22,4;20,6;23,7;22,4;20,7;19,8;90;80;89;;;;
2021/03/19;0000 UTC;0;937,3;937,3;936,4;;22,9;19,1;22,9;22,4;20,6;19;89;79;79;;;;
2021/03/19;0100 UTC;0;937,6;937,6;937,2;;22,2;19,3;22,9;22,2;19,5;19;85;79;83;;;;
2021/03/19;0200 UTC;0;937,8;937,8;937,6;;22,4;18,9;22,5;21,9;19,2;18,8;84;80;80;;;;
2021/03/19;0300 UTC;0;938;938;937,8;;21,9;18,8;22,8;21,9;18,9;18,2;82;76;82;;;;
2021/03/19;0400 UTC;0;938;938,2;937,9;;21,1;19,6;21,9;21;19,8;18,8;93;82;91;;;;
2021/03/19;0500 UTC;0;937,6;938;937,6;;21,3;19,6;21,3;21,1;19,7;19,5;91;90;90;;;;
2021/03/19;0600 UTC;0;937,4;937,7;937,3;;21,3;18,9;21,5;21,2;19,5;18,8;90;84;86;;;;
2021/03/19;0700 UTC;0;937,1;937,4;937,1;;20,9;18,8;21,6;20,6;19,2;18,6;92;84;88;;;;
2021/03/19;0800 UTC;0;937;937,1;936,9;;20,2;19;20,9;20,2;19,1;18,8;93;88;93;;;;
2021/03/19;0900 UTC;0;937,6;937,6;937;;19,7;19,2;20,3;19,7;19,3;19;97;93;97;;;;
2021/03/19;1000 UTC;0;938,5;938,5;937,6;22,4;19,6;19,1;19,8;19,5;19,2;19;97;96;97;;;;
2021/03/19;1100 UTC;0;939,2;939,3;938,4;548,5;21,5;19,2;21,7;19,6;19,6;19;97;86;87;;;;
2021/03/19;1200 UTC;0;939,7;939,7;939,3;1436,8;23,9;19,7;24,2;21,5;20,5;19,1;87;77;77;;;;
2021/03/19;1300 UTC;0;940,2;940,2;939,7;2256,2;25,4;20;25,4;23,7;20,4;19,4;78;71;72;;;;
2021/03/19;1400 UTC;0;940,2;940,3;940,1;2903,2;27,7;20,4;28,2;25,3;21;19,4;73;63;64;;;;
2021/03/19;1500 UTC;0;939,9;940,2;939,9;3345,9;28,6;19,8;28,8;27,5;20,8;19;65;58;59;;;;
2021/03/19;1600 UTC;0;939,2;939,9;939,2;3405,5;29;21,4;29,4;27,6;21,6;18,9;65;58;64;;;;
2021/03/19;1700 UTC;0;938,2;939,3;938,2;3142,3;29,7;19,9;29,9;28,5;21,2;18,5;64;54;56;;;;
2021/03/19;1800 UTC;0;937,2;938,2;937,2;2855,9;29,2;19,6;30,4;27,8;21,2;19,2;60;54;56;;;;
2021/03/19;1900 UTC;0;936,7;937,2;936,7;2168,7;29,3;19;30,1;28,3;20,5;18,2;58;52;54;;;;
2021/03/19;2000 UTC;0;936,6;936,7;936,5;1542,7;28,6;19,4;30,2;28,5;20,7;18,2;61;50;57;;;;
2021/03/19;2100 UTC;0;936,8;936,8;936,5;588,6;27,2;19,3;28,6;27,2;20,4;19,1;63;58;62;;;;
2021/03/19;2200 UTC;0;937,2;937,2;936,8;69,1;26,1;19,4;27,4;26,1;19,6;19,1;67;61;67;;;;
2021/03/19;2300 UTC;0;937,9;937,9;937,1;;25,3;19,3;26,5;25,2;19,5;19,1;70;64;69;;;;
2021/03/20;0000 UTC;0;939;939;937,9;;24,9;19,4;25,9;24,8;19,4;19,1;72;66;72;;;;
2021/03/20;0100 UTC;0;939;939,1;938,9;;24,4;19,1;24,9;24,4;19,5;19,1;73;71;72;;;;
2021/03/20;0200 UTC;0;939,1;939,1;939;;23,7;19,5;24,4;23,7;19,5;19,1;78;72;78;;;;
2021/03/20;0300 UTC;0;939,4;939,6;939,1;;22,8;19,8;23,7;22,8;19,8;19,5;83;78;83;;;;
2021/03/20;0400 UTC;0;940,1;940,1;939,4;;23,2;20,1;23,2;22,7;20,1;19,8;84;83;83;;;;
2021/03/20;0500 UTC;0;940,3;940,4;940;;21,7;21;23,4;21,7;21;20,1;95;82;95;;;;
2021/03/20;0600 UTC;0;940,2;940,4;940;;21;20,6;22,1;21;21,1;20,6;97;92;97;;;;
2021/03/20;0700 UTC;0;939,5;940,1;939,5;;20,9;20,6;21;20,7;20,7;20,5;99;97;98;;;;
2021/03/20;0800 UTC;0;939,6;939,7;939,5;;20,7;19,9;21,1;20,7;20,6;19,9;98;94;95;;;;
2021/03/20;0900 UTC;0;940,3;940,3;939,6;;20,1;19,4;20,7;20,1;19,8;19,4;96;95;96;;;;
2021/03/20;1000 UTC;0;941;941;940,3;29;20,3;19,3;20,3;20;19,4;19,2;96;94;94;;;;
2021/03/20;1100 UTC;0;941,7;941,7;941;329,5;21,5;19,9;21,5;20,3;20;19,3;94;91;91;;;;
2021/03/20;1200 UTC;0;942,4;942,4;941,7;1127,8;23,6;20,2;23,7;21,4;20,8;19,8;92;81;82;;;;
2021/03/20;1300 UTC;0;942,6;942,6;942,3;2268,2;26,2;20,7;26,2;23,4;21,1;20;83;71;72;;;;
2021/03/20;1400 UTC;0;942,5;942,6;942,5;2868,6;28;20,6;28,3;25,9;21,3;19,6;73;61;64;;;;
2021/03/20;1500 UTC;0;942,1;942,5;942,1;3266,7;28,6;21,1;28,9;27,4;21,5;20;66;60;64;;;;
2021/03/20;1600 UTC;0;941,5;942,1;941,4;3315,5;30;21,4;30;28,5;21,6;19,8;64;55;60;;;;
2021/03/20;1700 UTC;0;940,8;941,5;940,8;3383,8;30,1;20,9;30,9;29,4;21,5;19,4;61;54;58;;;;
2021/03/20;1800 UTC;0;940,2;940,9;940,2;2653,4;30,8;20,6;31,3;29;21,2;19,4;59;50;54;;;;
2021/03/20;1900 UTC;0;939,8;940,2;939,8;1612,3;30,1;20;31;29;21,2;18,9;60;50;55;;;;
2021/03/20;2000 UTC;0;939,5;939,8;939,4;1675,5;30,9;19,5;30,9;30,1;20,9;19,1;57;51;51;;;;
2021/03/20;2100 UTC;0;939,6;939,6;939,5;719,5;28,9;19,8;31,2;28,9;20,3;18,8;58;50;58;;;;
2021/03/20;2200 UTC;0;940;940;939,6;54,1;27,3;19,9;28,9;27,3;20,1;19,5;64;57;64;;;;
2021/03/20;2300 UTC;0;940,4;940,4;940;;25,6;20,2;27,3;25,5;20,3;19,8;73;64;72;;;;
2021/03/21;0000 UTC;0;940,5;940,6;940,4;;25,3;20,1;25,8;25,2;20,3;20;74;71;73;;;;
2021/03/21;0100 UTC;0;940,7;940,8;940,5;;24,4;20,4;25,3;24,4;20,4;20;79;73;79;;;;
2021/03/21;0200 UTC;0;940,9;940,9;940,7;;23,8;20,1;24,4;23,8;20,5;20,1;80;79;80;;;;
2021/03/21;0300 UTC;0;941,1;941,1;940,8;;23,6;20,3;23,9;23,6;20,3;19,9;82;79;82;;;;
2021/03/21;0400 UTC;0;941;941,2;941;;23,5;19,9;23,8;23,4;20,2;19,7;82;78;80;;;;
2021/03/21;0500 UTC;0;941,1;941,1;941;;24,4;19,6;24,9;23,5;19,9;19,5;80;72;75;;;;
2021/03/21;0600 UTC;0;940,8;941,1;940,8;;23,5;20,2;24,4;23,5;20,2;19,5;82;74;82;;;;
2021/03/21;0700 UTC;0;940,9;940,9;940,7;;22,7;20,2;23,5;22,4;20,7;20,2;88;82;86;;;;
2021/03/21;0800 UTC;0;940,8;940,9;940,7;;21,4;20,3;22,7;21,4;20,4;20,1;93;86;93;;;;
2021/03/21;0900 UTC;0;941,4;941,4;940,8;;20,5;20,3;21,4;20,5;20,3;20;98;93;98;;;;
2021/03/21;1000 UTC;0;941,9;941,9;941,4;21;20,8;20,2;20,9;20,3;20,5;20;98;96;96;;;;
2021/03/21;1100 UTC;0;942,2;942,2;941,8;201,9;22,2;20,9;22,2;20,8;21;20,2;97;93;93;;;;
2021/03/21;1200 UTC;0;942,7;942,7;942,2;519,7;24,1;20,8;24,1;22,2;21,2;20,4;93;81;81;;;;
2021/03/21;1300 UTC;0;943;943;942,7;1240,9;26,4;20,3;26,4;24,1;20,9;20,1;81;69;69;;;;
2021/03/21;1400 UTC;0;943,1;943,2;942,9;2859,4;27,7;20,3;28,8;26,4;21,5;19,8;70;60;64;;;;
2021/03/21;1500 UTC;0;942,7;943,1;942,7;2861,9;29,2;20,4;29,3;27,7;21,3;19,8;66;59;59;;;;
2021/03/21;1600 UTC;0;942,1;942,8;942,1;3431,4;30,1;19,8;30,3;29;21,4;19,4;61;53;54;;;;
2021/03/21;1700 UTC;0;941,4;942,1;941,4;1518,8;29;19,8;30,8;28,8;20,8;19,2;60;52;58;;;;
2021/03/21;1800 UTC;0;940,7;941,4;940,7;1286,7;29,7;19,7;31,4;28,7;21,7;19,2;60;52;55;;;;
2021/03/21;1900 UTC;0;940,2;940,7;940,2;1726,1;30,1;19,8;31,6;29,2;21;18,7;58;49;54;;;;
2021/03/21;2000 UTC;0;939,9;940,2;939,8;1595,3;30,5;19,5;31,4;30,2;20,5;18,7;55;49;52;;;;
2021/03/21;2100 UTC;0;940;940;939,8;603,7;28,3;19,3;30,6;28,3;20,1;18,6;59;50;58;;;;
2021/03/21;2200 UTC;0;940,3;940,3;940;39,7;26,3;19,1;28,3;26,3;19,7;18,7;65;58;65;;;;
2021/03/21;2300 UTC;0;940,6;940,7;940,3;;25,6;19,4;26,3;25,6;19,4;18,9;68;65;68;;;;
2021/03/22;0000 UTC;0;941,2;941,2;940,6;;25,7;19,5;26,6;25,5;19,7;19,3;70;64;69;;;;
2021/03/22;0100 UTC;0;941,7;941,8;941,2;;25;19,5;25,7;25;19,9;19,4;72;68;71;;;;
2021/03/22;0200 UTC;0;941,7;941,8;941,6;;24,4;19,6;25,5;24,4;19,8;19,5;75;70;75;;;;
2021/03/22;0300 UTC;0;941,5;941,8;941,4;;23,5;19,6;24,4;23,4;19,7;19,4;80;74;79;;;;
2021/03/22;0400 UTC;0;941,2;941,5;941,2;;23;19,5;23,5;23;19,7;19,4;80;78;80;;;;
2021/03/22;0500 UTC;0;940,7;941,2;940,7;;22,7;19,7;23;22,6;19,7;19,5;83;80;83;;;;
2021/03/22;0600 UTC;0;939,9;940,7;939,9;;23,3;19,6;23,3;22,4;19,7;19,5;84;80;80;;;;
2021/03/22;0700 UTC;0;939,4;939,9;939,4;;24,8;16,8;25;23,3;19,6;16,8;80;61;61;;;;
2021/03/22;0800 UTC;0;939,5;939,5;939,4;;24,7;16,3;24,9;24,7;16,8;16,2;61;59;60;;;;
2021/03/22;0900 UTC;0;940,1;940,1;939,5;;24,4;16;24,7;24,3;16,3;16;60;59;59;;;;
2021/03/22;1000 UTC;0;940,8;940,8;940;22,6;24,4;16,1;24,6;24,1;16,1;15,9;61;58;60;;;;
2021/03/22;1100 UTC;0;941,6;941,6;940,8;568,2;25,7;16,7;25,7;24,3;16,8;16,1;61;58;58;;;;
2021/03/22;1200 UTC;0;942,3;942,3;941,6;1456,8;26,9;16,9;26,9;25,6;17;16,2;58;54;54;;;;
2021/03/22;1300 UTC;0;942,5;942,5;942,3;2268,6;27,3;17,7;27,6;26,6;18,1;16,6;57;53;56;;;;
2021/03/22;1400 UTC;0;942,2;942,5;942,2;2900,2;29,4;17,8;29,6;27,3;19,2;17,4;58;50;50;;;;
2021/03/22;1500 UTC;0;941,7;942,2;941,7;3308,2;30;17,9;30,5;28,9;18,7;16,3;52;44;48;;;;
2021/03/22;1600 UTC;0;941;941,7;941;3300,5;29,2;18,2;30,8;29,1;18,5;16,7;52;44;52;;;;
2021/03/22;1700 UTC;0;940,3;941;940,3;3404,9;30,9;17;31,7;29,3;19;16,3;52;41;43;;;;
2021/03/22;1800 UTC;0;939,6;940,3;939,5;2821,4;30,6;17,1;31,4;30,1;18,6;15,6;48;42;45;;;;
2021/03/22;1900 UTC;0;939,1;939,6;939;2181,1;30,9;17,1;31,2;29,8;18,6;16,8;49;43;44;;;;
2021/03/22;2000 UTC;0;938,9;939,1;938,7;1637;30,6;17,3;31,4;30,6;17,9;16,5;46;42;45;;;;
2021/03/22;2100 UTC;0;938,6;938,9;938,6;601,7;28,9;16,6;30,9;28,9;17,6;16,3;49;44;47;;;;
2021/03/22;2200 UTC;0;938,8;938,9;938,5;32,1;27,9;16,3;29;27,8;17,5;16,2;52;47;49;;;;
2021/03/22;2300 UTC;0;939,5;939,5;938,8;;26;16,8;27,9;26;17;16,2;57;49;57;;;;
2021/03/23;0000 UTC;0;940,1;940,1;939,5;;25,4;17,1;26;25,3;17,1;16,8;60;57;60;;;;
2021/03/23;0100 UTC;0;940,9;940,9;940,1;;24,9;17;25,5;24,9;17,1;16,8;62;59;62;;;;
2021/03/23;0200 UTC;0;941;941;940,8;;24,5;17,1;24,9;24,1;17,3;16,8;65;61;64;;;;
2021/03/23;0300 UTC;0;940,8;941;940,8;;24,3;17,1;24,6;24,3;17,2;16,9;64;62;64;;;;
2021/03/23;0400 UTC;0;940,7;940,8;940,6;;23,5;17,5;24,3;23,5;17,5;16,9;69;64;69;;;;
2021/03/23;0500 UTC;0;940,5;940,9;940,4;;23,4;19,1;23,5;20,8;19,1;17,6;84;69;77;;;;
2021/03/23;0600 UTC;0;940,1;940,5;940,1;;22,7;19,8;23,4;22,3;20;19;86;77;84;;;;
2021/03/23;0700 UTC;0;939,8;940,2;939,7;;22,2;20;22,8;22,2;20,2;19,8;88;84;88;;;;
2021/03/23;0800 UTC;0;939,9;939,9;939,7;;22;19,9;22,3;21,8;20,1;19,9;89;87;88;;;;
2021/03/23;0900 UTC;0;940,3;940,4;939,9;;21,7;19,5;22,2;21,6;20;19,4;89;85;87;;;;
2021/03/23;1000 UTC;0;940,6;940,6;940,3;18,4;21,7;19,2;21,9;21,4;19,5;19,2;88;86;86;;;;
2021/03/23;1100 UTC;0;941,2;941,2;940,6;496,6;22,9;19;23;21,7;19,4;19;86;78;78;;;;
2021/03/23;1200 UTC;0;941,5;941,5;941,2;1430,6;25,7;19,3;25,8;22,9;19,7;18,9;79;67;68;;;;
2021/03/23;1300 UTC;0;941,7;941,7;941,4;1800;27,3;20,2;27,5;25,5;20,5;18,8;68;64;65;;;;
2021/03/23;1400 UTC;0;941,6;941,9;941,5;1789;29,4;20,7;29,7;26,4;21,9;19,4;72;60;60;;;;
2021/03/23;1500 UTC;0;941,3;941,6;941,3;1498;28,8;19,7;29,4;27,9;22,5;19,7;71;58;58;;;;
2021/03/23;1600 UTC;0;940,7;941,3;940,7;1977,4;29,9;21,1;29,9;28,8;21,1;17,9;62;50;59;;;;
2021/03/23;1700 UTC;0;940;940,8;940;2531,6;30,2;19,3;31;29,9;21,8;18,8;61;49;52;;;;
2021/03/23;1800 UTC;0;939,3;940;939,3;1958,3;30;20,3;31;29;21,5;18,5;64;48;56;;;;
2021/03/23;1900 UTC;0;938,6;939,3;938,6;2121,3;31,6;17,8;31,9;29,6;20,8;17,6;58;43;44;;;;
2021/03/23;2000 UTC;0;938,5;938,6;938,4;1565,5;31,2;19;31,7;30,5;20,1;17,7;54;44;48;;;;
2021/03/23;2100 UTC;0;938,5;938,6;938,4;464,2;28,3;17,7;31,2;28,3;19,5;17,7;54;47;53;;;;
2021/03/23;2200 UTC;0;938,7;938,8;938,5;34,8;26,4;17,9;28,3;26,4;18,2;17,7;60;52;60;;;;
2021/03/23;2300 UTC;0;939,3;939,3;938,6;;25,5;17,8;26,4;25,5;18,1;17,7;63;60;62;;;;
2021/03/24;0000 UTC;0;939,8;939,9;939,2;;25,2;17,8;25,5;25,2;18;17,7;64;62;64;;;;
2021/03/24;0100 UTC;0;940,1;940,1;939,8;;24,6;17,8;25,2;24,6;17,9;17,7;66;63;66;;;;
2021/03/24;0200 UTC;0;940,4;940,4;940,1;;24,2;18,2;24,6;24,2;18,3;17,8;69;66;69;;;;
2021/03/24;0300 UTC;0;940,2;940,4;940,2;;24;18,2;24,3;24;18,4;18,1;71;69;70;;;;
2021/03/24;0400 UTC;0;939,9;940,2;939,8;;23,9;18;24,3;23,8;18,2;17,9;71;69;70;;;;
2021/03/24;0500 UTC;0;939,8;940,1;939,8;;23,7;18,4;23,9;23,7;18,6;18;73;70;72;;;;
2021/03/24;0600 UTC;0;939,4;939,8;939,4;;23,4;18,3;23,7;23,3;18,6;18,3;74;72;73;;;;
2021/03/24;0700 UTC;0;939,1;939,4;939;;22,9;18,6;23,4;22,4;18,9;18,3;78;73;76;;;;
2021/03/24;0800 UTC;0;939,2;939,3;939,1;;23,5;19,2;23,9;22,9;19,2;18,5;77;72;77;;;;
2021/03/24;0900 UTC;0;940;940;939,2;;22,9;19,8;23,6;22,3;19,9;19,2;85;77;83;;;;
2021/03/24;1000 UTC;0;940,7;940,7;940;14,9;22,4;20;22,9;22,2;20,1;19,7;87;83;87;;;;
2021/03/24;1100 UTC;0;941,4;941,4;940,7;363,9;23,2;20,3;23,3;22,2;20,4;20;88;83;84;;;;
2021/03/24;1200 UTC;0;942;942;941,4;1367,3;25,7;20,4;26;23,1;21,1;20,1;84;72;72;;;;
2021/03/24;1300 UTC;0;942;942,1;942;2020,7;26,6;20,5;27,4;25,7;21;20;74;66;70;;;;
2021/03/24;1400 UTC;0;941,8;942,1;941,8;2792;30,1;21,3;30,2;26,6;21,8;20,4;70;59;59;;;;
2021/03/24;1500 UTC;0;941,5;941,9;941,5;3240,3;30,1;19,7;30,6;29,5;21,7;19,4;60;53;54;;;;
2021/03/24;1600 UTC;0;940,9;941,5;940,9;3342,6;31,2;20,3;31,2;30;21,3;19,7;58;51;53;;;;
2021/03/24;1700 UTC;0;939,9;940,9;939,9;3287,4;31,6;18,8;32,1;30,6;21,1;16,7;55;40;47;;;;
2021/03/24;1800 UTC;0;939,2;939,9;939,1;1679,3;31,2;20,7;32,1;29,4;20,9;18,5;59;45;54;;;;
2021/03/24;1900 UTC;0;938,8;939,2;938,8;1460,6;31,1;19;31,7;30;21,3;18,7;56;47;49;;;;
2021/03/24;2000 UTC;0;938,3;938,8;938,3;1167,7;29,4;19,9;31,5;29,4;20,3;18,8;57;48;56;;;;
2021/03/24;2100 UTC;0;938,5;938,6;938,3;480,6;28,3;19,5;31,3;28,3;21,4;18,5;59;50;59;;;;
2021/03/24;2200 UTC;0;938,7;938,7;938,5;33,7;27,1;17,8;28,9;27,1;19,7;17,6;61;51;57;;;;
2021/03/24;2300 UTC;0;939;939;938,7;;26,3;18,1;27,1;26,3;18,1;17,5;61;57;61;;;;
2021/03/25;0000 UTC;0;939,5;939,6;939;;25,3;18,6;26,3;25,3;18,6;17,7;67;61;67;;;;
2021/03/25;0100 UTC;0;940,6;940,6;939,5;;23,9;19,3;25,5;23,9;19,6;18,1;76;64;76;;;;
2021/03/25;0200 UTC;0;940,7;940,8;940,6;;23,9;17,5;24,6;23,7;19,4;17,1;76;64;67;;;;
2021/03/25;0300 UTC;0;940,6;940,9;940,6;;21,8;17,9;23,9;21,4;18,2;17,4;82;67;79;;;;
2021/03/25;0400 UTC;0;940,2;940,6;940,2;;21,9;17;22,5;21,7;17,7;17;79;71;74;;;;
2021/03/25;0500 UTC;0;940,1;940,2;940;;21,5;18,2;22,2;21,4;18,3;17,1;82;73;82;;;;
2021/03/25;0600 UTC;0;939,7;940;939,7;;21,2;19,2;21,8;21,2;19,3;18,3;89;82;89;;;;
2021/03/25;0700 UTC;0;939,7;939,7;939,6;;21,6;19,8;22;21,1;19,8;19,1;90;86;89;;;;
2021/03/25;0800 UTC;0;939,8;939,8;939,6;;21,7;19,6;21,9;21,5;20;19,6;91;87;88;;;;
2021/03/25;0900 UTC;0;940,2;940,2;939,8;;21,5;19,1;21,9;21,4;19,7;19,1;90;84;86;;;;
2021/03/25;1000 UTC;0;940,7;940,8;940,2;19,1;21,4;18,9;21,6;21,1;19,2;18,9;88;85;86;;;;
2021/03/25;1100 UTC;0;941,3;941,3;940,7;526,7;22,5;18,9;22,5;21,4;19,4;18,7;86;79;80;;;;
2021/03/25;1200 UTC;0;941,9;941,9;941,2;1345,8;24,6;18,8;25,2;22,5;19,9;18,6;80;69;70;;;;
2021/03/25;1300 UTC;0;941,7;942;941,7;2189,3;26,4;19;26,6;24,4;19,9;18,6;74;63;64;;;;
2021/03/25;1400 UTC;0;941,6;941,8;941,5;2827,6;29,4;19,8;29,5;26,4;20,9;18,9;65;56;56;;;;
2021/03/25;1500 UTC;0;941,2;941,6;941,2;3207,5;30;20,1;30,8;29;20,9;19,2;60;52;55;;;;
2021/03/25;1600 UTC;0;940,4;941,2;940,4;3368,7;30,3;19,9;30,7;29,7;20,7;19,3;57;51;54;;;;
2021/03/25;1700 UTC;0;939,6;940,4;939,5;3274,2;31,6;19,9;31,8;30,3;20,9;19,2;56;48;50;;;;
2021/03/25;1800 UTC;0;939;939,6;938,9;2804,8;31,5;19,8;32;30,7;20,8;19,1;53;46;50;;;;
2021/03/25;1900 UTC;0;938,5;939;938,5;2117,4;30,8;19,5;32,8;30,2;20,4;18,7;52;44;51;;;;
2021/03/25;2000 UTC;0;938,4;938,6;938,4;1546,5;30,7;19,1;31,8;30,5;20;18;51;46;50;;;;
2021/03/25;2100 UTC;0;938,5;938,5;938,4;544,8;29,6;18,6;30,7;29,3;19,1;18,4;54;49;52;;;;
2021/03/25;2200 UTC;0;938,7;938,7;938,5;31;27,2;18,6;29,6;27,2;19;18,4;60;51;60;;;;
2021/03/25;2300 UTC;0;939,1;939,1;938,7;;26,9;18,3;27,2;26,4;18,8;18,3;63;60;60;;;;
2021/03/26;0000 UTC;0;939,9;939,9;939,1;;27,1;19,1;27,2;26,2;19,1;18,4;65;59;62;;;;
2021/03/26;0100 UTC;0;940,5;940,5;939,9;;25,4;19,4;27,2;25,3;19,4;19,1;70;62;69;;;;
2021/03/26;0200 UTC;0;940,7;940,9;940,4;;25,5;19,6;26,2;25,2;19,6;19,2;70;65;70;;;;
2021/03/26;0300 UTC;0;940,5;940,8;940,5;;25,1;19,8;25,6;24,9;19,9;19,5;73;70;72;;;;
2021/03/26;0400 UTC;0;940,1;940,5;940;;24,4;19,8;25,2;24,2;19,9;19,6;76;72;76;;;;
2021/03/26;0500 UTC;0;939,7;940,1;939,6;;23,7;19,9;24,5;23,7;19,9;19,8;79;75;79;;;;
2021/03/26;0600 UTC;0;939,2;939,7;939,2;;23,4;19,8;23,8;23,4;19,9;19,8;80;79;80;;;;
2021/03/26;0700 UTC;0;939;939,3;938,9;;23,2;19,7;23,5;23,1;19,8;19,7;81;80;81;;;;
2021/03/26;0800 UTC;0;938,8;939;938,8;;22,8;19,8;23,2;22,6;19,9;19,7;84;81;83;;;;
2021/03/26;0900 UTC;0;938,9;938,9;938,7;;22,6;19,7;22,9;22,5;19,8;19,6;84;82;84;;;;
2021/03/26;1000 UTC;0;939,5;939,5;938,9;22,7;22,5;19,7;22,6;22,3;19,7;19,6;85;83;84;;;;
2021/03/26;1100 UTC;0;940,1;940,1;939,5;534;24,3;20;24,3;22,5;20,2;19,7;84;77;77;;;;
2021/03/26;1200 UTC;0;940,5;940,5;940,1;1335,9;26,2;20,7;26,2;24,2;20,7;19,9;78;71;72;;;;
2021/03/26;1300 UTC;0;940,4;940,5;940,3;2132;28,3;20,2;28,3;26,2;20,8;19,9;72;62;62;;;;
2021/03/26;1400 UTC;0;940,1;940,4;940;2759,7;29,9;20,1;30,4;28,2;21,6;19,8;63;55;56;;;;
2021/03/26;1500 UTC;0;939,7;940,1;939,7;3143,6;31,2;20;31,3;29,7;21;19,6;59;52;52;;;;
2021/03/26;1600 UTC;0;939;939,8;939;3343;32,2;20,6;32,8;30,8;21,3;19,5;55;47;50;;;;
2021/03/26;1700 UTC;0;938,2;939;938,2;1857,8;32,6;19,4;33;30,7;20,6;18,4;53;43;46;;;;
2021/03/26;1800 UTC;0;937;938,2;937;2860,1;33,3;20,1;33,9;31,6;20,6;17,5;49;40;46;;;;
2021/03/26;1900 UTC;0;936,9;937,1;936,7;1408;30,4;19,7;33,5;30,1;20,8;18,8;55;43;53;;;;
2021/03/26;2000 UTC;2,2;937;937,5;936,9;735,4;27,5;20,3;30,5;23,1;21,6;18,2;80;51;65;;;;
2021/03/26;2100 UTC;0;937,8;937,8;937;276,8;26;20,4;27,7;25,5;22,2;19,9;81;64;71;;;;
2021/03/26;2200 UTC;0;938;938,1;937,7;28,8;25,9;19,1;26;24,5;21,8;18,8;82;66;66;;;;
2021/03/26;2300 UTC;0;938,7;938,8;938;;25,3;19,3;26,9;25,3;19,3;18,7;70;61;70;;;;
2021/03/27;0000 UTC;0;939,2;939,2;938,7;;24,2;19,6;25,4;24,2;19,8;19,2;76;69;75;;;;
2021/03/27;0100 UTC;0;939,7;939,7;939,2;;23,3;19,4;24,2;23,2;19,8;19,3;79;76;79;;;;
2021/03/27;0200 UTC;0;939,9;940;939,6;;23,8;19,5;24;23,3;19,8;19,4;80;76;77;;;;
2021/03/27;0300 UTC;0;939,5;939,9;939,5;;23,9;19,3;24,9;23,6;19,6;19,1;78;70;76;;;;
2021/03/27;0400 UTC;0;938,9;939,5;938,9;;23,8;18,7;23,9;23,3;19,4;18,7;78;73;73;;;;
2021/03/27;0500 UTC;0;938,5;939;938,5;;23,6;18,8;24,4;23,5;19;18,5;75;70;75;;;;
2021/03/27;0600 UTC;0;938,2;938,6;938,2;;21,1;19,7;23,6;21;20;18,7;93;75;92;;;;
2021/03/27;0700 UTC;0;937,6;938,2;937,6;;21,4;19,3;21,6;21;19,7;19,3;92;88;88;;;;
2021/03/27;0800 UTC;0;937,6;937,7;937,5;;22,1;18,5;23;21,4;19,2;18,4;88;76;80;;;;
2021/03/27;0900 UTC;0;938;938;937,5;;22,4;19;22,5;21,4;19,1;18,5;84;79;81;;;;
2021/03/27;1000 UTC;0;938,4;938,4;938;19;22,4;19,5;22,4;20,9;19,5;18,9;89;82;84;;;;
2021/03/27;1100 UTC;0;938,8;938,8;938,3;493,9;25,1;19,7;25,1;22,4;19,9;19,4;84;71;72;;;;
2021/03/27;1200 UTC;0;939,5;939,5;938,8;1352,9;27,3;18,7;27,3;25,1;19,8;18,5;73;59;60;;;;
2021/03/27;1300 UTC;0;939,7;939,7;939,5;2133,6;28,5;19,1;28,7;27,3;19,8;18,7;61;57;57;;;;
2021/03/27;1400 UTC;0;939,8;939,8;939,6;2727;29,1;19,8;29,4;28,4;20,9;19;62;56;58;;;;
2021/03/27;1500 UTC;0;939,6;939,9;939,6;3161,9;30,8;21,1;30,8;28,9;21,1;19;58;54;56;;;;
2021/03/27;1600 UTC;0;939;939,7;939;2843,7;31,2;20,1;31,9;29,7;21,5;18,5;58;48;52;;;;
2021/03/27;1700 UTC;0;937,7;939;937,7;3180,5;32,3;19,5;32,6;30,8;21,6;18,8;55;46;47;;;;
2021/03/27;1800 UTC;0;937,1;937,7;937,1;2855,1;32,6;19,3;32,9;31,5;21;18,1;51;44;46;;;;
2021/03/27;1900 UTC;0;936,8;937,1;936,8;1945;29,7;20,2;32,8;29,7;21,2;19;59;45;57;;;;
2021/03/27;2000 UTC;0;937,6;937,7;936,8;609,6;25,6;20;29,7;25,6;20,2;19,2;71;56;71;;;;
2021/03/27;2100 UTC;0;937,4;937,6;937,3;271,7;24,9;19,6;25,6;24,9;20,5;19,2;74;68;72;;;;
2021/03/27;2200 UTC;0;938;938;937,3;29,3;23,7;19,5;24,9;23,7;19,6;19,1;78;71;78;;;;
2021/03/27;2300 UTC;9,4;938,7;939,3;938;;20,6;19,9;25,3;20,6;20;18,3;96;68;96;;;;
2021/03/28;0000 UTC;,8;939,1;939,2;938,3;;21;19,8;21,6;20,3;20,2;19,3;96;88;93;;;;
2021/03/28;0100 UTC;0;938,8;939,1;938,8;;20,9;20,3;21,1;20,5;20,5;19,7;98;92;96;;;;
2021/03/28;0200 UTC;0;939;939;938,8;;21,8;19;21,8;20,7;20,3;19;96;84;84;;;;
2021/03/28;0300 UTC;0;939,2;939,2;939;;23;19;23,1;21,4;19,5;18,6;89;76;78;;;;
2021/03/28;0400 UTC;0;939;939,5;939;;21;19,7;23;20,9;20,2;19;95;78;92;;;;
2021/03/28;0500 UTC;0;938,9;939;938,8;;21,8;18,8;21,8;20,9;19,7;18,8;93;83;83;;;;
2021/03/28;0600 UTC;0;938,4;938,9;938,3;,6;21,4;18,4;22,1;21,4;18,9;18,4;84;81;83;;;;
2021/03/28;0700 UTC;0;937,8;938,3;937,8;;21;18,1;21,4;20,8;18,5;18,1;86;83;83;;;;
2021/03/28;0800 UTC;0;937,9;937,9;937,8;;21,2;17,6;21,5;20,9;18,1;17,5;84;78;80;;;;
2021/03/28;0900 UTC;0;937,9;937,9;937,8;;21;17,1;21,3;21;17,6;17,1;81;78;78;;;;
2021/03/28;1000 UTC;0;938,5;938,5;937,9;27,3;21,5;17,2;21,5;21;17,2;16,9;78;76;77;;;;
2021/03/28;1100 UTC;0;939,2;939,2;938,4;446,3;23;17,7;23;21,5;17,7;17,2;77;71;72;;;;
2021/03/28;1200 UTC;0;939,7;939,8;939,2;828,4;24,8;18,6;24,8;23;19,3;17,4;77;67;68;;;;
2021/03/28;1300 UTC;0;939,8;939,8;939,7;2141,6;27,6;19;27,6;24,7;19,8;18;68;58;60;;;;
2021/03/28;1400 UTC;0;939,7;939,9;939,7;2794,4;29,1;19,2;29,3;27,4;20,3;18,5;62;55;55;;;;
2021/03/28;1500 UTC;0;939,4;939,7;939,4;3159,3;29,9;19,7;30,6;28,6;22;18,3;62;52;54;;;;
2021/03/28;1600 UTC;0;938,7;939,4;938,7;3305,9;31,1;21,1;31,5;29,7;22;19,2;60;51;55;;;;
2021/03/28;1700 UTC;0;938;938,7;937,9;2972,2;30,9;20,4;32,1;30,8;21,6;19,3;57;49;53;;;;
2021/03/28;1800 UTC;0;937;938;937;2526,7;31,8;20;33,2;29,7;22,1;19,7;58;48;50;;;;
2021/03/28;1900 UTC;0;936,7;937,1;936,6;2226,2;32,4;18,8;33;31,3;21;18,2;52;44;45;;;;
2021/03/28;2000 UTC;0;936,2;936,7;936,2;1446,8;30,5;20,3;32,6;30,4;20,4;18,1;55;43;54;;;;
2021/03/28;2100 UTC;0;936,3;936,3;936,1;523,7;27,3;20,7;31,1;27,3;21;20;68;53;68;;;;
2021/03/28;2200 UTC;0;936,4;936,4;936,3;27,3;24,9;20;27,3;24,8;20,8;20;75;67;74;;;;
2021/03/28;2300 UTC;0;937,1;937,1;936,3;;24,7;19,4;25,1;24,7;20,1;19,3;75;71;72;;;;
2021/03/29;0000 UTC;0;937,8;937,8;937,1;;24,7;19;24,9;24,6;19,4;18,9;73;70;71;;;;
2021/03/29;0100 UTC;0;938,2;938,2;937,8;;24,8;18,6;24,9;24,7;19;18,6;71;69;69;;;;
2021/03/29;0200 UTC;0;938,3;938,4;938,2;;24,7;18,5;24,8;24,7;18,8;18,5;69;68;68;;;;
2021/03/29;0300 UTC;0;938,1;938,3;938,1;;24,4;18,2;24,8;24,4;18,5;18,1;69;67;68;;;;
2021/03/29;0400 UTC;0;938,1;938,3;938,1;;23,9;18,4;24,4;23,9;18,6;18,3;72;69;71;;;;
2021/03/29;0500 UTC;0;937,6;938,1;937,5;;23,8;18,2;24;23,7;18,4;18,1;72;70;71;;;;
2021/03/29;0600 UTC;0;937,3;937,6;937,3;;23,6;18,1;23,8;23,6;18,2;17,9;71;70;71;;;;
2021/03/29;0700 UTC;0;937,1;937,3;936,9;;23,3;17,9;23,7;23,3;18,1;17,8;73;70;72;;;;
2021/03/29;0800 UTC;0;937,1;937,1;937;;22,9;18;23,3;22,9;18,1;17,9;74;72;74;;;;
2021/03/29;0900 UTC;0;937,3;937,4;937;;22,9;18,1;23;22,8;18,2;18;75;74;74;;;;
2021/03/29;1000 UTC;0;937,8;937,8;937,3;14,1;23,6;18,1;23,6;22,7;18,4;18,1;76;71;71;;;;
2021/03/29;1100 UTC;0;938,7;938,7;937,8;508,4;26,5;18,7;26,9;23,6;20,3;17,8;71;61;62;;;;
2021/03/29;1200 UTC;0;939,5;939,5;938,7;1358,9;27,6;19,6;27,6;26,2;20,3;18,6;66;61;62;;;;
2021/03/29;1300 UTC;0;939,8;939,8;939,4;2142,5;28,6;20,2;29,1;27,3;21,7;19;67;58;60;;;;
2021/03/29;1400 UTC;0;939,6;939,8;939,6;2769,5;30,4;19,2;30,4;28,5;21,8;18;65;49;51;;;;
2021/03/29;1500 UTC;0;939,4;939,7;939,4;3114,5;31,7;18,5;31,7;30,1;19,9;17,1;54;43;46;;;;
2021/03/29;1600 UTC;0;938,5;939,4;938,5;2977,2;32,3;18,6;32,4;30,4;20,5;17,4;52;43;44;;;;
2021/03/29;1700 UTC;0;937,5;938,5;937,5;2957;32,7;18,1;32,7;30,6;19,7;17,1;49;40;42;;;;
2021/03/29;1800 UTC;0;936,7;937,5;936,7;1567,1;32;18,6;32,6;30,1;19,4;16,8;51;40;45;;;;
2021/03/29;1900 UTC;0;936,4;936,8;936,4;1969,3;30,9;19,3;32,3;30,7;20,6;16,5;52;40;50;;;;
2021/03/29;2000 UTC;0;936,4;936,6;936,3;671;29,1;18,9;30,9;29,1;19,9;18,9;56;50;54;;;;
2021/03/29;2100 UTC;0;936,9;936,9;936,4;155,8;25,1;19,6;29,1;25,1;20,3;18,8;72;54;72;;;;
2021/03/29;2200 UTC;0;937,6;937,7;936,8;20,3;24,2;18,1;25,1;24,2;19,3;18;72;68;69;;;;
2021/03/29;2300 UTC;0;938,1;938,2;937,6;;23,2;17,8;24,2;23,2;18,3;17,8;74;68;71;;;;
2021/03/30;0000 UTC;0;938,6;938,6;938,1;;21,6;18,4;23,3;21,6;18,5;17,8;82;71;82;;;;
2021/03/30;0100 UTC;0;938,3;938,7;938,3;;20,9;18,2;21,9;20,9;18,4;17,9;85;79;85;;;;
2021/03/30;0200 UTC;0;938;938,4;938;;19,8;18,4;20,9;19,8;18,4;18,2;92;85;92;;;;
2021/03/30;0300 UTC;0;937,6;938;937,6;;19,8;18,6;20,2;19,6;18,7;18,3;93;90;92;;;;
2021/03/30;0400 UTC;0;937,4;937,6;937,4;;20;18,3;20,1;19,8;18,7;18,2;93;89;90;;;;
2021/03/30;0500 UTC;0;937;937,4;937;;20,4;17,9;20,7;20;18,3;17,8;90;84;86;;;;
2021/03/30;0600 UTC;0;936,9;937;936,9;;19,4;18,1;20,4;19,4;18,2;17,8;92;85;92;;;;
2021/03/30;0700 UTC;0;936,4;936,9;936,4;;19,1;17,8;19,5;19,1;18,1;17,8;93;91;93;;;;
2021/03/30;0800 UTC;0;936,5;936,5;936,3;;19,3;17,5;19,3;19;17,9;17,5;93;90;90;;;;
2021/03/30;0900 UTC;0;936,8;936,8;936,5;;19,2;17,4;19,3;19,1;17,6;17,3;91;89;89;;;;
2021/03/30;1000 UTC;0;937,1;937,2;936,8;15,4;19,5;17,7;19,5;19,2;17,7;17,3;90;88;89;;;;
2021/03/30;1100 UTC;0;937,6;937,6;937,1;522,5;23,8;18,6;24,2;19,5;19,1;17,5;90;69;73;;;;
2021/03/30;1200 UTC;0;938,1;938,1;937,6;1379,2;25,9;17;26,5;23,8;19,1;17;72;58;58;;;;
2021/03/30;1300 UTC;0;938,2;938,3;938,1;2158,9;26,8;18,6;27,3;25,6;20,1;17,4;67;58;61;;;;
2021/03/30;1400 UTC;0;938,3;938,4;938,2;2876,6;28,1;19,7;28,1;26,5;20,2;18,4;67;57;60;;;;
2021/03/30;1500 UTC;0;937,9;938,3;937,8;3247;28,9;18,7;29;27,7;19,9;17,3;60;52;54;;;;
2021/03/30;1600 UTC;0;937,3;937,8;937,2;3333,7;29,4;18,2;30,2;28,4;20,2;18,1;58;50;51;;;;
2021/03/30;1700 UTC;0;936,6;937,3;936,6;3201,2;30,2;17,1;31,1;28,8;19,9;17,1;56;44;45;;;;
2021/03/30;1800 UTC;0;936;936,6;935,9;2779,1;30,3;16,7;31;30;18,7;16,7;49;44;44;;;;
2021/03/30;1900 UTC;0;935,7;936;935,7;2119,9;30;17,6;30,7;29,5;18,2;16,4;49;42;47;;;;
2021/03/30;2000 UTC;0;935,2;935,7;935,2;1276,8;28,9;18,5;30,8;28,7;18,7;17,1;54;46;53;;;;
2021/03/30;2100 UTC;0;935,3;935,3;935,1;488,8;27,4;17,6;29,4;27,4;18,5;17;55;50;55;;;;
2021/03/30;2200 UTC;0;935,5;935,5;935,3;22,4;25,2;17,7;27,4;25,2;18,1;17,6;63;55;63;;;;
2021/03/30;2300 UTC;0;936;936;935,5;;24,8;17,4;25,2;24,5;17,8;17,3;66;63;63;;;;
2021/03/31;0000 UTC;0;936,5;936,6;935,9;;21,7;17,7;24,9;21,7;17,8;17,3;78;63;78;;;;
2021/03/31;0100 UTC;0;936,6;936,6;936,5;;20,6;17,5;21,7;20,6;17,8;17,4;82;78;82;;;;
2021/03/31;0200 UTC;0;936,4;936,6;936,3;;20,5;17,4;20,9;20,3;17,5;17,2;83;80;83;;;;
2021/03/31;0300 UTC;0;936,2;936,4;936,2;;20,1;17,2;20,9;20,1;17,6;17,2;83;81;83;;;;
2021/03/31;0400 UTC;0;935,9;936,3;935,9;;19,9;17,4;20,2;19,8;17,5;17,3;86;83;86;;;;
2021/03/31;0500 UTC;0;935,6;935,9;935,5;;20,2;17,6;20,3;19,6;17,7;17,4;88;85;85;;;;
2021/03/31;0600 UTC;0;935,2;935,6;935,2;;19,3;17,6;20,2;19,3;17,6;17,5;90;85;90;;;;
2021/03/31;0700 UTC;0;934,9;935,2;934,9;;18,7;17,4;19,3;18,7;17,5;17,4;92;90;92;;;;
2021/03/31;0800 UTC;0;935;935;934,8;;18,4;17,4;18,7;18,3;17,5;17,2;94;92;94;;;;
2021/03/31;0900 UTC;0;935,3;935,3;935;;17,9;17,2;18,4;17,9;17,5;17,2;96;94;96;;;;
2021/03/31;1000 UTC;0;935,7;935,7;935,3;14,2;18;17,7;18;17,5;17,7;17;98;96;98;;;;
2021/03/31;1100 UTC;0;936,7;936,7;935,7;309,7;19,5;18,1;19,6;18;18,5;17,6;98;92;92;;;;
2021/03/31;1200 UTC;0;937,2;937,2;936,7;1175,4;20,5;18,3;22;19,3;19,7;17,8;93;83;87;;;;
2021/03/31;1300 UTC;0;937,2;937,2;937;2214,2;24,2;19,3;24,2;20,5;19,3;18,1;89;73;74;;;;
2021/03/31;1400 UTC;0;937,2;937,3;937,2;2806,9;26;18;26,1;23;20;17,7;76;61;61;;;;
2021/03/31;1500 UTC;0;936,6;937,2;936,6;3223,6;26,7;17,1;26,9;25;18,1;15,9;62;53;56;;;;
2021/03/31;1600 UTC;0;935,8;936,6;935,8;3235,1;28,1;18,3;28,1;26,5;19,3;16,6;60;53;55;;;;
2021/03/31;1700 UTC;0;935,2;935,8;935,2;2301,9;27,2;17,7;29;26,4;18,8;16;59;49;56;;;;
2021/03/31;1800 UTC;0;934,5;935,2;934,5;2029,2;27,7;17,5;29,7;26,5;18,9;15,8;58;46;54;;;;
2021/03/31;1900 UTC;0;934,2;934,6;934,2;1363,4;27;17,7;29;26,8;18,9;17,4;62;52;57;;;;
2021/03/31;2000 UTC;0;934;934,2;934;877,4;27,7;17,7;27,7;26;18,7;17,1;61;53;55;;;;
2021/03/31;2100 UTC;0;934,1;934,1;933,9;405,9;24,4;16,4;27,7;24,4;17,8;16,2;63;51;61;;;;
2021/03/31;2200 UTC;0;934,2;934,2;934;21,6;22,9;16,1;24,4;22,8;16,4;15,9;66;59;66;;;;
2021/03/31;2300 UTC;0;934,6;934,6;934,1;;21,8;15,5;22,9;21,8;16,2;15,4;67;65;67;;;;
2021/04/01;0000 UTC;0;935;935;934,6;;20,8;15,3;21,8;20,4;15,7;15,3;74;67;71;;;;
2021/04/01;0100 UTC;0;935;935;934,9;;21,5;14,3;22,5;20,7;15,3;14,3;71;60;64;;;;
2021/04/01;0200 UTC;0;935;935;934,9;;20,3;14,2;21,5;20,3;14,8;14,2;69;64;68;;;;
2021/04/01;0300 UTC;0;935;935;934,9;;20,5;13,6;21;19,9;14,4;13,6;69;65;65;;;;
2021/04/01;0400 UTC;0;935,1;935,1;934,9;;19,4;13,2;20,9;19,4;13,8;13,1;68;62;67;;;;
2021/04/01;0500 UTC;0;935,1;935,2;935;;18,6;13,6;19,4;18,1;13,7;13,2;75;67;73;;;;
2021/04/01;0600 UTC;0;934,9;935,1;934,9;;17,9;14;18,6;17,3;14;13,5;80;72;78;;;;
2021/04/01;0700 UTC;0;935;935,1;934,9;;17,3;14;17,9;16,8;14,3;13,9;84;78;81;;;;
2021/04/01;0800 UTC;0;935,3;935,4;935;;17,1;13,7;17,4;16,7;14;13,6;83;79;80;;;;
2021/04/01;0900 UTC;0;935,8;935,8;935,3;;16,7;13,6;17,2;16,6;13,7;13,6;83;80;82;;;;
2021/04/01;1000 UTC;0;936,4;936,4;935,8;15,6;16,9;13,6;16,9;16,3;13,6;13,5;84;81;81;;;;
2021/04/01;1100 UTC;0;937,2;937,2;936,4;527,7;18,6;13,4;18,6;16,8;13,9;13,3;82;72;72;;;;
2021/04/01;1200 UTC;0;938,1;938,1;937,2;1337,8;19,7;13,4;20,3;18,4;14;12,9;74;65;67;;;;
2021/04/01;1300 UTC;0;938,2;938,3;938,1;2041,5;22,1;13,8;22,1;19,7;14,5;13,2;68;59;60;;;;
2021/04/01;1400 UTC;0;938,1;938,3;938,1;2760,9;23,6;14,3;24,1;22;15;13,6;62;54;56;;;;
2021/04/01;1500 UTC;0;938,1;938,3;938,1;3031,6;25,4;14,4;25,6;23,4;15,7;14,1;58;50;51;;;;
2021/04/01;1600 UTC;0;937,3;938,1;937,3;2886,3;25,9;14,6;26,5;24,8;16;13,5;54;47;50;;;;
2021/04/01;1700 UTC;0;936,6;937,3;936,6;2574,9;26,8;16,3;27,4;25,6;16,6;14,1;54;48;53;;;;
2021/04/01;1800 UTC;0;936,1;936,6;936,1;2027,8;27;16,9;27;25,8;16,9;14,2;56;47;54;;;;
2021/04/01;1900 UTC;0;935,9;936,1;935,8;1922,2;27,7;14,4;27,8;26,1;16,4;13,8;54;44;44;;;;
2021/04/01;2000 UTC;0;935,9;935,9;935,7;1060;25,3;15,8;27,7;25,2;16,2;13,3;58;42;56;;;;
2021/04/01;2100 UTC;0;936,1;936,2;935,9;450,3;22,8;14,3;25,6;22,8;16,1;14;61;50;59;;;;
2021/04/01;2200 UTC;0;936,3;936,3;936;22,2;21,9;14,1;22,8;21,9;14,5;13,8;62;58;61;;;;
2021/04/01;2300 UTC;0;936,7;936,7;936,2;;21,4;14,6;22;21,3;14,6;13,9;66;60;66;;;;
2021/04/02;0000 UTC;0;937,5;937,5;936,7;;20,3;13,1;21,4;20,1;14,7;13,1;69;62;63;;;;
2021/04/02;0100 UTC;0;937,3;937,6;937,3;;20,1;12;20,4;19,4;13,2;12;65;60;60;;;;
2021/04/02;0200 UTC;0;938;938;937,3;;19,2;11,7;20,2;19,2;12,1;11,6;62;58;62;;;;
2021/04/02;0300 UTC;0;938,3;938,3;937,9;;18,8;12,1;19,8;18,7;12,3;11,5;66;59;65;;;;
2021/04/02;0400 UTC;0;938,3;938,4;938,2;;18,4;12,7;19,3;18,3;12,7;12,1;70;64;70;;;;
2021/04/02;0500 UTC;0;938,5;938,5;938,3;;17,8;12,8;18,4;17,8;12,9;12,7;73;69;73;;;;
2021/04/02;0600 UTC;0;938,4;938,5;938,2;;16,9;13,1;17,8;16,9;13,1;12,7;78;72;78;;;;
2021/04/02;0700 UTC;0;938,5;938,6;938,4;;16,7;13,2;17,1;16,6;13,2;13;80;77;80;;;;
2021/04/02;0800 UTC;0;938,6;938,7;938,5;;16,6;13,3;16,9;16,4;13,4;13,2;82;79;81;;;;
2021/04/02;0900 UTC;0;939,2;939,3;938,6;;16;13,5;16,7;15,9;13,7;13,2;86;80;85;;;;
2021/04/02;1000 UTC;0;940;940;939,2;23,2;16,3;13,9;16,3;15,8;13,9;13,5;87;84;85;;;;
2021/04/02;1100 UTC;0;940,6;940,6;939,9;432,9;18,4;14,5;18,4;16,3;14,5;13,8;85;77;78;;;;
2021/04/02;1200 UTC;0;941,3;941,3;940,6;1360,5;20,6;14,8;21;18,1;15,4;13,9;78;67;70;;;;
2021/04/02;1300 UTC;0;941,6;941,6;941,3;2201,8;22,9;15,6;22,9;20,6;15,9;14,5;70;63;64;;;;
2021/04/02;1400 UTC;0;941,3;941,6;941,3;2673,7;23,8;15,1;24,7;22,8;16,5;15;66;57;58;;;;
2021/04/02;1500 UTC;0;940,7;941,3;940,7;3174,7;25,3;14,7;25,7;23,6;16,3;14;61;49;52;;;;
2021/04/02;1600 UTC;0;940,3;940,8;940,3;3408,9;26,6;13,8;27,6;25,1;15,9;12,9;53;43;45;;;;
2021/04/02;1700 UTC;0;939,7;940,3;939,7;3298,3;27,6;15,3;27,9;26,2;15,7;12,7;50;40;47;;;;
2021/04/02;1800 UTC;0;939,2;939,7;939,2;2920;27,6;13,4;28,2;26,4;15,3;12;48;37;42;;;;
2021/04/02;1900 UTC;0;938,6;939,1;938,6;2315,2;27,3;12,4;28,3;27,1;14;12,2;44;37;40;;;;
2021/04/02;2000 UTC;0;938,7;938,7;938,5;1521,9;26,4;12,4;28,2;26,3;13,9;11,5;43;37;42;;;;
2021/04/02;2100 UTC;0;938,8;938,8;938,6;434,3;23,7;12,2;26,4;23,7;12,9;11,6;49;41;48;;;;
2021/04/02;2200 UTC;0;938,7;938,8;938,6;16,4;21,9;12,6;23,7;21,9;12,7;12,1;55;48;55;;;;
2021/04/02;2300 UTC;0;939,3;939,3;938,7;;21,9;12,9;22,1;21,4;13,1;12,6;58;55;57;;;;
2021/04/03;0000 UTC;0;940,1;940,1;939,3;;20,6;12,4;21,9;20,4;13;12,4;61;57;59;;;;
2021/04/03;0100 UTC;0;940,6;940,6;940,1;;19,6;12,6;20,7;19,6;12,6;12,3;64;59;64;;;;
2021/04/03;0200 UTC;0;940,9;940,9;940,6;;20,6;12,7;20,7;19,6;12,7;12,5;65;60;61;;;;
2021/04/03;0300 UTC;0;940,8;940,9;940,7;;18,9;13,6;20,8;18,9;13,6;12,7;71;61;71;;;;
2021/04/03;0400 UTC;0;940,8;940,8;940,6;;18,4;13,7;19,2;18,4;13,8;13,5;74;71;74;;;;
2021/04/03;0500 UTC;0;940,4;940,8;940,4;;17,4;13,6;18,5;17,4;13,8;13,4;78;74;78;;;;
2021/04/03;0600 UTC;0;940;940,4;939,9;;16,8;13,4;17,9;16,8;13,7;13,3;81;76;81;;;;
2021/04/03;0700 UTC;0;940;940,1;939,9;;16,8;13,5;17,5;16,8;13,7;13,3;81;77;81;;;;
2021/04/03;0800 UTC;0;940;940;939,9;;16,1;13,4;16,9;15,9;13,6;13,3;86;80;84;;;;
2021/04/03;0900 UTC;0;940,5;940,5;939,9;;16,2;13,2;16,7;15,8;13,5;13,2;85;81;83;;;;
2021/04/03;1000 UTC;0;940,9;941;940,5;14,8;16;13;16,8;15,8;13,3;13;84;79;83;;;;
2021/04/03;1100 UTC;0;941,6;941,6;941;524,2;18,8;13,1;18,8;16;13,7;13;83;70;70;;;;
2021/04/03;1200 UTC;0;942,1;942,1;941,5;1400,6;20,7;13,8;20,8;18,8;14,4;12,9;72;65;65;;;;
2021/04/03;1300 UTC;0;942,5;942,6;942;2211,1;23,5;15,3;23,6;20,6;15,5;13,7;67;56;60;;;;
2021/04/03;1400 UTC;0;942,5;942,6;942,5;2835,3;25,4;14;25,6;23,5;15,7;13,3;61;48;49;;;;
2021/04/03;1500 UTC;0;941,9;942,5;941,9;3227,2;27,1;13,4;27,4;25,4;15,7;11,8;50;39;43;;;;
2021/04/03;1600 UTC;0;941,1;941,9;941,1;3375,3;27,7;13,2;28,2;26,7;14,3;10,4;46;34;41;;;;
2021/04/03;1700 UTC;0;940,3;941,1;940,3;3248,6;29,2;13,5;29,2;27,3;14,3;10,2;41;33;38;;;;
2021/04/03;1800 UTC;0;939,7;940,3;939,6;2870,1;29;12,4;29,2;28,1;13,7;11,4;40;34;36;;;;
2021/04/03;1900 UTC;0;939,5;939,6;939,4;2147,7;28,9;13,8;29,1;27,9;14,3;12,1;42;35;39;;;;
2021/04/03;2000 UTC;0;939,2;939,5;939,2;1497,1;28;13,1;29,4;28;14,6;12,3;41;36;40;;;;
2021/04/03;2100 UTC;0;939,2;939,3;939,2;382,1;24,8;13;28,2;24,8;13,4;12,4;48;39;48;;;;
2021/04/03;2200 UTC;0;939,4;939,4;939,2;10,9;22,4;12,4;24,8;22,4;13;12,1;53;48;53;;;;
2021/04/03;2300 UTC;0;939,6;939,6;939,3;;21,2;12,8;22,4;20,5;12,9;12,3;61;53;59;;;;
2021/04/04;0000 UTC;0;940,1;940,1;939,6;;21,1;13,2;21,7;21,1;13,4;12,7;61;57;61;;;;
2021/04/04;0100 UTC;0;940,7;940,7;940,1;;21,8;13,1;21,8;21;13,5;13,1;62;58;58;;;;
2021/04/04;0200 UTC;0;941,1;941,1;940,6;;21,3;14,1;22,1;21,3;14,1;13,1;63;57;63;;;;
2021/04/04;0300 UTC;0;941,4;941,4;941,1;;19,9;15,7;21,3;19,9;15,7;14,1;77;63;77;;;;
2021/04/04;0400 UTC;0;941,3;941,4;941,3;;19,1;16,3;20;19,1;16,3;15,7;84;77;84;;;;
2021/04/04;0500 UTC;0;941,1;941,3;941;;18,3;16,5;19,1;18,3;16,5;16,2;89;84;89;;;;
2021/04/04;0600 UTC;0;940,5;941,1;940,5;;18,1;16,5;18,4;17,9;16,7;16,3;92;89;90;;;;
2021/04/04;0700 UTC;0;940,2;940,5;940,1;;18,2;16,3;18,5;18,1;16,6;16,1;91;87;89;;;;
2021/04/04;0800 UTC;0;940,1;940,2;940;;18,2;15,8;18,3;17,7;16,3;15,8;90;86;86;;;;
2021/04/04;0900 UTC;0;940,4;940,5;940;;18;15,8;18,3;17,5;15,9;15,5;89;85;87;;;;
2021/04/04;1000 UTC;0;941,1;941,1;940,4;9,6;18;15,6;18,3;17,9;15,9;15,5;87;85;86;;;;
2021/04/04;1100 UTC;0;941,7;941,8;941,1;552;19,4;16,1;19,6;17,9;16,3;15,6;86;80;81;;;;
2021/04/04;1200 UTC;0;942,1;942,1;941,7;1257,8;21,1;16,7;21,5;19;16,8;15,8;84;72;76;;;;
2021/04/04;1300 UTC;0;942,2;942,3;942,1;2285,2;24,8;17,1;24,8;21;17,5;16,1;76;62;62;;;;
2021/04/04;1400 UTC;0;942,1;942,2;942;2081,4;23;17;24,7;22,7;18;16,3;71;61;69;;;;
2021/04/04;1500 UTC;0;941,6;942,1;941,6;2572,2;25,9;17,3;26,2;23;18,4;16,4;70;59;59;;;;
2021/04/04;1600 UTC;0;940,8;941,6;940,8;3372,8;27;16,3;27,2;25;17,8;15,5;63;50;52;;;;
2021/04/04;1700 UTC;0;939,9;940,8;939,9;3276,1;28,5;15,1;29,2;26,8;17,9;15,1;55;43;44;;;;
2021/04/04;1800 UTC;0;939,3;939,9;939,3;2112,2;27,7;15,7;28,8;27;16,9;14,6;52;44;48;;;;
2021/04/04;1900 UTC;0;939;939,3;938,9;2107,1;27,9;15,6;28,5;27,6;16,6;14,4;51;43;47;;;;
2021/04/04;2000 UTC;0;938,7;939;938,7;1454,4;27,1;14,6;28;27,1;16,2;13,8;49;43;46;;;;
2021/04/04;2100 UTC;0;938,6;938,8;938,5;411;25,1;15,3;27,1;25,1;15,5;14,3;55;46;55;;;;
2021/04/04;2200 UTC;0;938,7;938,7;938,6;12,5;23,4;14,7;25,1;23,4;15,5;14,7;59;55;58;;;;
2021/04/04;2300 UTC;0;938,9;938,9;938,6;;22,9;14,1;23,4;22,7;14,8;14,1;60;57;58;;;;
2021/04/05;0000 UTC;0;940,1;940,1;938,9;;22;15,5;23,1;22;15,5;14,2;67;58;67;;;;
2021/04/05;0100 UTC;0;940,4;940,5;940;;20,7;16,2;22;20,6;16,2;15,5;76;67;76;;;;
2021/04/05;0200 UTC;0;940,2;940,5;940,2;;19,5;15,7;20,7;19,5;16,2;15,7;79;75;78;;;;
2021/04/05;0300 UTC;0;940,3;940,3;940,2;;19,1;15,2;19,7;19;15,7;15,2;79;77;78;;;;
2021/04/05;0400 UTC;0;940;940,3;940;;18,5;14,9;19,1;18,1;15,2;14,8;81;78;80;;;;
2021/04/05;0500 UTC;0;939,8;940,1;939,7;;17,8;14,7;18,5;17,8;14,9;14,7;82;79;82;;;;
2021/04/05;0600 UTC;0;939,6;939,9;939,6;;17,5;14,8;18;17,3;15;14,6;85;81;85;;;;
2021/04/05;0700 UTC;0;939,2;939,7;939,2;;17,1;15;17,6;17,1;15;14,8;87;84;87;;;;
2021/04/05;0800 UTC;0;939,3;939,4;939;;17,4;15,3;17,4;17;15,4;14,9;89;87;88;;;;
2021/04/05;0900 UTC;0;939,6;939,6;939,3;;16,9;15,4;17,4;16,8;15,5;15,2;91;87;91;;;;
2021/04/05;1000 UTC;0;940,7;940,7;939,6;7,9;16,5;15,5;16,9;16,4;15,5;15,3;94;91;94;;;;
2021/04/05;1100 UTC;0;941,4;941,4;940,7;486,5;19;16,3;19,1;16,5;16,4;15,6;94;83;84;;;;
2021/04/05;1200 UTC;0;942,1;942,1;941,4;1394,9;21,4;16,5;21,7;19;17,3;15,9;85;74;74;;;;
2021/04/05;1300 UTC;0;942,1;942,1;942;2169;23,1;17,1;23,3;21;17,6;16,1;76;69;69;;;;
2021/04/05;1400 UTC;0;942,1;942,3;942,1;2534,4;24,2;17,2;24,5;22,8;17,9;16,7;71;63;65;;;;
2021/04/05;1500 UTC;0;941,3;942,1;941,3;2853,4;26,7;18,5;26,7;24;18,5;16,8;66;59;61;;;;
2021/04/05;1600 UTC;0;940,4;941,3;940,4;3182,3;27,4;18,1;27,6;25,7;18,9;17,4;61;56;57;;;;
2021/04/05;1700 UTC;0;939,6;940,4;939,6;2545,7;27;18,2;28,5;26,4;19,6;17,9;62;55;59;;;;
2021/04/05;1800 UTC;0;938,5;939,6;938,4;1164,9;27,7;19,4;27,7;26,4;19,4;17,9;63;58;61;;;;
2021/04/05;1900 UTC;0;937,9;938,5;937,9;937,2;27;18,8;27,7;26,1;19,8;18,2;67;59;61;;;;
2021/04/05;2000 UTC;0;937,8;938;937,7;968;27,1;19,5;27,4;26,2;19,9;18,7;66;61;63;;;;
2021/04/05;2100 UTC;0;937,8;937,8;937,7;318,3;24,6;18,9;27,1;24,6;19,7;18,8;71;63;71;;;;
2021/04/05;2200 UTC;0;937,9;938;937,7;16,4;23,2;18,4;24,6;23,1;18,9;18,4;75;70;75;;;;
2021/04/05;2300 UTC;0;938,6;938,6;937,9;;23,9;18;24,1;23,2;18,5;18;75;69;70;;;;
2021/04/06;0000 UTC;0;939,2;939,2;938,6;;23,3;17,6;24;23,3;18;17,6;71;69;70;;;;
2021/04/06;0100 UTC;0;939,7;939,7;939,2;;21,2;17,7;23,4;21,2;17,7;17,4;80;70;80;;;;
2021/04/06;0200 UTC;0;939,8;939,9;939,7;;21,1;17,4;22,1;21,1;17,7;17,3;81;75;79;;;;
2021/04/06;0300 UTC;0;939,9;939,9;939,6;;21;17,1;21,4;20,7;17,3;17,1;80;77;78;;;;
2021/04/06;0400 UTC;0;939,6;939,9;939,3;;20,6;17;21,1;20,4;17,2;17;81;78;80;;;;
2021/04/06;0500 UTC;0;938,9;939,7;938,9;;20,1;16,9;20,7;20;17,1;16,9;82;80;82;;;;
2021/04/06;0600 UTC;0;938,6;938,9;938,5;;19,6;16,8;20,1;19,5;16,9;16,7;84;82;84;;;;
2021/04/06;0700 UTC;0;938,5;938,6;938,4;;19;16,7;19,7;19;16,8;16,6;86;83;86;;;;
2021/04/06;0800 UTC;0;938,6;938,6;938,2;;18,3;16,7;19;18;16,8;16,6;92;86;91;;;;
2021/04/06;0900 UTC;0;938,8;938,8;938,6;;17,7;16,6;18,3;17,6;16,7;16,5;93;91;93;;;;
2021/04/06;1000 UTC;0;939,3;939,3;938,8;14,1;17,5;16,6;17,8;17,3;16,6;16,4;95;92;95;;;;
2021/04/06;1100 UTC;0;940,2;940,2;939,3;473,6;19,7;17,5;19,8;17,5;17,5;16,6;95;84;87;;;;
2021/04/06;1200 UTC;0;940,7;940,7;940,2;1378,3;22,2;17,9;22,2;19,7;18,2;17,1;88;77;77;;;;
2021/04/06;1300 UTC;0;941,1;941,1;940,8;2089,9;23,8;18,1;24,7;21,8;19,5;17,4;79;68;71;;;;
2021/04/06;1400 UTC;0;940,8;941,1;940,8;2305,4;25;18,8;25,8;23,2;19,8;18;75;66;69;;;;
2021/04/06;1500 UTC;0;940,3;940,8;940,3;1669,2;26,4;20,1;26,4;24,7;20,4;18,4;72;65;68;;;;
2021/04/06;1600 UTC;0;939,3;940,3;939,3;2998,9;28,7;19,6;28,8;26,3;20,4;18,7;68;57;58;;;;
2021/04/06;1700 UTC;0;938,3;939,3;938,3;1484;28;19,8;28,7;27,1;20,2;19;65;57;61;;;;
2021/04/06;1800 UTC;0;937,8;938,3;937,7;2517,4;27,7;19,5;30,5;27,7;21,2;17,9;63;49;61;;;;
2021/04/06;1900 UTC;0;937,1;937,8;937,1;1528,6;28,3;18,5;29,9;27,3;20,3;18,4;64;53;56;;;;
2021/04/06;2000 UTC;0;937,6;937,6;937;1180;27,2;19,5;28,4;27,2;19,9;18,4;64;56;63;;;;
2021/04/06;2100 UTC;0;937,9;937,9;937,6;498,1;24,5;19,4;27,1;24,5;19,9;19;73;63;73;;;;
2021/04/06;2200 UTC;0;938,4;938,4;937,9;16,4;22,6;19,8;24,5;22,6;19,9;19,5;84;73;84;;;;
2021/04/06;2300 UTC;0;938,9;938,9;938,4;;22;19,6;22,7;21,9;19,8;19,6;87;84;86;;;;
2021/04/07;0000 UTC;0;939,6;939,6;938,9;;21,4;19,2;22;21,4;19,6;19,2;87;86;87;;;;
2021/04/07;0100 UTC;0;940,3;940,3;939,6;;21,3;19,2;21,6;21,3;19,3;19,1;88;86;88;;;;
2021/04/07;0200 UTC;0;940,4;940,6;940,3;;20,7;19,1;21,3;20,7;19,2;19,1;90;88;90;;;;
2021/04/07;0300 UTC;0;940,6;940,7;940,4;;19,8;18,9;20,8;19,7;19,1;18,6;94;90;94;;;;
2021/04/07;0400 UTC;0;940,5;940,7;940,4;;19,8;18,7;20,1;19,6;19;18,7;95;92;93;;;;
2021/04/07;0500 UTC;0;940;940,5;940;;19,3;18,6;19,8;19;18,8;18,4;96;93;96;;;;
2021/04/07;0600 UTC;0;939,7;940;939,7;;18,9;18,1;19,3;18,9;18,5;18,1;96;95;95;;;;
2021/04/07;0700 UTC;0;939,2;939,7;939,2;;18,8;17,9;18,9;18,6;18,2;17,7;96;94;94;;;;
2021/04/07;0800 UTC;0;939,2;939,3;939,1;;18,5;17,7;18,8;18,2;17,8;17,4;96;94;95;;;;
2021/04/07;0900 UTC;0;939,6;939,6;939,2;;18,4;17,4;18,6;18,1;17,7;17,3;95;93;94;;;;
2021/04/07;1000 UTC;0;940,3;940,3;939,6;10,7;18;17,1;18,4;17,9;17,4;17,1;95;94;94;;;;
2021/04/07;1100 UTC;0;941;941;940,3;423,7;19,3;17,3;19,7;18;17,7;16,9;94;86;88;;;;
2021/04/07;1200 UTC;0;941,8;941,8;941;1275,7;21,5;18,6;21,5;19,2;18,6;17,2;89;81;84;;;;
2021/04/07;1300 UTC;0;942;942,1;941,8;2068,1;22,8;17,9;23,2;21,4;18,8;17,7;84;73;74;;;;
2021/04/07;1400 UTC;0;942,1;942,2;942;2280,4;24,7;18,8;24,9;22,7;19,3;17,9;75;67;70;;;;
2021/04/07;1500 UTC;0;941,9;942,2;941,9;2170,9;26;18,5;26,2;23,7;19,2;18;73;62;63;;;;
2021/04/07;1600 UTC;0;941,2;941,9;941,1;2649,6;26,3;18,4;27,3;25,6;19,2;17,6;65;58;62;;;;
2021/04/07;1700 UTC;0;940,4;941,2;940,3;2258,4;25,5;17,6;28,1;25,5;18,9;17,1;63;54;62;;;;
2021/04/07;1800 UTC;0;939,9;940,4;939,9;1804,4;27,3;17,7;27,8;25,4;18,8;17,1;64;55;56;;;;
2021/04/07;1900 UTC;0;939,6;939,9;939,6;1571,4;26,4;17,9;28,1;26,2;18,6;17,2;62;52;60;;;;
2021/04/07;2000 UTC;0;939,6;939,8;939,6;1122,8;26,1;17,1;27,7;26,1;18,3;16,6;60;55;58;;;;
2021/04/07;2100 UTC;0;939,5;939,7;939,5;222;24,4;17,4;26,1;24,4;17,8;17,3;66;58;65;;;;
2021/04/07;2200 UTC;0;939,9;939,9;939,5;13,4;23,5;17,4;24,4;23,2;17,5;17,4;70;65;69;;;;
2021/04/07;2300 UTC;0;940,4;940,4;939,8;;22,8;17,5;23,5;22,7;17,5;17,4;72;69;72;;;;
2021/04/08;0000 UTC;0;941,1;941,1;940,4;;22,5;17,3;22,9;22,2;17,5;17,3;74;71;73;;;;
2021/04/08;0100 UTC;0;941,6;941,6;941,1;;21,2;17,2;22,5;21,2;17,3;17,1;78;73;78;;;;
2021/04/08;0200 UTC;0;941,8;941,9;941,6;;20,4;16,9;21,2;20,4;17,2;16,9;80;78;80;;;;
2021/04/08;0300 UTC;0;941,8;941,9;941,8;;19,9;16,6;20,4;19,9;16,9;16,6;82;80;81;;;;
2021/04/08;0400 UTC;0;942;942;941,8;;19,3;16,3;19,9;19,1;16,6;16,3;84;81;83;;;;
2021/04/08;0500 UTC;0;941,8;942;941,7;;19,3;16,1;19,4;19,2;16,3;16,1;83;81;82;;;;
2021/04/08;0600 UTC;0;941,7;941,9;941,6;;19;15,8;19,4;19;16,1;15,8;82;81;81;;;;
2021/04/08;0700 UTC;0;941,4;941,7;941,4;;18,7;15,6;19,2;18,7;15,8;15,5;82;80;82;;;;
2021/04/08;0800 UTC;0;941,6;941,7;941,4;;18,6;15,5;18,8;18,4;15,6;15,5;84;81;82;;;;
2021/04/08;0900 UTC;0;942,3;942,3;941,6;;18,2;15,4;18,7;18,1;15,6;15,4;84;82;84;;;;
2021/04/08;1000 UTC;0;942,9;942,9;942,2;9,8;18,7;15,4;18,7;18,2;15,4;15,3;84;81;81;;;;
2021/04/08;1100 UTC;0;943,4;943,5;942,9;454,9;20,2;15,6;20,2;18,7;15,8;15,4;81;75;75;;;;
2021/04/08;1200 UTC;0;943,9;944;943,4;1296,8;22,5;15,8;22,7;20,2;16,2;15,6;75;65;66;;;;
2021/04/08;1300 UTC;0;944,2;944,2;943,9;2087,1;24,8;16,9;24,8;22,4;16,9;15,5;66;60;62;;;;
2021/04/08;1400 UTC;0;944;944,3;943,9;2717;25,3;16,1;25,7;24,4;16,8;15,7;62;56;57;;;;
2021/04/08;1500 UTC;0;943,4;944;943,3;3107,8;26,7;16,6;27,1;25,3;16,9;15,8;57;51;54;;;;
2021/04/08;1600 UTC;0;942,7;943,4;942,7;3230,9;27,8;16,7;28,1;26,6;17,1;15,9;54;49;51;;;;
2021/04/08;1700 UTC;0;941,9;942,7;941,9;2918,9;28,4;16,9;28,5;26,9;17,8;16,2;54;49;50;;;;
2021/04/08;1800 UTC;0;941,4;941,9;941,4;2793,4;28,2;16,1;28,9;27,5;17,8;16,1;53;47;48;;;;
2021/04/08;1900 UTC;0;941,1;941,4;941,1;2184,8;29,1;16,3;29,5;27,7;17,5;15,9;51;45;46;;;;
2021/04/08;2000 UTC;0;941,1;941,2;941;1346,9;28,1;15,6;29,1;27,4;16,6;15,1;49;45;47;;;;
2021/04/08;2100 UTC;0;941,1;941,2;941;411,5;26,5;15,1;28,1;26,3;15,7;15;51;46;50;;;;
2021/04/08;2200 UTC;0;941,1;941,1;941;11,9;25,3;15,5;26,5;25,3;15,5;15,1;55;50;55;;;;
2021/04/08;2300 UTC;0;941,6;941,6;941,1;;24;16;25,4;24;16;15,6;61;55;61;;;;
2021/04/09;0000 UTC;0;942,2;942,2;941,6;;23,8;15,6;24,2;23,8;16,1;15,6;62;60;60;;;;
2021/04/09;0100 UTC;0;942,7;942,7;942,2;;23,8;14,8;24;23,6;15,5;14,8;60;57;57;;;;
2021/04/09;0200 UTC;0;943;943;942,7;;22,2;15,4;23,8;22,1;15,4;14,7;66;57;65;;;;
2021/04/09;0300 UTC;0;943,1;943,2;943;;20,9;16,2;22,3;20,9;16,2;15,4;75;65;75;;;;
2021/04/09;0400 UTC;0;943,2;943,3;943,1;;20;16,3;20,9;20;16,3;16,1;79;74;79;;;;
2021/04/09;0500 UTC;0;943;943,2;943;;19,4;16,1;20;19,4;16,3;16;81;79;81;;;;
2021/04/09;0600 UTC;0;942,6;943;942,6;;18,9;16;19,4;18,8;16,1;15,9;84;81;83;;;;
2021/04/09;0700 UTC;0;942,7;942,7;942,5;;18,4;15,9;19;18,3;16;15,9;86;83;85;;;;
2021/04/09;0800 UTC;0;943,1;943,1;942,7;;18,1;15,9;18,4;17,7;16;15,7;89;85;87;;;;
2021/04/09;0900 UTC;0;943,5;943,5;943,1;;17,8;15,7;18,2;17,8;15,9;15,7;88;87;88;;;;
2021/04/09;1000 UTC;0;943,8;943,8;943,5;7,4;18,5;15,4;18,6;17,5;15,8;15,4;89;82;82;;;;
2021/04/09;1100 UTC;0;944,4;944,4;943,8;473,1;20,6;15,7;20,6;18,5;15,8;15,4;82;73;73;;;;
2021/04/09;1200 UTC;0;944,9;944,9;944,4;1344,9;22,7;15,6;22,7;20,6;16,1;15,2;73;64;64;;;;
2021/04/09;1300 UTC;0;945,2;945,2;944,9;2151,4;24,6;15;24,9;22,7;15,9;14,9;64;54;55;;;;
2021/04/09;1400 UTC;0;944,9;945,3;944,9;2768,5;25,9;14,3;26,5;24,6;15,6;14,1;56;48;49;;;;
2021/04/09;1500 UTC;0;944,3;945;944,3;3165,8;27,4;14,2;27,5;25,6;15,2;13,6;50;43;44;;;;
2021/04/09;1600 UTC;0;943,3;944,3;943,3;3299,1;27,9;13,7;28,3;27;15;12,8;46;39;42;;;;
2021/04/09;1700 UTC;0;942,6;943,4;942,6;3180,6;28,5;13,4;29;27,6;14,7;12,5;44;37;40;;;;
2021/04/09;1800 UTC;0;942,1;942,6;942;2811,7;29,3;12,6;29,4;28,2;13,7;11,5;41;34;36;;;;
2021/04/09;1900 UTC;0;941,6;942,1;941,6;2112,3;28,9;12,9;29,3;27,2;13,2;10,6;41;32;37;;;;
2021/04/09;2000 UTC;0;941,3;941,7;941,2;1203,3;28,1;12;29,1;27,2;12,9;10,6;40;33;37;;;;
2021/04/09;2100 UTC;0;941,4;941,4;941,2;441,7;26,2;10,7;28,3;26,1;12,1;10,6;40;35;38;;;;
2021/04/09;2200 UTC;0;941,4;941,4;941,3;9,4;23,2;11;26,2;23,2;11;10;46;36;46;;;;
2021/04/09;2300 UTC;0;941,7;941,7;941,4;;22,9;11,1;24,3;22,9;11,2;10,6;47;42;47;;;;
2021/04/10;0000 UTC;0;942;942;941,7;;23,4;11;23,9;22,9;11,3;10,9;48;45;46;;;;
2021/04/10;0100 UTC;0;942,2;942,2;942;;23;11,4;23,7;22,6;11,4;10,9;48;44;48;;;;
2021/04/10;0200 UTC;0;942,2;942,2;942,1;;23,1;12,3;23,3;22,6;12,4;11,4;51;48;51;;;;
2021/04/10;0300 UTC;0;942,3;942,4;942,1;;22;12;23,1;21,9;12,5;12;55;51;53;;;;
2021/04/10;0400 UTC;0;942,1;942,3;942,1;;21,8;11,3;22,2;21,7;12,1;11,3;54;51;51;;;;
2021/04/10;0500 UTC;0;941,8;942,1;941,8;;22;10,9;22,1;21,6;11,3;10,8;52;49;49;;;;
2021/04/10;0600 UTC;0;941,4;941,9;941,4;;22,1;10,7;22,6;21,7;10,9;10,7;50;48;48;;;;
2021/04/10;0700 UTC;0;941,3;941,4;941,3;;20,9;11,2;22,4;20,5;11,2;10,7;55;48;54;;;;
2021/04/10;0800 UTC;0;941,3;941,4;941,3;;19,7;12,1;20,9;19,1;12,3;11,2;64;54;62;;;;
2021/04/10;0900 UTC;0;941,5;941,5;941,3;;19,1;12,6;20;19,1;12,7;12,1;66;61;66;;;;
2021/04/10;1000 UTC;0;941,8;941,9;941,5;7,8;20,1;12,4;20,1;19,1;12,8;12,4;66;61;61;;;;
2021/04/10;1100 UTC;0;942,4;942,4;941,8;480,8;22,9;13,1;22,9;20,2;13,3;12,4;61;54;54;;;;
2021/04/10;1200 UTC;0;942,9;942,9;942,3;1347,1;24,8;13;25,2;22,9;13,7;12,9;54;47;48;;;;
2021/04/10;1300 UTC;0;942,9;943;942,9;2137,3;26,3;14,3;26,3;24,7;14,6;13;50;46;48;;;;
2021/04/10;1400 UTC;0;942,5;942,9;942,5;2756,8;27;14,5;27,4;26,1;15,3;13,5;49;44;46;;;;
2021/04/10;1500 UTC;0;941,9;942,5;941,9;3149,2;27,7;14,8;27,7;26,4;15,6;13,7;49;44;45;;;;
2021/04/10;1600 UTC;0;940,8;941,9;940,7;3274,7;28,1;14,1;28,7;27,3;14,8;12,8;45;38;42;;;;
2021/04/10;1700 UTC;0;939,7;940,8;939,7;3138,5;28,5;13;29,1;27,7;14,2;12,2;43;37;39;;;;
2021/04/10;1800 UTC;0;939,1;939,7;939,1;2737,2;28,9;12,5;29,8;28,5;14,2;12,2;41;35;36;;;;
2021/04/10;1900 UTC;0;938,6;939,1;938,6;2064,6;28,8;12,9;29,4;28,4;13,3;12,2;38;35;38;;;;
2021/04/10;2000 UTC;0;938,2;938,6;938,2;1350,1;28,4;12,5;29,3;28,2;13,4;11,8;40;36;37;;;;
2021/04/10;2100 UTC;0;938,3;938,3;938,2;330;25,9;12,7;28,5;25,6;13,8;12,3;48;37;44;;;;
2021/04/10;2200 UTC;0;938,4;938,4;938,3;9,7;24,6;12,6;26,2;24,4;13,2;12,4;48;43;47;;;;
2021/04/10;2300 UTC;0;939;939;938,4;;24,6;12,2;24,9;24,3;12,6;12,2;47;45;46;;;;
2021/04/11;0000 UTC;0;939,4;939,4;938,9;;24,1;11,8;24,8;23,9;12,2;11,7;47;45;46;;;;
2021/04/11;0100 UTC;0;939,8;939,8;939,4;;23,1;12,4;24,5;22,8;12,5;11,6;52;45;51;;;;
2021/04/11;0200 UTC;0;939,9;940;939,8;;21,8;12,6;23,1;21,8;12,6;12,2;56;51;56;;;;
2021/04/11;0300 UTC;0;939,8;939,9;939,7;;21,6;12,4;22;21,6;12,7;12,3;56;55;56;;;;
2021/04/11;0400 UTC;0;939,6;939,8;939,6;;21,3;12,1;21,7;21,2;12,6;12,1;57;55;56;;;;
2021/04/11;0500 UTC;0;939,2;939,6;939,2;;21,3;12;21,5;20,8;12,3;11,8;57;54;55;;;;
2021/04/11;0600 UTC;0;938,9;939,2;938,9;;20,4;12;21,3;20,4;12,1;11,8;59;55;59;;;;
2021/04/11;0700 UTC;0;939;939,1;938,9;;20,3;11,9;20,4;20,1;12,3;11,9;61;59;59;;;;
2021/04/11;0800 UTC;0;939,1;939,1;938,9;;20,6;11,7;20,7;20,2;12,2;11,7;59;57;57;;;;
2021/04/11;0900 UTC;0;939,4;939,4;939,1;;20,7;11,2;21,6;20,3;11,8;11,2;58;52;55;;;;
2021/04/11;1000 UTC;0;939,9;940;939,4;9,3;22;11;22,1;20,7;11,4;11;55;49;50;;;;
2021/04/11;1100 UTC;0;940,8;940,8;939,9;462;24,4;12,2;24,4;22;12,4;11;50;46;46;;;;
2021/04/11;1200 UTC;0;941,6;941,6;940,8;1319,2;26,1;12,5;26,2;24,3;13,1;11,9;47;42;43;;;;
2021/04/11;1300 UTC;0;941,9;941,9;941,5;2111,7;26,9;12,9;27,1;25,9;14,2;11,9;47;41;42;;;;
2021/04/11;1400 UTC;0;942;942;941,9;2729,8;27,2;12;28,2;26,9;14;11,3;43;36;39;;;;
2021/04/11;1500 UTC;0;941,6;942;941,6;3102,5;28,1;11,9;29,4;27,2;12,9;10,7;40;34;37;;;;
2021/04/11;1600 UTC;0;940,7;941,6;940,7;3226,2;29,3;11,9;29,4;28,1;13,3;11,2;38;33;34;;;;
2021/04/11;1700 UTC;0;939,6;940,7;939,6;3124,9;29,1;11,4;29,9;28,6;13,1;10,9;37;32;33;;;;
2021/04/11;1800 UTC;0;938,9;939,7;938,9;2716,5;29,6;11,1;30,6;29;13,7;10,9;37;31;32;;;;
2021/04/11;1900 UTC;0;938,6;938,9;938,6;2123,9;29,6;11,9;30,9;29,5;13,2;11;36;31;34;;;;
2021/04/11;2000 UTC;0;938,4;938,6;938,4;1346,2;29,3;11,6;30,4;29,3;13,1;10,8;35;31;34;;;;
2021/04/11;2100 UTC;0;938,5;938,5;938,4;321,3;26,6;11,4;29,3;26,6;12,8;10,6;39;32;39;;;;
2021/04/11;2200 UTC;0;938,7;938,7;938,5;2,7;24,8;11,6;26,6;24,7;11,8;11,3;44;39;44;;;;
2021/04/11;2300 UTC;0;939;939;938,6;;24,7;11,5;25,2;24,3;11,8;11,2;46;42;44;;;;
2021/04/12;0000 UTC;0;939,9;939,9;939;;22,6;12,3;24,9;22,5;12,3;11,1;52;42;52;;;;
2021/04/12;0100 UTC;0;940;940;939,8;;22,7;11,6;22,9;22,4;12,2;11,6;52;50;50;;;;
2021/04/12;0200 UTC;0;940;940,2;940;;22,5;11,7;23;22,5;11,9;11,6;51;49;51;;;;
2021/04/12;0300 UTC;0;939,7;940,1;939,7;;23,6;10,8;23,7;22,4;11,8;10,8;51;44;45;;;;
2021/04/12;0400 UTC;0;939,4;939,7;939,4;;23,6;10,8;24;23,3;11;10,5;45;43;45;;;;
2021/04/12;0500 UTC;0;939,2;939,4;939,2;;23,9;11,1;24;22,6;11,6;10,7;50;43;45;;;;
2021/04/12;0600 UTC;0;938,8;939,2;938,8;;23,3;11;24;23;11,3;11;47;44;46;;;;
2021/04/12;0700 UTC;0;938,7;938,8;938,6;;23;10,9;23,4;22,2;11,1;10,7;49;46;46;;;;
2021/04/12;0800 UTC;0;939;939;938,7;;22,1;11;23,4;22;11,1;10,7;50;45;49;;;;
2021/04/12;0900 UTC;0;939,2;939,2;938,9;;21,8;11;22,6;21,8;11,2;10,7;51;47;50;;;;
2021/04/12;1000 UTC;0;939,6;939,6;939,1;13,4;21,7;11,5;22,1;21,6;11,5;10,9;52;49;52;;;;
2021/04/12;1100 UTC;0;940,1;940,1;939,6;452,4;24,6;12,2;24,6;21,7;12,7;11,4;53;45;46;;;;
2021/04/12;1200 UTC;0;940,7;940,7;940,1;1203,6;26,5;11,9;26,6;24,6;12,9;11,5;46;39;40;;;;
2021/04/12;1300 UTC;0;941,1;941,1;940,7;2156,9;29;13,5;29;26,5;13,5;11,3;43;36;39;;;;
2021/04/12;1400 UTC;0;941,2;941,3;941,1;2613,8;29,3;13,2;30,1;27,7;14,3;11,5;41;35;37;;;;
2021/04/12;1500 UTC;0;941;941,2;940,9;3031,9;30,2;12,7;31;29;14,4;12,2;40;33;34;;;;
2021/04/12;1600 UTC;0;940,2;941;940,2;2671,9;30,4;14,7;31,5;29,4;15,6;12;43;32;38;;;;
2021/04/12;1700 UTC;0;939,4;940,2;939,4;2124,2;30,5;15,1;32,1;29,1;16,2;13;45;36;39;;;;
2021/04/12;1800 UTC;0;938,9;939,5;938,9;2216,8;30,2;15,1;31,9;30,2;16,2;14,1;41;35;40;;;;
2021/04/12;1900 UTC;0;938,6;938,9;938,5;1458,2;31,6;14,9;31,9;30,1;16,4;14,1;43;36;36;;;;
2021/04/12;2000 UTC;0;938,5;938,6;938,5;624,9;29,3;15,1;31,6;29,3;15,9;13,9;44;36;42;;;;
2021/04/12;2100 UTC;0;938,6;938,6;938,4;263,9;28;14,7;29,6;28;15,6;14,4;45;40;44;;;;
2021/04/12;2200 UTC;0;938,9;938,9;938,6;6,3;25,7;16,1;28;25,7;16,1;14,4;55;44;55;;;;
2021/04/12;2300 UTC;0;939,4;939,4;938,9;;25,7;16;25,8;25,4;16,5;16;58;55;55;;;;
2021/04/13;0000 UTC;0;939,9;939,9;939,4;;25,9;15,6;25,9;25,7;16,1;15,5;55;53;53;;;;
2021/04/13;0100 UTC;0;940;940,1;939,9;;25,7;15,3;25,9;25,6;15,6;15,2;54;52;53;;;;
2021/04/13;0200 UTC;0;940,2;940,2;940;;26;15,4;26,5;25,7;15,5;14,8;53;49;52;;;;
2021/04/13;0300 UTC;0;940,2;940,2;940,1;;26,1;14,9;26,1;25,8;15,4;14,9;53;50;50;;;;
2021/04/13;0400 UTC;0;940;940,2;940;;26,2;15,1;26,2;25,8;15,4;14,7;52;49;50;;;;
2021/04/13;0500 UTC;0;940,3;940,5;940;;23,5;16,8;26,2;23,2;17,5;15,1;70;50;66;;;;
2021/04/13;0600 UTC;0;940,1;940,4;940;;23,4;17,9;23,6;23,3;17,9;16,7;71;66;71;;;;
2021/04/13;0700 UTC;0;939,9;940,1;939,9;;22,2;18,3;23,4;22,2;18,3;17,9;79;71;79;;;;
2021/04/13;0800 UTC;0;940,1;940,1;939,8;;21,4;19;22,2;21,4;19,1;18,3;87;79;87;;;;
2021/04/13;0900 UTC;0;940,6;940,6;940,1;;20,9;18,9;21,4;20,8;19,1;18,8;89;87;88;;;;
2021/04/13;1000 UTC;0;941,3;941,3;940,5;7,2;20,6;18,5;20,9;20,5;18,9;18,5;89;88;88;;;;
2021/04/13;1100 UTC;0;942;942;941,3;376,1;21,5;18,5;22;20,6;18,8;18,3;88;81;83;;;;
2021/04/13;1200 UTC;0;942,6;942,6;942;1108,1;22,9;18,3;23,3;21,5;19;18,1;83;75;75;;;;
2021/04/13;1300 UTC;0;942,8;942,9;942,6;1509,2;23,6;18,4;24,2;22,8;19,1;18,2;77;71;73;;;;
2021/04/13;1400 UTC;0;943;943,1;942,7;2125,5;25,6;18,7;25,6;23,4;19,4;18,3;75;66;66;;;;
2021/04/13;1500 UTC;0;942,3;943;942,3;2333,4;26,5;19;27;25,3;19,6;18,4;68;60;64;;;;
2021/04/13;1600 UTC;0;941,8;942,3;941,8;1902;26,6;18;27,5;26;19,3;18;64;58;60;;;;
2021/04/13;1700 UTC;0;941,1;941,8;941;2551,4;28,7;19,5;28,9;26,5;19,7;17,7;62;53;58;;;;
2021/04/13;1800 UTC;0;940,6;941,1;940,5;1191,5;27;18,9;28,9;26,9;19,3;17,8;61;53;61;;;;
2021/04/13;1900 UTC;0;940,4;940,6;940,4;1015,6;27,3;18,8;27,5;26,4;19,5;18,5;64;59;60;;;;
2021/04/13;2000 UTC;0;940,3;940,4;940,3;732,9;27;18,9;27,3;26,2;19;18,3;64;59;61;;;;
2021/04/13;2100 UTC;0;940,5;940,6;940,3;317,6;25,5;18,4;26,9;25,3;19,1;18,4;66;61;65;;;;
2021/04/13;2200 UTC;0;940,5;940,6;940,3;9,8;24,3;18,6;25,5;24,1;18,7;18,5;71;65;71;;;;
2021/04/13;2300 UTC;0;941,2;941,2;940,5;;22,9;18;24,4;22,9;18,7;18;74;70;74;;;;
2021/04/14;0000 UTC;0;941,8;941,8;941,2;;21,3;17,4;22,9;21,3;18;17,4;79;74;79;;;;
2021/04/14;0100 UTC;0;942;942,2;941,7;;20,5;16,6;21,3;20,5;17,4;16,6;79;77;79;;;;
2021/04/14;0200 UTC;0;941,9;942,1;941,8;;20;16,2;20,6;20;16,5;16,2;79;77;79;;;;
2021/04/14;0300 UTC;0;941,9;942;941,8;;19,2;15,9;20;19,2;16,2;15,8;81;79;81;;;;
2021/04/14;0400 UTC;0;941,5;941,9;941,5;;18,6;15,5;19,2;18,6;15,9;15,5;83;81;82;;;;
2021/04/14;0500 UTC;0;941,3;941,6;941,3;;18,4;15,2;18,6;18,3;15,5;15,2;83;82;82;;;;
2021/04/14;0600 UTC;0;941;941,3;940,9;;17,9;14,9;18,4;17,8;15,2;14,9;84;81;83;;;;
2021/04/14;0700 UTC;0;940,8;941;940,7;;17,2;14,3;17,9;17,1;14,8;14,2;83;81;83;;;;
2021/04/14;0800 UTC;0;940,9;940,9;940,7;;16,5;13,6;17,2;16,5;14,2;13,6;84;82;83;;;;
2021/04/14;0900 UTC;0;941;941;940,8;;16,2;13,4;16,5;16,2;13,7;13,4;84;83;84;;;;
2021/04/14;1000 UTC;0;941,7;941,8;941;6,9;16;13,7;16,4;15,9;13,7;13,5;87;83;86;;;;
2021/04/14;1100 UTC;0;942,5;942,5;941,7;223,3;16,7;14,1;17;15,9;14,1;13,7;87;82;84;;;;
2021/04/14;1200 UTC;0;943;943;942,4;1054,9;19,4;14,3;19,9;16,7;15,3;13,9;84;70;72;;;;
2021/04/14;1300 UTC;0;943,2;943,2;942,9;1997,4;21,5;15,1;21,6;19;15,3;14;75;65;67;;;;
2021/04/14;1400 UTC;0;943;943,2;943;2749,1;23,3;14,7;23,7;21,2;15,6;14,2;67;57;58;;;;
2021/04/14;1500 UTC;0;942,5;943;942,5;3048,7;25,7;14,8;26,1;23,4;16;14,2;59;50;51;;;;
2021/04/14;1600 UTC;0;941,6;942,5;941,6;3141,8;26,4;14,8;27;25,6;15,8;14,3;53;47;49;;;;
2021/04/14;1700 UTC;0;940,6;941,6;940,6;2948,4;27,5;15;28,1;26,4;16,1;13,7;51;43;46;;;;
2021/04/14;1800 UTC;0;939,9;940,7;939,9;2629,8;27,6;15,2;28,1;27;15,6;13,8;49;43;47;;;;
2021/04/14;1900 UTC;0;939,6;939,9;939,6;2038;27;14,8;27,8;26,6;15,5;14;49;45;47;;;;
2021/04/14;2000 UTC;0;939,6;939,7;939,5;1267,4;25,9;14,5;27;25,8;15;13,9;50;46;49;;;;
2021/04/14;2100 UTC;0;939,7;939,7;939,6;292,9;23,7;14;25,9;23,7;14,7;13,8;54;48;54;;;;
2021/04/14;2200 UTC;0;939,9;940;939,6;5,7;21,9;12,5;23,7;21,9;14;12,5;58;53;55;;;;
2021/04/14;2300 UTC;0;940,4;940,5;939,9;;20,9;12,5;21,9;20,8;12,6;12,2;59;55;59;;;;
2021/04/15;0000 UTC;0;940,6;940,6;940,4;;20,7;12,9;21,2;20,6;12,9;12,5;61;58;61;;;;
2021/04/15;0100 UTC;0;941;941;940,6;;19,3;13,7;20,7;19,3;13,7;12,9;70;61;70;;;;
2021/04/15;0200 UTC;0;941,4;941,4;941;;18,2;14,1;19,4;18,1;14,1;13,7;77;70;77;;;;
2021/04/15;0300 UTC;0;941,3;941,4;941,2;;17,8;13,9;18,2;17,6;14,1;13,9;79;77;78;;;;
2021/04/15;0400 UTC;0;940,8;941,3;940,8;;17,4;13,7;17,8;17;13,9;13,6;80;78;79;;;;
2021/04/15;0500 UTC;0;940,7;940,8;940,6;;16,4;13,8;17,4;16,3;13,9;13,4;84;79;84;;;;
2021/04/15;0600 UTC;0;940,5;940,7;940,3;;16;13,9;16,5;15,9;14;13,7;88;84;87;;;;
2021/04/15;0700 UTC;0;940;940,5;940;;15,8;13,9;16,1;15,7;14;13,8;89;87;89;;;;
2021/04/15;0800 UTC;0;940;940,1;940;;15,4;13,8;15,8;15,3;14;13,7;91;88;91;;;;
2021/04/15;0900 UTC;0;940,2;940,2;940;;15,1;13,8;15,5;15,1;14,1;13,8;93;91;92;;;;
2021/04/15;1000 UTC;0;940,6;940,6;940,2;5,6;15,4;14,1;15,4;15;14,1;13,8;93;91;92;;;;
2021/04/15;1100 UTC;0;941,3;941,3;940,5;419,2;17;14,3;17,2;15,4;14,6;14;92;83;84;;;;
2021/04/15;1200 UTC;0;941,8;941,8;941,3;1249,8;19,7;15,5;19,7;17;15,6;14,3;85;76;77;;;;
2021/04/15;1300 UTC;0;942,1;942,1;941,8;2024,2;21,6;15,9;22,3;19,5;16,3;15;77;67;70;;;;
2021/04/15;1400 UTC;0;941,9;942,1;941,9;2605,5;24,8;16,5;25,1;21,6;17,2;15,6;70;59;60;;;;
2021/04/15;1500 UTC;0;941;941,9;941;2776,7;26,3;16,7;26,4;24,4;17,2;15,7;61;54;56;;;;
2021/04/15;1600 UTC;0;940,3;941;940,3;2675,7;26,1;16,4;27;25,4;17,4;15,7;59;52;55;;;;
2021/04/15;1700 UTC;0;939,3;940,3;939,3;2715,5;27,9;16;28,7;26,1;17,4;15,6;57;47;48;;;;
2021/04/15;1800 UTC;0;938,7;939,3;938,7;1476,8;28,2;15,6;28,4;26,6;17,3;15,1;56;46;46;;;;
2021/04/15;1900 UTC;0;938,6;938,7;938,6;1636,8;28;14,7;29,1;27,7;16,7;14,5;49;43;44;;;;
2021/04/15;2000 UTC;0;938,4;938,6;938,4;1212,6;27,9;16,1;29;27,8;16,6;15;49;44;49;;;;
2021/04/15;2100 UTC;0;938,1;938,4;938,1;270,4;25;16,2;28,2;25;16,6;15,8;59;47;58;;;;
2021/04/15;2200 UTC;0;938,2;938,2;938;5,1;23,2;16,1;24,9;23,2;16,3;16;64;58;64;;;;
2021/04/15;2300 UTC;0;938,6;938,7;938,2;;22,9;16,1;23,2;22,8;16,2;15,9;65;64;65;;;;
2021/04/16;0000 UTC;0;939,2;939,2;938,6;;21,8;15,7;23;21,8;16;15,6;68;65;68;;;;
2021/04/16;0100 UTC;0;939,6;939,6;939,2;;20,8;15,4;21,8;20,8;15,8;15,3;71;68;71;;;;
2021/04/16;0200 UTC;0;939,7;939,8;939,6;;20,8;16,4;21,2;20,5;16,4;15,4;77;71;76;;;;
2021/04/16;0300 UTC;0;939,6;939,8;939,6;;19,4;17;20,8;19,4;17,1;16,4;86;76;86;;;;
2021/04/16;0400 UTC;0;939,5;939,6;939,4;;18,9;16,9;19,4;18,8;17,1;16,9;89;86;89;;;;
2021/04/16;0500 UTC;0;939,2;939,5;939,2;;18,1;16,4;18,8;18,1;16,9;16,4;90;89;90;;;;
2021/04/16;0600 UTC;0;938,9;939,2;938,9;;17,6;16,1;18,2;17,6;16,4;16,1;91;89;91;;;;
2021/04/16;0700 UTC;0;938,5;938,9;938,5;;17,3;15,9;17,7;17,1;16,1;15,8;93;90;92;;;;
2021/04/16;0800 UTC;0;938,2;938,5;938,2;;17,1;15,8;17,3;16,6;15,9;15,6;94;91;92;;;;
2021/04/16;0900 UTC;0;938,4;938,5;938,2;;17,2;15,7;17,3;16,6;15,8;15,5;94;91;91;;;;
2021/04/16;1000 UTC;0;938,9;938,9;938,4;5;17,2;15,8;17,3;17;15,8;15,6;92;91;91;;;;
2021/04/16;1100 UTC;0;939,6;939,6;938,9;387,4;19,1;16,3;19,2;17,2;16,6;15,7;91;83;83;;;;
2021/04/16;1200 UTC;0;940,3;940,3;939,6;1197,5;22,5;17,4;22,5;19,2;17,5;16,3;84;73;73;;;;
2021/04/16;1300 UTC;0;940,6;940,6;940,3;1980,2;25,1;17,9;25,1;22,5;18;17,2;74;64;65;;;;
2021/04/16;1400 UTC;0;940,4;940,6;940,3;2553,5;26;18,5;26,1;24,7;18,7;17,4;66;62;63;;;;
2021/04/16;1500 UTC;0;939,6;940,4;939,6;2930;27,9;18,2;28,1;25,8;18,9;17,6;64;55;56;;;;
2021/04/16;1600 UTC;0;938,8;939,6;938,8;1955,4;26,9;18,1;28,6;26,6;18,6;17,3;60;53;59;;;;
2021/04/16;1700 UTC;0;937,9;938,8;937,9;1824,6;29,4;17,9;29,5;26,9;18,8;16,9;59;50;50;;;;
2021/04/16;1800 UTC;0;936,6;938;936,6;1963,4;30;17,9;30,8;27,3;18,8;16,9;57;46;48;;;;
2021/04/16;1900 UTC;0;936;936,6;936;1777,6;30,1;16,8;31;28,2;18,3;16,6;53;44;45;;;;
2021/04/16;2000 UTC;0;936,7;936,7;936;460,8;24,6;16,3;30,2;24,6;18,3;16,1;60;44;60;;;;
2021/04/16;2100 UTC;4,8;937,3;937,3;936,6;32;19,9;19,3;24,6;19,4;19,3;16,1;97;60;96;;;;
2021/04/16;2200 UTC;3;937,2;937,7;937,2;;18,9;18,4;20,3;18,7;19,6;17,6;97;92;97;;;;
2021/04/16;2300 UTC;0;938,2;938,2;937,2;;20,1;18,9;20,3;18,9;19,9;18,4;98;93;93;;;;
2021/04/17;0000 UTC;0;937,9;938,2;937,9;;20,7;18,7;20,7;19,9;18,8;18,3;93;88;88;;;;
2021/04/17;0100 UTC;0;938,4;938,4;937,9;;20,1;18,4;21,5;19,7;18,8;18,2;93;82;90;;;;
2021/04/17;0200 UTC;0;938,1;938,4;938;;19,2;18,4;20,1;19,2;18,6;18,1;95;89;95;;;;
2021/04/17;0300 UTC;0;938,2;938,2;938;;19,9;17,6;20;19,1;18,5;17,4;96;85;86;;;;
2021/04/17;0400 UTC;0;938,4;938,4;938,1;;19,7;17,5;20;18,8;17,9;16,9;94;83;87;;;;
2021/04/17;0500 UTC;0;938;938,4;938;;19,6;17,7;19,9;18,4;18,3;17,3;97;85;89;;;;
2021/04/17;0600 UTC;0;937,5;938;937,5;;19,4;18,2;19,7;18,8;18,3;17,6;94;88;93;;;;
2021/04/17;0700 UTC;0;937,2;937,6;937,1;;20;17,6;20,2;19,4;18,3;17,6;93;85;86;;;;
2021/04/17;0800 UTC;0;937,5;937,5;937,1;;18,9;17,9;20,2;18,7;18;17,6;95;85;94;;;;
2021/04/17;0900 UTC;0;937,8;937,9;937,5;;19,2;17,9;19,3;18,7;18,1;17,9;95;92;92;;;;
2021/04/17;1000 UTC;0;938,6;938,6;937,8;3,6;18,7;17;19,4;18,7;17,9;17;95;87;90;;;;
2021/04/17;1100 UTC;0;939,2;939,2;938,6;288,8;20,5;17,8;20,5;18,5;18,2;17,2;93;84;84;;;;
2021/04/17;1200 UTC;0;939,9;939,9;939,2;1074,6;22,1;18,1;22,1;20,6;18,5;17,7;86;78;78;;;;
2021/04/17;1300 UTC;0;940,1;940,2;939,9;1967,9;22,6;18,7;23,3;21,9;19,4;18,1;81;76;79;;;;
2021/04/17;1400 UTC;0;939,9;940,2;939,8;2395,2;24,9;18,6;25,2;22,6;19,4;17,9;79;67;68;;;;
2021/04/17;1500 UTC;,2;939,3;939,9;939,3;2714,3;26,2;19,1;26,4;24,1;19,8;18,2;72;64;65;;;;
2021/04/17;1600 UTC;0;938,4;939,3;938,4;2688,9;26,7;19;27,3;25,4;20,4;18,1;70;61;63;;;;
2021/04/17;1700 UTC;0;937,4;938,4;937,4;1956,1;26,5;18,3;27,4;25,5;19,6;18;66;59;61;;;;
2021/04/17;1800 UTC;0;936,4;937,4;936,4;2177,3;27,6;18,5;28,5;25,9;19,1;17,5;64;53;58;;;;
2021/04/17;1900 UTC;0;935,8;936,4;935,8;1652,3;27,5;17,3;28,7;26,7;18,8;17,2;60;51;54;;;;
2021/04/17;2000 UTC;0;935,9;936;935,7;513,7;25;17,6;27,5;25;18,5;17,1;64;54;64;;;;
2021/04/17;2100 UTC;0;935,9;936;935,8;279,4;23,7;18,5;25;23,7;19;17,4;75;63;73;;;;
2021/04/17;2200 UTC;0;936,8;936,8;935,9;14,3;21,9;18,9;23,7;21,9;19;17,7;83;71;83;;;;
2021/04/17;2300 UTC;0;936,7;936,8;936,5;;20,4;18,1;21,9;20,4;19;18;89;83;87;;;;
2021/04/18;0000 UTC;,2;937,8;937,8;936,6;;20,7;19;21,4;20,4;19;17,3;90;79;90;;;;
2021/04/18;0100 UTC;,8;938,3;938,3;937,8;;18,9;18,6;20,7;18,9;19,3;18,6;98;90;98;;;;
2021/04/18;0200 UTC;,2;939;939,1;938,3;;19,3;17,3;19,6;18,8;18,6;17,3;98;88;88;;;;
2021/04/18;0300 UTC;12;939,1;939,3;938,9;;17,9;17,4;19,3;17,7;17,7;17,3;98;88;97;;;;
2021/04/18;0400 UTC;15;938,4;939,1;938,4;;18,1;17,8;18,2;17,7;17,9;17,1;98;95;98;;;;
2021/04/18;0500 UTC;2;937,3;938,4;937,2;;18,1;17,3;18,2;17,8;17,8;17,2;98;94;95;;;;
2021/04/18;0600 UTC;0;936,8;937,3;936,8;;18,1;17,1;18,2;17,8;17,5;17,1;97;93;94;;;;
2021/04/18;0700 UTC;0;936,8;936,8;936,5;;17,7;17,4;18,6;17,7;17,4;17,1;98;91;98;;;;
2021/04/18;0800 UTC;0;936,9;936,9;936,7;;17,5;17,3;17,8;17,4;17,5;17,3;99;98;99;;;;
2021/04/18;0900 UTC;0;937,4;937,4;936,9;;17,7;17,5;17,9;17,4;17,7;17,3;99;99;99;;;;
2021/04/18;1000 UTC;0;938,1;938,1;937,4;4,6;17,6;17,5;17,8;17,6;17,6;17,4;99;99;99;;;;
2021/04/18;1100 UTC;0;938,7;938,7;938,1;206,8;18,4;18,2;18,4;17,6;18,2;17,5;99;99;99;;;;
2021/04/18;1200 UTC;0;939,1;939,1;938,7;661,2;18,9;18,5;19,4;18,4;18,9;17,9;99;96;98;;;;
2021/04/18;1300 UTC;0;939,4;939,5;939;979,1;20,3;18,9;20,7;18,5;19,3;17,9;98;89;92;;;;
2021/04/18;1400 UTC;0;939,8;939,8;939,4;1970,2;22,6;18,9;22,9;20,3;19,9;18;93;78;80;;;;
2021/04/18;1500 UTC;0;939,2;939,8;939,2;2027,5;23,4;19,2;24,1;21,3;20,1;17,9;86;73;78;;;;
2021/04/18;1600 UTC;,2;938,7;939,2;938,7;2369,1;23,8;19,2;24,3;22,3;20,3;18;84;70;75;;;;
2021/04/18;1700 UTC;0;938,1;938,7;938,1;2144,5;24,6;19;24,9;23;19,6;18,3;79;69;71;;;;
2021/04/18;1800 UTC;0;937,6;938,1;937,6;2374,2;25,1;17,5;25,9;23,2;19,9;17,1;74;62;63;;;;
2021/04/18;1900 UTC;0;937,3;937,6;937,2;2054,9;25,4;17,7;25,7;24,5;18,8;16,8;68;60;62;;;;
2021/04/18;2000 UTC;0;936,9;937,3;936,9;1212;24,3;17,2;25,7;24,3;18,4;16,8;66;60;64;;;;
2021/04/18;2100 UTC;0;936,8;936,9;936,8;249,5;22,2;17,1;24,5;22,2;17,9;17;74;64;73;;;;
2021/04/18;2200 UTC;0;936,9;937;936,8;3,4;20,6;16,7;22,2;20,6;17,2;16,7;80;73;78;;;;
2021/04/18;2300 UTC;0;937,5;937,5;936,9;;20,3;16,2;20,6;20,2;16,8;16,2;80;77;77;;;;
2021/04/19;0000 UTC;0;938,2;938,2;937,5;;20,1;16,1;20,3;20,1;16,4;16,1;79;77;78;;;;
2021/04/19;0100 UTC;0;938,5;938,6;938,2;;19,7;16,2;20,4;19,7;16,2;15,9;80;75;80;;;;
2021/04/19;0200 UTC;0;938,7;938,8;938,5;;19,7;16,1;19,8;19,3;16,2;15,9;82;79;80;;;;
2021/04/19;0300 UTC;0;939,2;939,2;938,7;;19,2;16,7;20,2;18,8;16,7;16,1;87;78;86;;;;
2021/04/19;0400 UTC;0;939,1;939,2;939;;18,3;16,2;19,3;18,3;16,8;16,2;88;84;87;;;;
2021/04/19;0500 UTC;0;938,7;939,1;938,7;;17,6;15,9;18,3;17,4;16,3;15,9;92;87;90;;;;
2021/04/19;0600 UTC;0;938,7;938,9;938,7;;17,1;15,7;17,6;17,1;16,1;15,7;92;90;91;;;;
2021/04/19;0700 UTC;0;938,4;938,7;938,4;;16,6;15,4;17,1;16,6;15,7;15,4;93;91;92;;;;
2021/04/19;0800 UTC;0;938,6;938,6;938,4;;16,5;15,2;16,8;16,4;15,5;15,2;93;92;92;;;;
2021/04/19;0900 UTC;0;939,1;939,1;938,6;;16,2;15,2;16,5;16,1;15,4;15,1;95;92;94;;;;
2021/04/19;1000 UTC;0;939,9;939,9;939,1;4,5;16,3;15,4;16,3;16;15,4;15,2;95;94;94;;;;
2021/04/19;1100 UTC;0;940,9;940,9;939,8;401,1;17,8;15,6;17,8;16,3;15,6;15,1;94;87;87;;;;
2021/04/19;1200 UTC;0;941,5;941,5;940,9;1235,6;20,3;16,4;20,3;17,8;16,8;15,5;87;78;78;;;;
2021/04/19;1300 UTC;0;941,5;941,7;941,5;1945,7;21,2;15,7;21,8;19;16,9;15,2;82;70;71;;;;
2021/04/19;1400 UTC;0;941,3;941,5;941,3;2602,8;23;16,6;23,6;20,9;17,3;15,4;73;64;67;;;;
2021/04/19;1500 UTC;0;940,9;941,4;940,9;2978,5;23,4;16,2;24,4;22,6;17,4;15,6;68;62;64;;;;
2021/04/19;1600 UTC;0;940,3;940,9;940,3;3066,4;24,7;16,4;26;23,4;18;16,3;68;57;60;;;;
2021/04/19;1700 UTC;0;939,5;940,3;939,5;2905,4;25,5;16,3;26,4;23,7;17,7;15;66;53;57;;;;
2021/04/19;1800 UTC;0;939,1;939,6;939,1;2543,4;25,3;15,5;27;24,6;17;15,3;61;52;55;;;;
2021/04/19;1900 UTC;0;939;939,1;939;1743,3;23,8;15,3;26,7;23,8;16,7;14,7;59;50;59;;;;
2021/04/19;2000 UTC;0;939;939,1;938,9;1161,5;23,9;15,7;25,6;23,8;16,1;15,1;60;53;60;;;;
2021/04/19;2100 UTC;0;939,1;939,1;939;128,5;21,6;15,5;23,9;21,6;16,4;15,1;68;60;68;;;;
2021/04/19;2200 UTC;0;939,3;939,3;939,1;2,7;20,3;14,8;21,6;20,2;15,4;14,8;71;68;71;;;;
2021/04/19;2300 UTC;0;939,8;939,8;939,3;;19,8;14,7;20,3;19,8;14,9;14,6;73;71;73;;;;
2021/04/20;0000 UTC;0;940,2;940,2;939,8;;20,5;14,9;20,7;19,8;14,9;14,6;73;69;70;;;;
2021/04/20;0100 UTC;0;940,2;940,3;940,1;;19,5;15,6;20,7;19,5;15,6;15;78;70;78;;;;
2021/04/20;0200 UTC;0;940,5;940,5;940,2;;18,6;15,6;19,5;18,6;15,7;15,4;83;78;83;;;;
2021/04/20;0300 UTC;0;940,7;940,7;940,4;;17,7;15;18,6;17,6;15,6;15;85;82;84;;;;
2021/04/20;0400 UTC;0;940,3;940,7;940,3;;17,1;14,9;17,7;17,1;15;14,9;87;84;87;;;;
2021/04/20;0500 UTC;0;940;940,3;940;;16,9;14,8;17,1;16,8;14,9;14,8;88;87;88;;;;
2021/04/20;0600 UTC;0;939,5;940;939,5;;16,4;14,8;16,9;16,3;14,8;14,7;90;88;90;;;;
2021/04/20;0700 UTC;0;939,3;939,5;939,3;;16;14,8;16,5;15,9;14,8;14,7;93;90;92;;;;
2021/04/20;0800 UTC;0;939,6;939,6;939,3;;16;14,6;16,1;15,8;14,8;14,5;93;91;92;;;;
2021/04/20;0900 UTC;0;939,9;940;939,5;;15,9;14,6;16,1;15,6;14,7;14,5;93;91;92;;;;
2021/04/20;1000 UTC;0;940,4;940,4;939,9;3,2;15,9;14,7;16;15,7;14,7;14,4;93;91;92;;;;
2021/04/20;1100 UTC;0;941,4;941,4;940,4;411,7;18,2;15,1;18,2;15,8;15,4;14,5;93;82;82;;;;
2021/04/20;1200 UTC;0;942,1;942,1;941,4;1287,2;19,9;15,6;19,9;18,2;16;15;84;76;76;;;;
2021/04/20;1300 UTC;0;942,8;942,9;942,1;2043,7;20,1;15,7;21;19,6;16,6;15,1;79;72;75;;;;
2021/04/20;1400 UTC;0;942,8;943;942,8;2631,2;21,8;15,9;22,5;20,2;16,8;15,3;76;66;70;;;;
2021/04/20;1500 UTC;0;942,1;942,8;942,1;2869,6;22,7;16,1;24,2;21,4;17,5;15,4;72;62;66;;;;
2021/04/20;1600 UTC;0;941,3;942,1;941,2;3178,1;25,4;17,1;25,6;22,6;17,8;15,5;68;56;60;;;;
2021/04/20;1700 UTC;0;940,4;941,3;940,4;2839,9;24,7;16,2;25,6;23,9;17,5;15,3;64;56;59;;;;
2021/04/20;1800 UTC;0;939,8;940,5;939,7;2501,1;25,6;15,4;26;24;17;15;62;52;53;;;;
2021/04/20;1900 UTC;0;939,4;939,8;939,4;2039,3;25,3;15,3;26;25;16,5;14,9;59;52;54;;;;
2021/04/20;2000 UTC;0;939,5;939,6;939,4;1214,8;23,8;15,2;25,6;23,6;16,2;15;60;53;59;;;;
2021/04/20;2100 UTC;0;939,6;939,6;939,5;217,4;22,3;14,9;23,8;22,3;15,2;14,6;64;56;63;;;;
2021/04/20;2200 UTC;0;939,8;939,8;939,6;2,6;21,2;14,8;22,3;21,2;15,2;14,6;67;63;67;;;;
2021/04/20;2300 UTC;0;940,3;940,3;939,8;;20,6;14,8;21,4;20,6;15;14,7;69;66;69;;;;
2021/04/21;0000 UTC;0;940,7;940,7;940,3;;19,9;14,7;20,7;19,9;14,9;14,6;72;69;72;;;;
2021/04/21;0100 UTC;0;941,1;941,1;940,6;;19,5;14,8;20,2;19,4;14,8;14,6;75;70;74;;;;
2021/04/21;0200 UTC;0;941,1;941,2;941,1;;18,4;14,9;19,5;18,4;15;14,8;80;74;80;;;;
2021/04/21;0300 UTC;0;941,2;941,2;941;;17,4;15,2;18,4;17,3;15,2;14,9;87;80;87;;;;
2021/04/21;0400 UTC;0;940,8;941,2;940,8;;16,4;15;17,4;16,3;15,2;14,9;92;87;92;;;;
2021/04/21;0500 UTC;0;940,5;940,9;940,5;;16,1;14,5;16,6;16,1;15;14,5;92;89;90;;;;
2021/04/21;0600 UTC;0;940,1;940,5;940;;16;14,5;16,2;15,8;14,6;14,4;92;90;91;;;;
2021/04/21;0700 UTC;0;939,7;940,1;939,6;;15,8;14,7;16;15,6;14,7;14,4;94;91;93;;;;
2021/04/21;0800 UTC;0;939,8;939,8;939,6;;15,5;14,5;15,9;15,5;14,7;14,4;94;92;94;;;;
2021/04/21;0900 UTC;0;940,2;940,2;939,8;;15,2;14,4;15,7;15,1;14,6;14,2;96;93;95;;;;
2021/04/21;1000 UTC;0;940,7;940,7;940,2;3;15,3;14,2;15,4;15;14,4;14,1;95;93;93;;;;
2021/04/21;1100 UTC;0;941,2;941,2;940,6;411,6;17,7;14,8;17,7;15,3;15,2;14,3;94;84;84;;;;
2021/04/21;1200 UTC;0;941,5;941,5;941,2;1265,7;19,1;14,2;19,5;17,5;15,2;14,2;85;72;73;;;;
2021/04/21;1300 UTC;0;942,1;942,1;941,5;2033,8;21,1;14,5;21,5;19,1;15,6;13,8;74;64;66;;;;
2021/04/21;1400 UTC;0;942,1;942,3;942,1;2635,5;22,1;14,9;22,8;20,7;15,2;13,7;67;58;64;;;;
2021/04/21;1500 UTC;0;941,4;942,1;941,4;3005,4;23,2;14,4;23,7;21,9;15,4;13,5;64;56;58;;;;
2021/04/21;1600 UTC;0;940,7;941,4;940,7;3129,4;24,2;13,9;25,3;23,2;15,3;13,3;59;49;52;;;;
2021/04/21;1700 UTC;0;939,8;940,7;939,8;2988,3;26,4;15;26,4;23,9;15;12,4;55;44;50;;;;
2021/04/21;1800 UTC;0;939,2;939,9;939,2;2596,7;25,8;12,9;26,6;25,2;15,2;12,9;52;44;45;;;;
2021/04/21;1900 UTC;0;939;939,2;939;1989,9;25,6;13,4;26,3;25,5;14,5;12,5;49;43;47;;;;
2021/04/21;2000 UTC;0;939,1;939,2;939;1213,5;24,7;13;26,1;24,7;14;12,3;49;44;48;;;;
2021/04/21;2100 UTC;0;939,5;939,5;939,1;179,9;21,5;12,7;24,7;21,5;13,1;12,1;57;47;57;;;;
2021/04/21;2200 UTC;0;939,8;939,8;939,5;1,8;20,1;12,6;21,5;20,1;12,9;12,6;63;57;62;;;;
2021/04/21;2300 UTC;0;940,2;940,2;939,8;;19,5;11,6;20,1;19,3;12,7;11,6;63;60;60;;;;
2021/04/22;0000 UTC;0;940,6;940,6;940,2;;19;11,7;19,6;18,5;11,8;11,5;65;60;63;;;;
2021/04/22;0100 UTC;0;940,6;940,6;940,5;;18,5;12;19,2;18,2;12,1;11,6;67;62;66;;;;
2021/04/22;0200 UTC;0;940,7;940,7;940,5;;19,2;13,6;19,3;18,2;13,6;12;70;65;70;;;;
2021/04/22;0300 UTC;0;940,6;940,7;940,5;;17,6;14,2;19,2;17,6;14,2;13,6;80;70;80;;;;
2021/04/22;0400 UTC;0;940,6;940,7;940,6;;16,5;14,5;17,7;16,5;14,5;14,2;88;80;88;;;;
2021/04/22;0500 UTC;0;939,9;940,6;939,9;;15,9;14,6;16,5;15,9;14,6;14,4;92;88;92;;;;
2021/04/22;0600 UTC;0;940;940;939,8;;15,6;14,5;15,9;15,6;14,6;14,4;94;92;93;;;;
2021/04/22;0700 UTC;0;939,8;940;939,7;;15,4;14,3;15,6;15,1;14,5;14,2;94;93;93;;;;
2021/04/22;0800 UTC;0;939,8;939,8;939,5;;14,8;14;15,4;14,8;14,3;13,8;95;93;95;;;;
2021/04/22;0900 UTC;0;940,4;940,5;939,8;;14,3;13,5;14,9;14,3;14;13,4;96;94;95;;;;
2021/04/22;1000 UTC;0;941,4;941,4;940,5;2,9;14;13,4;14,4;13,9;13,5;13,2;96;94;96;;;;
2021/04/22;1100 UTC;0;942;942;941,4;410;15,7;14;15,9;14;14,2;13,4;96;88;90;;;;
2021/04/22;1200 UTC;0;942,6;942,6;942;1269,7;18,2;14,6;18,5;15,7;15,3;14;91;78;79;;;;
2021/04/22;1300 UTC;0;942,3;942,6;942,3;2024,2;19,7;14,8;20,2;18;15,2;14;81;71;73;;;;
2021/04/22;1400 UTC;0;941,8;942,4;941,8;2545,3;21,5;14,8;21,9;19,5;15,8;14,1;73;65;66;;;;
2021/04/22;1500 UTC;0;941,1;941,9;941;3030,2;22,9;15,1;23,6;21,3;16;14,5;68;60;61;;;;
2021/04/22;1600 UTC;0;940,4;941,1;940,4;3041,1;22,9;14,9;24,9;22,8;16,2;14,4;63;56;61;;;;
2021/04/22;1700 UTC;0;939,6;940,4;939,6;2969,3;25,5;16;25,8;22,9;16,9;14,5;63;53;56;;;;
2021/04/22;1800 UTC;0;938,9;939,6;938,9;2751;24,5;15,1;26,1;24,4;16,4;14,2;57;51;56;;;;
2021/04/22;1900 UTC;0;938,6;938,9;938,6;2009,8;25,1;14,3;25,9;24,1;16,1;13,9;58;51;51;;;;
2021/04/22;2000 UTC;0;938,8;938,8;938,6;1342,8;24;14,5;25,3;24;15,2;13,7;56;50;55;;;;
2021/04/22;2100 UTC;0;939;939;938,7;164,9;21,4;14,1;24,1;21,4;14,8;13,9;64;54;63;;;;
2021/04/22;2200 UTC;0;939,2;939,3;938,9;1,5;19,8;14;21,4;19,8;14,2;13,9;69;63;69;;;;
2021/04/22;2300 UTC;0;939,7;939,7;939,2;;19,8;13,8;20,3;19,5;14,1;13,7;70;66;68;;;;
2021/04/23;0000 UTC;0;939,9;940;939,7;;19,2;13,4;19,9;19;13,8;13,4;71;67;69;;;;
2021/04/23;0100 UTC;0;940,3;940,3;939,9;;18,8;12,7;19,4;18,6;13,4;12,6;70;66;68;;;;
2021/04/23;0200 UTC;0;940,9;941;940,3;;17,6;13;18,8;17,2;13,1;12,7;76;68;75;;;;
2021/04/23;0300 UTC;0;940,8;941,1;940,8;;16,6;12,8;17,6;16,5;13,2;12,6;79;74;78;;;;
2021/04/23;0400 UTC;0;940,6;940,8;940,5;;15,9;13,1;16,9;15,9;13,2;12,8;83;78;83;;;;
2021/04/23;0500 UTC;0;940,4;940,7;940,2;;15,4;12,9;16;15,2;13,2;12,8;86;83;85;;;;
2021/04/23;0600 UTC;0;940,2;940,4;940,2;;15,1;12;15,6;15,1;12,9;11,9;85;81;82;;;;
2021/04/23;0700 UTC;0;939,7;940,2;939,7;;15;11,7;15,3;14,9;12,1;11,7;82;79;81;;;;
2021/04/23;0800 UTC;0;940,1;940,1;939,7;;14,4;11,4;15,1;14,2;11,9;11,4;85;80;82;;;;
2021/04/23;0900 UTC;0;940,4;940,6;940;;14,3;11,9;14,8;14,2;12,1;11,4;86;81;86;;;;
2021/04/23;1000 UTC;0;941,3;941,3;940,4;2,2;14,3;12,2;14,6;14;12,2;11,8;88;84;87;;;;
2021/04/23;1100 UTC;0;942,1;942,1;941,3;400;15,8;12,6;16;14,1;13,1;12,1;88;81;81;;;;
2021/04/23;1200 UTC;0;942,5;942,5;942,1;1240,3;17,5;13,6;17,7;15,7;13,8;12,5;84;75;77;;;;
2021/04/23;1300 UTC;0;942,5;942,6;942,4;2037,4;20,4;14,1;20,4;17,3;14,3;13;78;66;67;;;;
2021/04/23;1400 UTC;0;942,2;942,6;942,1;2639,7;21,2;13,5;22,1;20,2;14,7;13,3;68;59;61;;;;
2021/04/23;1500 UTC;0;941,2;942,2;941,2;3012,9;23,4;14,1;23,4;21,2;14,5;12,7;64;53;56;;;;
2021/04/23;1600 UTC;0;940;941,2;940;3132,4;25,4;13,3;25,4;23,3;14,8;12,5;56;47;47;;;;
2021/04/23;1700 UTC;0;939,2;940;939,2;2360,2;25,1;11,4;25,8;24,2;14,5;11,4;52;42;42;;;;
2021/04/23;1800 UTC;0;938,3;939,3;938,3;2330,8;25;11,9;26,2;24,4;14;10,7;50;40;44;;;;
2021/04/23;1900 UTC;0;938,3;938,4;938,1;1902,6;25,4;11;26,4;24,2;12,6;10,3;47;37;40;;;;
2021/04/23;2000 UTC;0;938,2;938,4;938;1154,9;24,8;11,3;26,2;24,3;12,5;10,3;48;38;43;;;;
2021/04/23;2100 UTC;0;938,5;938,5;938,1;113,9;21;11,7;25;21;12,3;10,8;55;42;55;;;;
2021/04/23;2200 UTC;0;938,7;938,7;938,4;;20;11,3;21;19,9;11,8;11,3;59;55;57;;;;
2021/04/23;2300 UTC;0;939,3;939,3;938,7;;19,3;11,1;20;19,3;11,4;10,9;59;57;59;;;;
2021/04/24;0000 UTC;0;939,9;940;939,3;;18,8;11,6;19,6;18,8;11,7;10,9;63;59;63;;;;
2021/04/24;0100 UTC;0;940,1;940,1;939,8;;18,7;11,3;18,9;18;11,8;11,2;66;61;62;;;;
2021/04/24;0200 UTC;0;940;940,2;939,8;;18,8;11,2;20;18,7;11,3;11;62;56;61;;;;
2021/04/24;0300 UTC;0;939,9;940,1;939,9;;19;12,1;19,7;18,6;12,1;11,2;64;59;64;;;;
2021/04/24;0400 UTC;0;939,4;939,9;939,3;;18,4;12,1;19,7;18,4;12,5;11,9;67;62;67;;;;
2021/04/24;0500 UTC;0;938,7;939,4;938,7;;17,7;12,1;19,2;17,5;12,3;11,7;70;62;70;;;;
2021/04/24;0600 UTC;0;938,6;938,8;938,5;;17,4;12,8;17,7;16;12,8;12;78;70;74;;;;
2021/04/24;0700 UTC;0;938,4;938,6;938,3;;16,7;13;17,4;16,7;13,1;12,7;79;74;79;;;;
2021/04/24;0800 UTC;0;938,4;938,5;938,2;;16,6;13,1;16,8;16,5;13,2;13;80;79;80;;;;
2021/04/24;0900 UTC;0;939;939,1;938,4;;16,2;12,9;16,7;16;13,1;12,9;82;79;81;;;;
2021/04/24;1000 UTC;0;939,8;939,8;939;3,2;16,2;13;16,4;15,8;13;12,7;83;79;81;;;;
2021/04/24;1100 UTC;0;940,5;940,5;939,8;390,2;17,7;13,8;17,7;16,2;13,8;13;81;78;78;;;;
2021/04/24;1200 UTC;0;940,8;940,8;940,5;1220,6;18,8;14,4;19;17,7;14,7;13,8;79;73;75;;;;
2021/04/24;1300 UTC;0;941,1;941,2;940,8;1964,3;21,3;15,3;21,4;18,8;15,8;14,2;76;66;69;;;;
2021/04/24;1400 UTC;0;940,3;941,1;940,3;2554,3;24,2;15,7;24,2;21,1;15,8;14,4;69;57;59;;;;
2021/04/24;1500 UTC;0;939,7;940,4;939,7;2896;25,8;14,2;25,8;24,1;16,4;13,3;60;47;49;;;;
2021/04/24;1600 UTC;0;938,6;939,7;938,6;2992,6;26,5;13,8;27,2;25;14,9;12,8;51;43;46;;;;
2021/04/24;1700 UTC;0;937,6;938,6;937,6;2842,5;27;13,1;27,6;25,8;14,8;12,1;48;40;42;;;;
2021/04/24;1800 UTC;0;937,1;937,6;937;2447,3;27,6;13;27,9;26,5;14,8;12,8;46;40;40;;;;
2021/04/24;1900 UTC;0;936,5;937,2;936,4;1819,4;26,8;13,6;28;26,7;14,9;12,6;47;40;44;;;;
2021/04/24;2000 UTC;0;936,6;936,7;936,4;1043,4;24,9;13,5;27,1;24,9;14,7;12,5;51;42;49;;;;
2021/04/24;2100 UTC;0;937,1;937,1;936,6;198,1;23,4;12,9;25,5;23,3;14,6;12,4;55;46;52;;;;
2021/04/24;2200 UTC;0;937,6;937,6;937,1;2,3;22,3;13,2;23,7;22,3;13,2;12,7;56;50;56;;;;
2021/04/24;2300 UTC;0;938;938;937,5;;21,8;13,3;22,3;21,6;13,6;13;60;56;59;;;;
2021/04/25;0000 UTC;0;938,4;938,4;937,8;;20,4;13,5;21,8;20,4;13,8;13,2;65;58;65;;;;
2021/04/25;0100 UTC;0;938,3;938,4;938,2;;20,9;13;21;20,3;13,6;12,9;65;60;60;;;;
2021/04/25;0200 UTC;0;938,5;938,5;938,2;;19,9;12,5;20,9;19,9;13,1;12,4;63;59;62;;;;
2021/04/25;0300 UTC;0;938,9;938,9;938,5;;19,5;13;20;19,5;13,1;12,3;66;61;66;;;;
2021/04/25;0400 UTC;0;938,7;938,9;938,7;;19,4;13,7;19,8;19,4;13,7;13,1;69;66;69;;;;
2021/04/25;0500 UTC;0;938,2;938,7;938,2;;19,3;13,7;19,8;19,1;13,8;13,6;71;68;70;;;;
2021/04/25;0600 UTC;0;937,8;938,2;937,8;;19,1;13,6;19,6;19,1;13,8;13,6;71;69;71;;;;
2021/04/25;0700 UTC;0;937,6;937,9;937,6;;19,7;13,4;20,2;19;13,7;13,3;72;65;67;;;;
2021/04/25;0800 UTC;0;937,5;937,7;937,4;;19;13,4;19,8;18,9;13,5;13,1;71;66;70;;;;
2021/04/25;0900 UTC;0;937,5;937,6;937,4;;20,1;13;20,1;18,9;13,5;12,9;71;63;64;;;;
2021/04/25;1000 UTC;0;937,7;937,8;937,4;2,5;20,6;13,2;20,7;20,1;13,3;12,8;64;61;62;;;;
2021/04/25;1100 UTC;0;938,3;938,3;937,7;345,4;21,6;13,6;22,6;20,5;14,6;13,1;63;58;60;;;;
2021/04/25;1200 UTC;0;938,6;938,6;938,2;951,5;22,9;14,1;23,7;21,6;14,5;13,3;61;52;58;;;;
2021/04/25;1300 UTC;0;938,9;938,9;938,5;1094,4;23,6;14,4;24;22,9;14,7;13,5;59;54;56;;;;
2021/04/25;1400 UTC;0;938,6;938,9;938,1;1312,7;24,9;15,5;24,9;23,1;15,5;13,7;59;55;56;;;;
2021/04/25;1500 UTC;0;938,2;938,6;938,2;2859,7;27,6;15,5;27,6;24,9;15,8;13,8;56;45;48;;;;
2021/04/25;1600 UTC;0;937,4;938,2;937,2;2641,4;28,5;14,2;28,6;26,7;15,8;13,2;50;40;42;;;;
2021/04/25;1700 UTC;0;936,8;937,4;936,8;2255;27,5;15,4;28,8;27,3;15,8;13,5;48;40;48;;;;
2021/04/25;1800 UTC;0;936,4;936,9;936,4;1080,5;26,1;15,2;28,8;26;16,5;14,4;54;43;51;;;;
2021/04/25;1900 UTC;0;936,1;936,4;936,1;1116,9;26,7;14,5;28,4;26;16,2;14,4;53;44;47;;;;
2021/04/25;2000 UTC;0;936,7;936,8;936,1;544,1;25,4;15,6;26,7;25,4;16,3;14,1;56;46;55;;;;
2021/04/25;2100 UTC;0;937,2;937,2;936,7;124,1;24;14,3;25,4;24;16,3;14,3;59;53;55;;;;
2021/04/25;2200 UTC;0;937,3;937,3;937,1;1,1;22,6;14;24;22,5;14,5;13,8;59;54;58;;;;
2021/04/25;2300 UTC;0;937,9;937,9;937,3;;22,5;13,8;22,7;22,2;14,1;13,7;59;57;58;;;;
2021/04/26;0000 UTC;0;938,1;938,1;937,8;;21,2;13,8;22,7;21,2;14;13,7;63;57;63;;;;
2021/04/26;0100 UTC;0;938,5;938,6;938,1;;21,9;14,1;22;21,2;14,3;13,8;63;60;61;;;;
2021/04/26;0200 UTC;0;938,7;938,7;938,4;;22;14,2;22,1;21,8;14,4;14;62;60;61;;;;
2021/04/26;0300 UTC;0;938,9;938,9;938,7;;21,5;14,6;22;21,5;14,9;14,1;66;61;65;;;;
2021/04/26;0400 UTC;0;938,6;938,9;938,5;;21,6;14,8;21,7;21,3;15;14,5;67;65;65;;;;
2021/04/26;0500 UTC;0;938;938,6;937,9;;20,5;14,9;21,6;20,4;15;14,6;71;65;71;;;;
2021/04/26;0600 UTC;0;937,6;938;937,6;;19,6;14,6;20,7;19,6;15;14,6;73;69;73;;;;
2021/04/26;0700 UTC;0;937,3;937,6;937,2;;18,5;14,6;19,6;18,5;14,7;14,5;78;73;78;;;;
2021/04/26;0800 UTC;0;937;937,3;937;;18;14,7;18,5;17,9;14,7;14,5;81;78;81;;;;
2021/04/26;0900 UTC;0;937,3;937,3;937;;18;14,5;18,4;18;14,8;14,5;81;79;80;;;;
2021/04/26;1000 UTC;0;937,9;937,9;937,3;4,8;17,3;14,8;18;16,9;14,8;14,5;87;80;85;;;;
2021/04/26;1100 UTC;0;938,4;938,4;937,9;355,5;20,6;15,5;20,6;17,3;16,3;14,7;86;72;73;;;;
2021/04/26;1200 UTC;0;938,9;938,9;938,4;1120,9;22,4;15,8;23;20,6;16,5;15,2;74;64;66;;;;
2021/04/26;1300 UTC;0;939,6;939,6;938,9;1785;25,1;17,1;25,1;22,4;17,2;15,6;68;58;61;;;;
2021/04/26;1400 UTC;0;939,4;939,6;939,4;2449,7;26,1;16;26,3;23,7;17,6;15,6;65;53;54;;;;
2021/04/26;1500 UTC;0;938,6;939,4;938,5;2860,3;27,7;16,3;28,1;26;17,3;14,9;57;47;50;;;;
2021/04/26;1600 UTC;0;937,9;938,6;937,9;2620,9;27,8;17;28,1;27,3;17;14,8;52;45;52;;;;
2021/04/26;1700 UTC;0;937,1;937,9;937,1;2540;27,2;16,5;29,2;27,2;17,2;14,5;54;44;52;;;;
2021/04/26;1800 UTC;0;936,6;937,1;936,5;1370,9;27,4;17;28;26,7;17,6;15,3;54;47;53;;;;
2021/04/26;1900 UTC;0;936,4;936,6;936,3;1772,2;27,6;15,6;29,1;27,4;17,1;15;53;44;48;;;;
2021/04/26;2000 UTC;0;936,6;936,6;936,4;558,7;24,7;16,6;27,7;24,6;17,2;15,1;63;46;61;;;;
2021/04/26;2100 UTC;0;936,9;936,9;936,6;149,5;24,8;16,1;25,1;24,6;17,5;15,8;64;57;58;;;;
2021/04/26;2200 UTC;0;937,2;937,2;936,8;,1;23,6;16,1;25;22,8;17,3;15,8;71;57;63;;;;
2021/04/26;2300 UTC;0;937,6;937,6;937,2;;22;16,3;23,6;22;16,7;16,1;71;63;70;;;;
2021/04/27;0000 UTC;0;938,1;938,1;937,6;;22,1;15,2;22,2;21,4;16,2;15,2;70;65;65;;;;
2021/04/27;0100 UTC;0;938,5;938,5;938,1;;22,1;14,8;22,3;21,6;15,2;14,7;66;63;63;;;;
2021/04/27;0200 UTC;0;938,6;938,7;938,5;;21,5;14,1;22,1;21,4;15;14;66;62;62;;;;
2021/04/27;0300 UTC;0;938,7;938,7;938,6;;19,4;13,5;21,6;19,4;14,2;13,5;69;62;69;;;;
2021/04/27;0400 UTC;0;938,5;938,7;938,5;;19,1;13;19,4;18,9;13,6;12,9;70;67;68;;;;
2021/04/27;0500 UTC;0;938;938,5;938;;18,3;12,4;19,2;18,3;12,9;12,4;69;66;68;;;;
2021/04/27;0600 UTC;0;937,6;938;937,6;;18,2;12,3;18,5;18;12,5;12,2;69;67;68;;;;
2021/04/27;0700 UTC;0;937,4;937,6;937,4;;16,9;12,4;18,2;16,9;12,6;12,2;75;68;74;;;;
2021/04/27;0800 UTC;0;937,4;937,5;937,4;;15,9;12,8;17,2;15,9;12,9;12,4;82;74;82;;;;
2021/04/27;0900 UTC;0;937,8;937,8;937,4;;15,3;13,3;16;15,2;13,6;12,8;88;82;88;;;;
2021/04/27;1000 UTC;0;938,5;938,5;937,8;2;14,9;13,4;15,4;14,7;13,4;13,2;91;88;90;;;;
2021/04/27;1100 UTC;0;939,2;939,2;938,5;368,9;19,1;15,6;19,1;14,9;15,7;13,3;91;80;80;;;;
2021/04/27;1200 UTC;0;939,7;939,7;939,2;1183;20,6;16,8;20,9;19,1;17,4;15,5;82;77;79;;;;
2021/04/27;1300 UTC;0;940,3;940,3;939,7;1956,7;22;17,1;22,2;20,6;18;16,9;83;74;74;;;;
2021/04/27;1400 UTC;0;940,4;940,5;940,3;2505,1;25,5;16,9;26;22;18,3;15;76;54;59;;;;
2021/04/27;1500 UTC;0;939,9;940,4;939,9;2924;26,1;13,3;26,8;25,4;16,9;13,3;60;45;45;;;;
2021/04/27;1600 UTC;0;939,3;940;939,3;3013,1;26,5;13,6;27,4;25,9;15,4;12,3;50;40;45;;;;
2021/04/27;1700 UTC;0;938,5;939,3;938,5;2876,5;28,1;13,4;28,1;26,5;14,8;11,8;48;38;41;;;;
2021/04/27;1800 UTC;0;937,8;938,5;937,8;2451,7;27,9;14,7;28,3;27;15,4;11,6;46;38;45;;;;
2021/04/27;1900 UTC;0;937,4;937,8;937,4;1882,9;27,3;11,2;28,3;27,3;13,8;10,6;44;33;37;;;;
2021/04/27;2000 UTC;0;937,6;937,6;937,4;1085,3;26,4;11,4;27,9;26,4;12,3;10,5;40;36;39;;;;
2021/04/27;2100 UTC;0;937,6;937,6;937,5;86,3;22,9;11,1;26,5;22,9;11,7;10,6;47;38;47;;;;
2021/04/27;2200 UTC;0;938;938;937,6;;21,9;10,2;22,9;21,8;11,1;9,8;48;45;48;;;;
2021/04/27;2300 UTC;0;938,5;938,5;938;;20,3;10;22;20,3;10,5;10;52;47;52;;;;
2021/04/28;0000 UTC;0;938,9;939;938,5;;19,4;10;20,4;19,4;10;9,6;55;51;55;;;;
2021/04/28;0100 UTC;0;939;939;938,9;;18,8;9,9;19,4;18,8;10,1;9,8;57;54;56;;;;
2021/04/28;0200 UTC;0;939,2;939,2;939;;18,1;9,1;18,8;18,1;9,9;9,1;58;56;56;;;;
2021/04/28;0300 UTC;0;939,4;939,4;939,2;;17,8;10,1;18;17,4;10,2;9;61;56;60;;;;
2021/04/28;0400 UTC;0;939,3;939,4;939,3;;18,7;13,7;19,4;17,8;13,7;10,2;73;60;73;;;;
2021/04/28;0500 UTC;0;939;939,3;938,9;;18,3;14,1;18,9;18,3;14,1;13,6;77;72;77;;;;
2021/04/28;0600 UTC;0;938,8;939;938,7;;16,9;14,7;18,3;16,8;14,7;14,1;87;77;87;;;;
2021/04/28;0700 UTC;0;938,4;938,8;938,4;;16,4;15;16,9;16,3;15,1;14,6;92;87;91;;;;
2021/04/28;0800 UTC;0;938,4;938,5;938,4;;16;14,9;16,5;16;15,1;14,8;93;91;93;;;;
2021/04/28;0900 UTC;0;939,1;939,1;938,4;;15,1;14,5;16,1;15;15,2;14,3;97;93;96;;;;
2021/04/28;1000 UTC;0;939,8;939,8;939;2;13,7;13,4;15,1;13,7;14,6;13,4;98;96;98;;;;
2021/04/28;1100 UTC;0;940,7;940,7;939,8;310,2;16,4;14,9;16,4;13,6;15,2;13,4;99;91;91;;;;
2021/04/28;1200 UTC;0;941,3;941,3;940,6;1185,6;17,8;15,5;17,9;16,3;15,7;14,8;92;84;86;;;;
2021/04/28;1300 UTC;0;941,6;941,7;941,3;1954,3;20,9;16,6;20,9;17,8;16,6;15,1;87;74;77;;;;
2021/04/28;1400 UTC;0;941,7;941,9;941,6;2535,6;23,8;16,3;23,8;20,9;17;15,7;77;63;63;;;;
2021/04/28;1500 UTC;0;941,4;941,7;941,3;2889,6;24,9;13,6;25,7;23,5;17;12,6;65;46;50;;;;
2021/04/28;1600 UTC;0;940,7;941,3;940,7;2974,8;26,1;13,3;26,9;24,6;15,5;12,4;52;45;45;;;;
2021/04/28;1700 UTC;0;940,1;940,7;940,1;2873,9;27,2;12,2;27,9;25,7;14,5;9,4;49;32;39;;;;
2021/04/28;1800 UTC;0;939,7;940,1;939,7;2479,9;27,6;10,8;28,5;26,7;13,4;10,2;43;33;35;;;;
2021/04/28;1900 UTC;0;939,6;939,7;939,6;1869,1;27,2;9,8;27,9;27;11,8;9,6;38;33;34;;;;
2021/04/28;2000 UTC;0;939,7;939,7;939,4;1076,6;25,7;11;27,2;25,5;11,7;9,9;40;34;40;;;;
2021/04/28;2100 UTC;0;939,8;939,8;939,7;83,9;22,5;9,8;25,7;22,5;10,9;9,7;45;39;45;;;;
2021/04/28;2200 UTC;0;940,2;940,2;939,7;;20,8;10;22,5;20,7;10,2;8,6;50;42;50;;;;
2021/04/28;2300 UTC;0;940,4;940,5;940,1;;19,9;9,5;20,8;19,8;10,1;9,5;53;49;51;;;;
2021/04/29;0000 UTC;0;941;941;940,4;;18,8;9,4;19,9;18,7;9,6;9,3;54;51;54;;;;
2021/04/29;0100 UTC;0;941,3;941,4;941;;17,8;9,2;18,9;17,8;9,6;9;57;53;57;;;;
2021/04/29;0200 UTC;0;941,3;941,4;941,3;;18;8,6;18,3;17,5;9,4;8,5;58;53;54;;;;
2021/04/29;0300 UTC;0;941,8;941,8;941,3;;16,8;10,7;18,6;16,8;10,7;8,5;67;54;67;;;;
2021/04/29;0400 UTC;0;941,6;941,8;941,6;;16,8;12,7;17,6;16,7;12,8;10,8;77;67;77;;;;
2021/04/29;0500 UTC;0;941,9;942;941,6;;15,4;13,2;17,1;15,4;13,3;12,8;87;77;87;;;;
2021/04/29;0600 UTC;0;941,8;942;941,6;;15,3;13,9;15,6;15,1;13,9;13,4;92;87;91;;;;
2021/04/29;0700 UTC;0;942;942;941,7;;14,7;13,4;15,3;14,6;13,9;13,3;93;91;92;;;;
2021/04/29;0800 UTC;0;941,6;942;941,6;;15;13,4;15;14,4;13,5;13,1;93;90;90;;;;
2021/04/29;0900 UTC;0;941,9;941,9;941,6;;14,9;13,2;15,2;14,7;13,4;13,1;91;88;89;;;;
2021/04/29;1000 UTC;0;942,5;942,6;941,9;1;14,5;13,1;15,1;14,4;13,3;12,8;92;89;91;;;;
2021/04/29;1100 UTC;0;943,3;943,4;942,5;335,6;16,5;13,4;16,6;14,5;13,7;13;91;81;82;;;;
2021/04/29;1200 UTC;0;944,3;944,3;943,3;1146;18,7;13,7;18,8;16,5;14,2;13,2;83;70;73;;;;
2021/04/29;1300 UTC;0;944,6;944,6;944,3;1931,7;20,1;13;20,2;18,5;13,6;12,5;73;62;64;;;;
2021/04/29;1400 UTC;0;944,7;944,7;944,5;2518,9;21,5;12,2;21,9;19,8;13,5;11,8;64;55;55;;;;
2021/04/29;1500 UTC;0;944,1;944,7;944,1;2878,4;23,5;13,2;23,5;21,5;13,8;12,1;58;52;52;;;;
2021/04/29;1600 UTC;0;943,8;944,2;943,8;2996,2;24,2;13;24,8;22,9;13,8;12,2;55;47;50;;;;
2021/04/29;1700 UTC;0;943,1;943,8;943,1;2841;24,6;11,2;25,4;23,6;14;10,7;52;41;43;;;;
2021/04/29;1800 UTC;0;942,6;943,2;942,6;2485,5;25,3;10,9;25,4;24,5;11,9;9,6;44;37;40;;;;
2021/04/29;1900 UTC;0;942,1;942,7;942,1;1875,2;24,7;10,3;25,4;24,5;11;9,2;42;37;40;;;;
2021/04/29;2000 UTC;0;942,2;942,2;942;1009;23,1;10,1;24,7;23,1;11,1;9,4;44;39;44;;;;
2021/04/29;2100 UTC;0;942,4;942,4;942,2;117,2;21,7;11;23,2;21,5;11,2;9,7;51;43;51;;;;
2021/04/29;2200 UTC;0;942,9;942,9;942,3;;20,5;10,9;21,8;20,3;11,1;10,9;55;50;54;;;;
2021/04/29;2300 UTC;0;943,2;943,2;942,9;;19,3;10,6;20,5;19,3;10,9;10,6;57;54;57;;;;
2021/04/30;0000 UTC;0;943,7;943,7;943,2;;18,8;11,2;19,5;18,8;11,2;10,6;61;57;61;;;;
2021/04/30;0100 UTC;0;944,3;944,3;943,7;;17,5;12,2;18,8;17,4;12,2;11,2;71;61;71;;;;
2021/04/30;0200 UTC;0;944,5;944,5;944,2;;16,9;12,7;17,6;16,8;12,7;12,1;76;71;76;;;;
2021/04/30;0300 UTC;0;944,6;944,6;944,5;;16;13,1;16,9;16;13,1;12,7;83;76;83;;;;
2021/04/30;0400 UTC;0;944,5;944,6;944,4;;15,5;13;16,1;15,4;13,2;13;86;83;85;;;;
2021/04/30;0500 UTC;0;944,2;944,5;944,1;;15;12,6;15,5;15;13;12,6;86;84;86;;;;
2021/04/30;0600 UTC;0;943,7;944,2;943,7;;14,8;12,7;15;14,6;12,7;12,6;88;86;88;;;;
2021/04/30;0700 UTC;0;943,6;943,8;943,5;;14,3;12,5;14,8;14,1;12,7;12,4;90;87;89;;;;
2021/04/30;0800 UTC;0;943,4;943,6;943,3;;14,2;12,3;14,6;14,2;12,5;12,2;89;86;88;;;;
2021/04/30;0900 UTC;0;943,4;943,4;943,2;;14,6;12,1;14,7;14,2;12,3;12;88;84;85;;;;
2021/04/30;1000 UTC;0;944;944;943,4;,9;14,5;12,1;14,8;14,4;12,2;12;86;84;86;;;;
2021/04/30;1100 UTC;0;944,5;944,5;944;309,4;15,6;12,5;15,9;14,4;12,8;12;86;81;82;;;;
2021/04/30;1200 UTC;0;944,9;944,9;944,3;1131,3;18,1;13,1;18,2;15,4;13,5;12,4;84;72;72;;;;
2021/04/30;1300 UTC;0;945,2;945,3;944,8;1738;19,2;13,7;19,4;17,8;13,7;12,8;75;68;70;;;;
2021/04/30;1400 UTC;0;945,1;945,4;945,1;2272,2;21,9;14,1;21,9;19,2;14,2;13;71;61;61;;;;
2021/04/30;1500 UTC;0;944,3;945,1;944,2;2729;23,4;13,3;23,8;21,8;14,8;13;62;53;53;;;;
2021/04/30;1600 UTC;0;943,5;944,3;943,5;2317,8;24,5;14,1;24,7;22,4;14,8;13,1;57;52;52;;;;
2021/04/30;1700 UTC;0;942,9;943,5;942,9;2743;24,8;14,5;25,4;24,3;15,4;13,8;56;51;53;;;;
2021/04/30;1800 UTC;0;942,3;943;942,3;2484,3;25,7;14,3;26;24,8;15,5;14,3;55;49;50;;;;
2021/04/30;1900 UTC;0;942;942,3;941,9;1784,7;24,9;15;25,8;24,7;15,3;14,2;55;50;54;;;;
2021/04/30;2000 UTC;0;942,1;942,1;941,9;785,8;23,6;14,5;24,9;23,5;15,3;14,4;58;54;57;;;;
2021/04/30;2100 UTC;0;942,3;942,3;942;132,7;22,3;14,7;23,6;22,3;14,8;14,5;62;57;62;;;;
2021/04/30;2200 UTC;0;942,3;942,4;942,2;;20,7;14,7;22,3;20,6;14,9;14,6;70;62;69;;;;
2021/04/30;2300 UTC;0;942,5;942,5;942,2;;20,5;14,5;21;20,4;14,7;14,5;70;67;68;;;;
2021/05/01;0000 UTC;0;942,9;942,9;942,5;;19,9;13,9;20,5;19,9;14,5;13,9;69;67;68;;;;
2021/05/01;0100 UTC;0;943,1;943,2;942,8;;18,6;14;20,2;18,6;14;13,6;75;66;75;;;;
2021/05/01;0200 UTC;0;943,2;943,2;943,1;;17,7;14;18,6;17,4;14,1;13,9;80;74;79;;;;
2021/05/01;0300 UTC;0;943,3;943,4;943,2;;17;13,8;17,7;16,8;14;13,7;82;78;81;;;;
2021/05/01;0400 UTC;0;943;943,3;943;;16,7;13,6;17,3;16,6;13,8;13,6;83;80;82;;;;
2021/05/01;0500 UTC;0;942,5;943;942,5;;16,4;13,5;16,9;16,3;13,6;13,4;83;81;83;;;;
2021/05/01;0600 UTC;0;942,4;942,6;942,4;;16,2;13,5;16,5;15,9;13,5;13,3;85;83;84;;;;
2021/05/01;0700 UTC;0;942,1;942,4;942,1;;15,6;13,3;16,2;15,6;13,4;13,3;86;84;86;;;;
2021/05/01;0800 UTC;0;942,1;942,2;941,9;;15,6;13,3;15,8;15,5;13,4;13,2;87;85;86;;;;
2021/05/01;0900 UTC;0;942,5;942,5;942;;15,1;13,2;15,6;15;13,3;13,1;89;86;89;;;;
2021/05/01;1000 UTC;0;943,4;943,4;942,5;0;15,2;13,2;15,4;14,9;13,3;13,1;89;87;88;;;;
2021/05/01;1100 UTC;0;944;944,1;943,3;284,4;16,8;13,4;16,8;15,2;13,7;13,2;88;81;81;;;;
2021/05/01;1200 UTC;0;944,8;944,8;944;966,7;18,5;14,1;18,5;16,6;14,1;13,3;82;75;75;;;;
2021/05/01;1300 UTC;0;945,3;945,3;944,7;1436,9;20,6;14,3;20,7;18,5;14,8;13,8;75;67;67;;;;
2021/05/01;1400 UTC;0;945,2;945,4;945,2;1614,1;22,1;14,5;22,8;20,5;15,4;14,1;69;60;62;;;;
2021/05/01;1500 UTC;0;944,3;945,2;944,3;2364,7;24,6;14,9;25,1;22,1;15,7;14,3;63;54;55;;;;
2021/05/01;1600 UTC;0;943,7;944,3;943,7;2965,1;26,1;15,7;26,1;24,6;15,8;14,9;57;52;53;;;;
2021/05/01;1700 UTC;0;943,1;943,7;943,1;2583,6;26,1;15,4;26,9;25,7;16,5;15,1;56;49;52;;;;
2021/05/01;1800 UTC;0;942,4;943,1;942,3;2238,8;26,4;16;27,1;26,1;16,8;15;54;49;53;;;;
2021/05/01;1900 UTC;0;942;942,4;942;1668,6;26,3;15,4;26,8;25,8;16,2;15,1;54;50;51;;;;
2021/05/01;2000 UTC;0;942;942;941,9;1018,3;25,1;15,4;26,7;25,1;16;15,1;55;50;55;;;;
2021/05/01;2100 UTC;0;941,9;942,1;941,9;171,3;23,8;15,2;25,1;23,8;15,6;15,2;59;55;59;;;;
2021/05/01;2200 UTC;0;942,1;942,1;941,9;;23,1;14,6;23,8;22,9;15,2;14,6;60;59;59;;;;
2021/05/01;2300 UTC;0;942,6;942,6;942,1;;22,4;14,6;23,1;22,4;14,6;14,5;61;58;61;;;;
2021/05/02;0000 UTC;0;942,9;942,9;942,5;;22,3;14,7;22,8;22,3;14,9;14,6;62;61;62;;;;
2021/05/02;0100 UTC;0;942,9;942,9;942,7;;21,9;14;22,4;21,8;14,7;14;63;61;61;;;;
2021/05/02;0200 UTC;0;943,1;943,1;942,8;;21,6;13,6;22;21,6;14;13,5;61;59;61;;;;
2021/05/02;0300 UTC;0;943,3;943,4;943;;20,9;13,4;21,7;20,7;13,7;13,3;63;60;62;;;;
2021/05/02;0400 UTC;0;943,2;943,3;943,1;;20;13,3;20,9;19,9;13,4;13,2;66;62;65;;;;
2021/05/02;0500 UTC;0;942,8;943,2;942,7;;18,8;13,7;20;18,8;13,7;13,3;72;65;72;;;;
2021/05/02;0600 UTC;0;942,6;942,8;942,5;;18,2;13,8;18,8;18,2;13,8;13,7;75;72;75;;;;
2021/05/02;0700 UTC;0;942,5;942,6;942,4;;17,6;13,8;18,3;17,6;13,8;13,8;79;75;79;;;;
2021/05/02;0800 UTC;0;942,3;942,5;942,2;;17,3;13,8;17,6;17,3;13,9;13,8;80;79;80;;;;
2021/05/02;0900 UTC;0;942,6;942,6;942,2;;17,4;13;17,5;17,2;13,8;13;80;75;75;;;;
2021/05/02;1000 UTC;0;943,3;943,4;942,6;;17;12,9;17,5;17;13;12,8;77;75;77;;;;
2021/05/02;1100 UTC;0;943,7;943,7;943,3;243,2;18,2;13,1;18,2;16,8;13,3;12,8;77;72;72;;;;
2021/05/02;1200 UTC;0;944,1;944,1;943,7;1038,8;21,4;13,1;21,4;18,2;13,6;12,7;72;59;59;;;;
2021/05/02;1300 UTC;0;945;945;944,1;1816,2;23,1;13,3;23,2;21,2;13,9;12,4;59;53;54;;;;
2021/05/02;1400 UTC;0;944,9;945,1;944,9;2383,4;24,5;13,4;24,5;23;13,9;12,3;55;48;50;;;;
2021/05/02;1500 UTC;0;944,2;944,9;944,2;2736,6;25,4;13,5;26;24,4;14,2;12,6;51;44;48;;;;
2021/05/02;1600 UTC;0;943,5;944,3;943,5;2841,8;26,3;13,7;26,7;25,4;14,5;12,8;49;44;46;;;;
2021/05/02;1700 UTC;0;942,9;943,6;942,9;2700,2;27,2;14;27,2;26;14,3;12,8;48;42;44;;;;
2021/05/02;1800 UTC;0;942,2;942,9;942,2;2405,1;26,9;13,6;27,7;26,4;14,8;12,8;47;41;44;;;;
2021/05/02;1900 UTC;0;941,9;942,3;941,8;1451,8;26,7;13,4;27,3;25,9;14,3;12,5;48;41;44;;;;
2021/05/02;2000 UTC;0;941,8;941,9;941,8;884,8;25,6;13,2;26,7;25,6;13,9;12,6;47;42;46;;;;
2021/05/02;2100 UTC;0;942;942;941,8;99,3;23,9;12,4;25,8;23,7;13,5;12,3;52;44;48;;;;
2021/05/02;2200 UTC;0;942,2;942,2;942;;23,4;12,2;24,3;23,3;12,4;12,1;50;47;49;;;;
2021/05/02;2300 UTC;0;942,7;942,7;942,2;;23,2;12,1;23,4;22,9;12,2;12,1;51;49;50;;;;
2021/05/03;0000 UTC;0;943,2;943,2;942,7;;22;12,1;23,5;22;12,2;12;53;49;53;;;;
2021/05/03;0100 UTC;0;943,2;943,2;943,1;;21,7;12;22,1;21,6;12,3;12;55;53;54;;;;
2021/05/03;0200 UTC;0;943,2;943,2;942,9;;21,3;11,7;21,8;21,2;12;11,7;55;54;54;;;;
2021/05/03;0300 UTC;0;943;943,2;943;;21,1;11,8;21,4;20,8;11,9;11,7;56;54;56;;;;
2021/05/03;0400 UTC;0;942,5;943;942,5;;21,2;11,7;21,4;20,9;11,9;11,7;56;54;55;;;;
2021/05/03;0500 UTC;0;942,2;942,6;942,2;;20,3;11,3;21,3;20,2;11,8;11,3;56;53;56;;;;
2021/05/03;0600 UTC;0;941,9;942,2;941,9;;20;11,4;20,4;20;11,4;11,2;58;56;58;;;;
2021/05/03;0700 UTC;0;941,8;941,9;941,7;;19,3;11,6;20;19,3;11,6;11,4;61;58;61;;;;
2021/05/03;0800 UTC;0;941,4;941,8;941,4;;19;11,8;19,4;18,9;11,9;11,5;64;61;63;;;;
2021/05/03;0900 UTC;0;942,1;942,1;941,3;;18,2;12,1;19,1;18,2;12,1;11,8;67;63;67;;;;
2021/05/03;1000 UTC;0;942,7;942,7;942,1;;18;12,3;18,3;17,7;12,3;12;70;67;69;;;;
2021/05/03;1100 UTC;0;943,2;943,2;942,6;246,2;20,1;13,2;20,1;17,9;13,2;12,3;70;63;64;;;;
2021/05/03;1200 UTC;0;943,8;943,8;943,2;1045,9;22,2;13,4;22,3;20,1;13,6;12,6;65;56;57;;;;
2021/05/03;1300 UTC;0;944,2;944,2;943,8;1829;24;13,6;24,1;22,2;14,8;12,8;59;51;52;;;;
2021/05/03;1400 UTC;0;943,9;944,2;943,9;2408,1;25,7;13,2;25,7;23,9;14,4;12;55;43;46;;;;
2021/05/03;1500 UTC;0;943,3;943,9;943,2;2770,1;26;13,1;26,2;24,8;13,6;12,1;48;42;45;;;;
2021/05/03;1600 UTC;0;942,3;943,3;942,3;2877,1;26,7;13,3;26,9;25,5;13,3;11,9;46;41;43;;;;
2021/05/03;1700 UTC;0;941,4;942,4;941,4;2730;27;12,5;27,4;26,1;13,4;11,9;45;39;41;;;;
2021/05/03;1800 UTC;0;940,8;941,4;940,8;2341,4;27,5;12,7;27,7;26,9;13,2;11,7;42;38;40;;;;
2021/05/03;1900 UTC;0;940,4;940,9;940,4;1748,2;26,9;12,5;28;26,8;13,7;11,7;42;38;41;;;;
2021/05/03;2000 UTC;0;940,6;940,6;940,3;964,5;25,8;12,3;27,2;25,7;13,1;11,5;44;38;43;;;;
2021/05/03;2100 UTC;0;940,9;940,9;940,6;87;23,1;12,3;26,2;23,1;13,3;11,8;51;43;51;;;;
2021/05/03;2200 UTC;0;941;941;940,7;;21,9;12,6;23,1;21,9;12,6;12,1;56;51;56;;;;
2021/05/03;2300 UTC;0;941,2;941,2;940,9;;23;11,6;23;21,8;12,6;11,6;56;49;49;;;;
2021/05/04;0000 UTC;0;941,5;941,5;941,2;;22,9;10,7;23,2;22,8;11,5;10,7;49;46;46;;;;
2021/05/04;0100 UTC;0;941,4;941,5;941,4;;21,5;10,9;23;20,8;11,3;10,7;54;46;51;;;;
2021/05/04;0200 UTC;0;941,5;941,5;941,3;;21,5;11,5;21,8;21;11,5;10,9;54;50;53;;;;
2021/05/04;0300 UTC;0;941,8;941,8;941,5;;21,4;11,1;21,6;21;11,6;11;54;52;52;;;;
2021/05/04;0400 UTC;0;941,4;941,9;941,4;;20,8;11,3;21,4;20,3;11,3;11,1;56;52;54;;;;
2021/05/04;0500 UTC;0;941;941,4;941;;20,7;10,9;21,2;20,6;11,3;10,9;54;52;53;;;;
2021/05/04;0600 UTC;0;940,7;941;940,7;;19,5;11,4;20,7;19,5;11,4;10,9;59;53;59;;;;
2021/05/04;0700 UTC;0;940,6;940,7;940,5;;19,2;11,4;19,7;19,2;11,7;11,4;61;59;61;;;;
2021/05/04;0800 UTC;0;940,8;940,8;940,6;;18,7;11,1;19,3;18,3;11,4;10,9;62;60;62;;;;
2021/05/04;0900 UTC;0;941,1;941,1;940,8;;18,9;11,2;19,5;18,6;11,3;11,1;62;59;61;;;;
2021/05/04;1000 UTC;0;942,1;942,1;941,1;,2;18,6;11,3;18,9;17,7;11,5;11,2;67;61;63;;;;
2021/05/04;1100 UTC;0;942,7;942,7;942;236,7;21,3;11,6;21,3;18,5;11,7;11,3;64;53;54;;;;
2021/05/04;1200 UTC;0;943,1;943,1;942,6;1059,4;23,8;11,8;23,9;21,3;12,1;11,2;55;46;47;;;;
2021/05/04;1300 UTC;0;943,5;943,5;943;1849;25,3;12,8;25,6;23,7;12,8;11,5;48;43;46;;;;
2021/05/04;1400 UTC;0;943,2;943,6;943,2;2422,8;26,1;12,9;26,3;25;12,9;11,7;46;42;44;;;;
2021/05/04;1500 UTC;0;942,8;943,3;942,7;2770,3;27;12,7;27,5;26,1;14,1;12,7;45;41;41;;;;
2021/05/04;1600 UTC;0;942;942,8;942;2875;28;12,9;28,2;26,9;14,2;11,9;44;38;39;;;;
2021/05/04;1700 UTC;0;941;942;941;2722,3;28,6;13,1;28,6;27,3;13,2;11,4;40;36;38;;;;
2021/05/04;1800 UTC;0;940,7;941;940,7;2341,7;29,5;12,4;29,6;28,6;13,3;10,6;38;32;35;;;;
2021/05/04;1900 UTC;0;940,7;940,7;940,6;1737,7;28,8;12,2;30,1;28,7;12,8;10,4;36;31;36;;;;
2021/05/04;2000 UTC;0;940,9;940,9;940,6;952,4;28,4;11,5;29,5;28,2;13;10,8;39;33;35;;;;
2021/05/04;2100 UTC;0;941,1;941,1;940,8;86,4;24,1;11,7;28,3;24,1;12;10,3;46;34;46;;;;
2021/05/04;2200 UTC;0;941,5;941,5;941,1;;22,7;11,6;24,1;22,7;11,9;11,3;49;46;49;;;;
2021/05/04;2300 UTC;0;941,7;941,7;941,5;;23,3;12;23,4;22,5;12,2;11,6;51;49;49;;;;
2021/05/05;0000 UTC;0;942;942;941,7;;23,7;11,7;23,8;23;12,1;11,7;50;47;47;;;;
2021/05/05;0100 UTC;0;942,3;942,3;942;;21,8;12,1;24;21,7;12,2;11,7;54;46;54;;;;
2021/05/05;0200 UTC;0;942,2;942,3;942,2;;20,6;12,2;21,8;20,4;12,4;12;60;54;59;;;;
2021/05/05;0300 UTC;0;942,1;942,3;942,1;;21,1;11,9;21,1;20,6;12,2;11,8;59;56;56;;;;
2021/05/05;0400 UTC;0;941,9;942,1;941,9;;20,7;11,9;21,1;20,7;12;11,8;57;56;57;;;;
2021/05/05;0500 UTC;0;941,5;941,9;941,5;;20,6;11,9;20,8;20,5;12;11,8;58;57;57;;;;
2021/05/05;0600 UTC;0;941,2;941,5;941,2;;20,2;11,7;20,8;20,2;12;11,7;59;56;58;;;;
2021/05/05;0700 UTC;0;941,1;941,2;941,1;;21;11,2;21,2;20,1;11,7;11,1;58;53;54;;;;
2021/05/05;0800 UTC;0;941,2;941,2;941;;21,1;10,8;21,7;20,6;11,3;10,7;55;50;52;;;;
2021/05/05;0900 UTC;0;941,4;941,4;941,1;;21,3;11,6;21,8;21,1;11,7;10,8;54;51;54;;;;
2021/05/05;1000 UTC;0;941,9;942;941,4;,7;21,9;11,9;22;21,4;11,9;11,6;54;53;53;;;;
2021/05/05;1100 UTC;0;942,4;942,4;941,9;198,8;22,9;12,2;22,9;21,6;12,4;11,9;54;51;51;;;;
2021/05/05;1200 UTC;0;942,8;942,8;942,4;1053,1;25,3;12,7;25,4;22,9;13,3;12,2;51;46;46;;;;
2021/05/05;1300 UTC;0;943,1;943,1;942,8;1820,8;26,3;12,8;26,4;25,3;13,7;12,5;47;43;43;;;;
2021/05/05;1400 UTC;0;942,7;943,1;942,7;2373,2;26,9;13,9;27,1;25,9;14,2;13;47;43;45;;;;
2021/05/05;1500 UTC;0;942;942,7;942;2711,9;28,5;10,1;28,7;26,9;14;10,1;45;32;32;;;;
2021/05/05;1600 UTC;0;941,1;942,1;941,1;2904,2;28,9;11,3;28,9;27,8;12;9;36;29;34;;;;
2021/05/05;1700 UTC;0;940,1;941,2;940,1;2702,6;28,4;10,6;29,1;28,1;11,6;9,5;35;31;33;;;;
2021/05/05;1800 UTC;0;939,6;940,2;939,6;2310;28,9;10,6;29,2;28,1;12,1;9,6;36;30;32;;;;
2021/05/05;1900 UTC;0;939,3;939,6;939,2;1700,3;28,7;10,3;29,8;28,3;11,7;9,8;35;31;32;;;;
2021/05/05;2000 UTC;0;939,3;939,3;939,1;940;28;10,3;29,2;27,6;11,5;9,7;36;31;33;;;;
2021/05/05;2100 UTC;0;939,5;939,5;939,3;89,7;25,1;11;28,3;25,1;11,1;10,2;41;33;41;;;;
2021/05/05;2200 UTC;0;939,7;939,8;939,5;;22,8;11,5;25,1;22,8;11,6;11;49;41;49;;;;
2021/05/05;2300 UTC;0;940;940,1;939,7;;22,6;11,2;23;22,6;11,7;11,2;49;48;49;;;;
2021/05/06;0000 UTC;0;940,3;940,3;940,1;;22,4;11,2;23,2;22,2;11,6;11;51;47;49;;;;
2021/05/06;0100 UTC;0;940,5;940,5;940,3;;21,9;11,2;22,5;21,7;11,4;11;51;49;51;;;;
2021/05/06;0200 UTC;0;940,3;940,5;940,3;;21,5;10,9;21,9;21,5;11,2;10,8;51;50;51;;;;
2021/05/06;0300 UTC;0;940,2;940,3;940,2;;21,7;10,9;22;21,3;11;10,7;52;49;50;;;;
2021/05/06;0400 UTC;0;939,9;940,2;939,9;;21,1;10,9;22,3;21;11,1;10,9;53;49;52;;;;
2021/05/06;0500 UTC;0;939,4;940;939,4;;21;10,9;21,1;20,9;11,3;10,8;54;52;52;;;;
2021/05/06;0600 UTC;0;939;939,4;939;;21,6;10,3;21,6;20,7;10,9;10,3;53;48;48;;;;
2021/05/06;0700 UTC;0;938,8;939;938,8;;22,5;10,3;22,7;21,6;10,4;10,1;49;45;46;;;;
2021/05/06;0800 UTC;0;938,9;939;938,8;;22,5;9,9;22,8;22;10,5;9,9;48;44;45;;;;
2021/05/06;0900 UTC;0;939,2;939,2;938,9;;22,6;9,6;22,8;22,5;9,9;9,6;45;43;44;;;;
2021/05/06;1000 UTC;0;940;940;939,2;;22,7;9,7;22,9;22,5;9,7;9,4;44;42;44;;;;
2021/05/06;1100 UTC;0;940,7;940,7;940;194,2;23,3;10,4;23,3;22,4;10,4;9,7;45;43;44;;;;
2021/05/06;1200 UTC;0;941,2;941,2;940,7;1019,4;24,2;10,7;24,2;23,3;10,7;10;45;41;43;;;;
2021/05/06;1300 UTC;0;941,6;941,6;941,2;1766,9;25,3;11,1;25,6;24;11,6;10,1;43;40;41;;;;
2021/05/06;1400 UTC;0;941,5;941,8;941,5;2321,1;28;12,3;28,1;25,2;12,8;11;42;37;38;;;;
2021/05/06;1500 UTC;0;940,9;941,5;940,9;2671,9;28,8;13,3;29;27,7;13,6;11,2;40;35;39;;;;
2021/05/06;1600 UTC;0;940;940,9;940;2772,6;28,8;11,7;29,5;28,2;13,5;11,6;40;34;35;;;;
2021/05/06;1700 UTC;0;939,2;940;939,2;2638,2;29,6;10,8;29,9;28,8;13,2;10,1;37;30;31;;;;
2021/05/06;1800 UTC;0;938,5;939,2;938,5;2234,3;30,1;10,7;30,6;29,4;11,7;10,2;33;29;30;;;;
2021/05/06;1900 UTC;0;938,3;938,5;938,2;1668;29,5;10,6;30,4;29,4;11,3;10,3;32;29;31;;;;
2021/05/06;2000 UTC;0;938,5;938,5;938,2;816,3;28,6;10,5;29,8;28,2;11,1;10,2;33;31;32;;;;
2021/05/06;2100 UTC;0;938,8;938,8;938,5;148,7;26,7;10,8;28,8;26,7;11,1;10,2;37;32;37;;;;
2021/05/06;2200 UTC;0;939;939;938,7;;25;12,3;26,7;25;12,3;10,9;45;37;45;;;;
2021/05/06;2300 UTC;0;939,7;939,7;939;;24,3;13,5;25;24,3;13,5;12,3;51;45;51;;;;
2021/05/07;0000 UTC;0;940,7;940,7;939,7;;21,8;17;24,7;21,8;17;13,5;74;51;74;;;;
2021/05/07;0100 UTC;0;941,3;941,3;940,7;;19,8;16,8;21,8;19,8;17,2;16,8;83;74;83;;;;
2021/05/07;0200 UTC;0;941,7;941,7;941,2;;18;16,4;19,8;18;16,8;16,4;90;83;90;;;;
2021/05/07;0300 UTC;0;941,5;941,8;941,5;;17,4;16,2;18;17,4;16,5;16,2;94;90;93;;;;
2021/05/07;0400 UTC;0;941,2;941,6;941,2;;16,4;15,8;17,4;16,4;16,2;15,6;96;93;96;;;;
2021/05/07;0500 UTC;0;940,8;941,3;940,8;;16,5;15,6;16,8;16,4;15,9;15,5;96;94;94;;;;
2021/05/07;0600 UTC;0;940,4;940,8;940,4;;16,1;15,3;16,7;16,1;15,7;15,3;95;93;95;;;;
2021/05/07;0700 UTC;0;940;940,4;939,9;;15,6;14,9;16,1;15,5;15,3;14,8;96;95;96;;;;
2021/05/07;0800 UTC;0;939,8;940;939,7;;15;14,5;15,6;15;14,9;14,5;97;96;97;;;;
2021/05/07;0900 UTC;0;940,7;940,7;939,8;;15,1;14,7;15,2;15;14,7;14,5;98;97;97;;;;
2021/05/07;1000 UTC;0;941,7;941,7;940,7;;15,3;14,6;15,3;15,1;14,7;14,6;97;96;96;;;;
2021/05/07;1100 UTC;0;942,4;942,4;941,7;97,1;16,1;15,3;16,1;15,3;15,3;14,6;96;95;95;;;;
2021/05/07;1200 UTC;0;943,1;943,2;942,4;316,8;16,2;15,5;16,5;16;15,8;15,1;96;94;96;;;;
2021/05/07;1300 UTC;0;943,9;943,9;943,1;373,9;16,3;16;16,5;16;16,1;15,4;98;95;98;;;;
2021/05/07;1400 UTC;0;943,8;943,9;943,7;644,9;17;16,4;17,1;16,2;16,8;15,8;98;95;96;;;;
2021/05/07;1500 UTC;0;943,7;943,9;943,7;659,4;18;16,3;18,2;17;16,8;16;97;89;90;;;;
2021/05/07;1600 UTC;0;943,2;943,8;943,2;500,1;17,8;15,9;18,2;17,7;16,6;15,9;91;88;89;;;;
2021/05/07;1700 UTC;0;942,6;943,2;942,5;1344,4;20,3;16,6;20,6;17,8;17,4;15,9;90;78;79;;;;
2021/05/07;1800 UTC;0;942,1;942,6;942,1;935,2;20;16;20,7;19,8;17;15,9;82;77;78;;;;
2021/05/07;1900 UTC;0;942,2;942,3;942,1;598;20,7;16,2;20,9;20;16,9;15,8;80;74;75;;;;
2021/05/07;2000 UTC;0;942,4;942,4;942,2;970,4;21,5;16,3;22,4;20,8;16,8;15,3;75;65;72;;;;
2021/05/07;2100 UTC;0;942,7;942,8;942,4;118,4;19,3;15,8;21,6;19,3;16;15,6;80;70;80;;;;
2021/05/07;2200 UTC;0;943,2;943,2;942,7;;18,4;15,1;19,3;18,3;15,8;15,1;83;79;81;;;;
2021/05/07;2300 UTC;0;943,9;943,9;943,2;;17,7;14,3;18,5;17,7;15;14,2;81;79;80;;;;
2021/05/08;0000 UTC;0;944,3;944,3;943,9;;17,2;13,8;17,8;17,2;14,3;13,8;81;79;81;;;;
2021/05/08;0100 UTC;0;944,8;944,8;944,3;;16,3;13,6;17,2;16,3;13,9;13,6;84;81;84;;;;
2021/05/08;0200 UTC;0;944,8;944,9;944,8;;15,4;13,2;16,4;15,4;13,6;13,2;87;84;87;;;;
2021/05/08;0300 UTC;0;945,1;945,1;944,8;;15;13,1;15,4;14,9;13,3;13;89;87;88;;;;
2021/05/08;0400 UTC;0;945;945,1;944,9;;14,6;12,7;15;14,5;13,1;12,7;90;88;88;;;;
2021/05/08;0500 UTC;0;944,8;945;944,7;;14,2;12,4;14,8;14,1;12,8;12,4;90;87;89;;;;
2021/05/08;0600 UTC;0;944,3;944,8;944,2;;14,2;12,4;14,5;14;12,6;12,2;90;88;89;;;;
2021/05/08;0700 UTC;0;944;944,3;944;;14,2;12,4;14,4;14;12,5;12,2;90;87;89;;;;
2021/05/08;0800 UTC;0;944,3;944,3;944;;13,7;12,4;14,3;13,6;12,4;12,2;92;88;91;;;;
2021/05/08;0900 UTC;0;944,9;944,9;944,3;;14;12,6;14;13,5;12,7;12,2;92;90;91;;;;
2021/05/08;1000 UTC;0;945,7;945,7;944,9;;13,6;12,4;14;13,6;12,5;12,2;93;90;92;;;;
2021/05/08;1100 UTC;0;946,3;946,4;945,6;186,2;15,9;12,8;16;13,5;13,2;12,3;93;82;82;;;;
2021/05/08;1200 UTC;0;947,1;947,1;946,3;1056;17,5;13,3;17,7;15,9;13,8;12,8;85;76;77;;;;
2021/05/08;1300 UTC;0;947,7;947,7;947,1;1789,4;19;13,5;19,6;17,4;14,2;13;78;68;70;;;;
2021/05/08;1400 UTC;0;947,6;947,8;947,6;2344,7;21,4;14,2;21,7;18,9;14,7;13,3;71;63;63;;;;
2021/05/08;1500 UTC;0;946,9;947,6;946,9;2692,4;23,9;14,9;23,9;20,8;15,4;13,8;66;56;57;;;;
2021/05/08;1600 UTC;0;946;946,9;946;2802,4;24,3;14,4;24,6;23;15,2;13,7;58;53;54;;;;
2021/05/08;1700 UTC;0;945,2;946,1;945,2;2637,8;25,7;14,9;26;24,3;15;13,7;55;49;52;;;;
2021/05/08;1800 UTC;0;944,5;945,2;944,5;2282,6;26;14,8;26,2;24,1;15,5;13,6;54;48;50;;;;
2021/05/08;1900 UTC;0;944,2;944,5;944,1;1606,9;25,2;13,8;26,5;24,5;15;13,5;52;48;49;;;;
2021/05/08;2000 UTC;0;944,1;944,2;944,1;761,1;23,5;14,7;25,3;23,5;14,7;13,8;58;50;58;;;;
2021/05/08;2100 UTC;0;944,3;944,3;944,1;76,6;21;13,7;23,5;21;14,9;13,7;64;57;63;;;;
2021/05/08;2200 UTC;0;944,6;944,6;944,2;;20,1;13,7;21;20;14;13,6;67;63;67;;;;
2021/05/08;2300 UTC;0;945,2;945,2;944,6;;19,5;14,1;20,3;19,2;14,1;13,7;72;66;71;;;;
2021/05/09;0000 UTC;0;945,8;945,8;945,2;;18,3;13,9;19,5;18,3;14,1;13,9;75;71;75;;;;
2021/05/09;0100 UTC;0;945,9;945,9;945,7;;17,6;13,9;18,3;17,3;14;13,8;80;75;79;;;;
2021/05/09;0200 UTC;0;946,1;946,2;945,9;;16,7;13,7;17,6;16,6;13,9;13,7;83;79;83;;;;
2021/05/09;0300 UTC;0;946,2;946,3;946,1;;15,9;13,5;16,8;15,9;13,8;13,5;86;82;86;;;;
2021/05/09;0400 UTC;0;945,8;946,2;945,8;;15,6;13,4;15,9;15,4;13,7;13,4;89;86;87;;;;
2021/05/09;0500 UTC;0;945,4;945,8;945,4;;14,9;13,3;15,6;14,9;13,6;13,3;91;87;91;;;;
2021/05/09;0600 UTC;0;944,7;945,4;944,7;;14,7;13,3;15;14,7;13,5;13,2;91;90;91;;;;
2021/05/09;0700 UTC;0;944,5;944,7;944,4;;14,6;13,2;14,9;14,5;13,3;13,1;92;90;91;;;;
2021/05/09;0800 UTC;0;944,3;944,6;944,2;;14,3;13;14,8;14,3;13,3;13;92;90;92;;;;
2021/05/09;0900 UTC;0;944,5;944,5;944,3;;14,4;13;14,5;14,2;13,2;13;93;91;92;;;;
2021/05/09;1000 UTC;0;945,4;945,4;944,5;;14,7;13,1;14,8;14,2;13,4;13;93;90;90;;;;
2021/05/09;1100 UTC;0;946,1;946,1;945,4;182,4;15,7;13,7;15,7;14,5;13,7;13,1;92;86;88;;;;
2021/05/09;1200 UTC;0;946,5;946,5;946;1060,7;17,6;13,8;17,8;15,8;14,4;13,5;88;79;79;;;;
2021/05/09;1300 UTC;0;946,6;946,7;946,5;1800,4;19,9;14,6;20,1;17,4;14,9;13,8;81;70;71;;;;
2021/05/09;1400 UTC;0;946,7;946,8;946,6;2364,1;21,9;15;22,3;19,9;15,5;14,3;72;64;65;;;;
2021/05/09;1500 UTC;0;945,9;946,7;945,9;2705,5;24,5;14,8;24,9;21,8;16;14,5;67;54;55;;;;
2021/05/09;1600 UTC;0;944,9;945,9;944,9;2793,6;25,5;14,9;25,9;23,6;15,8;14,2;58;51;52;;;;
2021/05/09;1700 UTC;0;944;944,9;944;2659,6;26,5;14,2;26,7;25,5;15,6;13,9;54;46;47;;;;
2021/05/09;1800 UTC;0;943,4;944;943,4;2329,1;26,7;13,3;27,3;26,2;14,7;12,9;48;42;44;;;;
2021/05/09;1900 UTC;0;942,9;943,4;942,9;1681,8;26,2;13,1;27,4;26;14,3;12,4;46;42;44;;;;
2021/05/09;2000 UTC;0;943;943,1;942,9;961,8;25;12,6;26,3;25;13,5;12,3;47;43;46;;;;
2021/05/09;2100 UTC;0;943,4;943,4;943;76,4;21,9;12,4;25;21,9;13,6;12,1;56;45;55;;;;
2021/05/09;2200 UTC;0;943,6;943,6;943,3;;21;12,5;21,9;20,9;12,5;12;59;54;59;;;;
2021/05/09;2300 UTC;0;944,1;944,1;943,6;;20,4;12,7;21;20,4;12,8;12,5;61;59;61;;;;
2021/05/10;0000 UTC;0;944,2;944,2;944,1;;20,7;11,8;20,7;19,6;12,5;11,8;63;57;57;;;;
2021/05/10;0100 UTC;0;944,4;944,5;944,2;;19,5;11,9;20,8;18,6;11,9;11,5;64;56;61;;;;
2021/05/10;0200 UTC;0;944,7;944,7;944,4;;18;13,6;19,5;18;13,6;11,8;75;61;75;;;;
2021/05/10;0300 UTC;0;944,8;944,8;944,6;;17,2;14,3;18;17,2;14,5;13,5;84;75;83;;;;
2021/05/10;0400 UTC;0;944,5;944,8;944,5;;17,1;14,1;17,5;16,9;14,5;14;84;82;82;;;;
2021/05/10;0500 UTC;0;944,1;944,5;944,1;;17,3;13,3;17,4;16,6;14;13,3;84;77;78;;;;
2021/05/10;0600 UTC;0;943,6;944,1;943,6;;16,7;13,1;17,5;16,7;13,3;13;79;76;79;;;;
2021/05/10;0700 UTC;0;943,4;943,7;943,4;;16,2;13,1;17;16;13,2;13;83;78;82;;;;
2021/05/10;0800 UTC;0;943,4;943,5;943,2;;17;13,1;17;16,2;13,2;13;82;78;78;;;;
2021/05/10;0900 UTC;0;943,8;943,8;943,4;;16,2;13,2;17,1;16,2;13,2;13,1;82;77;82;;;;
2021/05/10;1000 UTC;0;944,6;944,6;943,8;;15,6;13,3;16,5;15,6;13,4;13,1;86;81;86;;;;
2021/05/10;1100 UTC;0;945,2;945,2;944,6;153,9;17;13,5;17;15,4;14;13,3;87;80;80;;;;
2021/05/10;1200 UTC;0;945,6;945,6;945,2;960,8;18,6;14,2;18,7;16,9;14,5;13,6;81;75;76;;;;
2021/05/10;1300 UTC;0;945,9;945,9;945,6;1519,4;20,3;14,5;21,5;18,6;15,7;14,1;77;66;69;;;;
2021/05/10;1400 UTC;0;945,6;945,9;945,6;2258,7;23;15;23,4;20,3;15,9;14,5;70;60;61;;;;
2021/05/10;1500 UTC;0;944,9;945,6;944,9;2219,5;24;14,2;25,5;23;16,2;14;61;52;54;;;;
2021/05/10;1600 UTC;0;943,8;944,9;943,8;2707,8;26,6;15;26,7;23,7;15,6;14,2;56;47;49;;;;
2021/05/10;1700 UTC;0;942,6;943,9;942,6;2195,4;27;15,7;27,6;25,2;16,1;13,7;56;44;50;;;;
2021/05/10;1800 UTC;0;942;942,6;942;1290;25,5;15;27,9;25,5;16,1;14;56;44;52;;;;
2021/05/10;1900 UTC;0;941,5;942;941,4;464,8;25,6;15,5;25,6;24,8;16,2;14,6;58;50;54;;;;
2021/05/10;2000 UTC;0;941,3;941,5;941,3;408,6;24,2;16,5;25,6;24;16,6;15;63;53;62;;;;
2021/05/10;2100 UTC;0;941,3;941,4;941,3;197,5;23,1;15,4;24,6;23,1;16,7;15,3;63;58;62;;;;
2021/05/10;2200 UTC;0;941,5;941,5;941,2;;21,1;15;23,1;21,1;15,6;14,9;68;62;68;;;;
2021/05/10;2300 UTC;0;942,2;942,2;941,5;;20,8;14,6;21,1;20,5;15,1;14,6;70;68;68;;;;
2021/05/11;0000 UTC;0;942,4;942,4;942,1;;19,7;13,9;20,9;19,7;14,6;13,9;69;67;69;;;;
2021/05/11;0100 UTC;0;942,5;942,6;942,4;;19,3;13,6;19,8;19,3;13,9;13,5;70;67;70;;;;
2021/05/11;0200 UTC;0;942,5;942,5;942,4;;19,4;13,2;19,8;19,1;13,6;13,2;70;66;67;;;;
2021/05/11;0300 UTC;0;942,1;942,5;942,1;;20,7;12,7;21;19,4;13,2;12,7;68;60;60;;;;
2021/05/11;0400 UTC;0;941,7;942,1;941,7;;19,2;12,7;20,7;19,2;12,9;12,7;66;60;66;;;;
2021/05/11;0500 UTC;0;941,3;941,7;941,2;;20,2;12;20,4;19,1;12,7;12;66;59;59;;;;
2021/05/11;0600 UTC;0;940,7;941,3;940,7;;19,9;11,7;20,6;19,7;12;11,7;61;58;59;;;;
2021/05/11;0700 UTC;0;940,6;940,7;940,5;;17,7;12,1;19,9;17,7;12,1;11,7;70;59;70;;;;
2021/05/11;0800 UTC;0;940,5;940,6;940,4;;17,1;12;17,7;17,1;12,3;12;73;70;72;;;;
2021/05/11;0900 UTC;0;940,8;940,8;940,5;;18,3;11,8;18,8;17;12,1;11,7;72;64;66;;;;
2021/05/11;1000 UTC;0;941,2;941,2;940,7;;18,7;11,6;19,4;17,9;11,9;11,6;68;61;63;;;;
2021/05/11;1100 UTC;0;941,6;941,6;941,2;171,2;20,6;12,4;20,8;18,7;12,6;11,6;64;58;59;;;;
2021/05/11;1200 UTC;0;942,2;942,2;941,6;875,4;23,2;13,3;23,5;20,6;13,5;12,2;60;50;54;;;;
2021/05/11;1300 UTC;0;942,7;942,7;942,2;1650,9;24,3;13,8;24,3;23,2;13,9;12,8;54;50;52;;;;
2021/05/11;1400 UTC;0;942;942,7;942;2182,7;26;13,8;26,4;24,3;14,8;13,5;52;46;47;;;;
2021/05/11;1500 UTC;0;941,2;942;941,2;2509,1;26,5;14,3;26,6;25,8;15,1;13,7;50;46;47;;;;
2021/05/11;1600 UTC;0;940,2;941,2;940,2;2646,8;27,6;14,1;28,1;26,2;15,3;13,2;49;43;44;;;;
2021/05/11;1700 UTC;0;939,1;940,2;939,1;2194,7;28;14;28,2;26,6;14,8;13,4;46;42;42;;;;
2021/05/11;1800 UTC;0;938,4;939,1;938,4;2048,2;28,6;14;29,5;27,2;14,4;12,8;45;37;41;;;;
2021/05/11;1900 UTC;0;938;938,4;937,9;1746,6;28,4;13,6;29,5;27,8;14,3;12,1;41;36;40;;;;
2021/05/11;2000 UTC;0;938,1;938,1;937,9;657,8;25,5;14,3;28,4;25,3;14,5;12,7;50;39;50;;;;
2021/05/11;2100 UTC;0;938,6;938,7;938,1;123,9;23,8;13,8;26,2;23,8;14,6;12,9;54;44;53;;;;
2021/05/11;2200 UTC;0;938,8;938,8;938,6;;22,5;13,5;23,8;22,4;13,9;13,4;58;54;57;;;;
2021/05/11;2300 UTC;0;939,3;939,3;938,8;;21,9;13,7;22,5;21,9;13,8;13,4;59;57;59;;;;
2021/05/12;0000 UTC;0;939,8;939,8;939,3;;20,7;13,6;22;20,4;13,9;13,5;65;59;64;;;;
2021/05/12;0100 UTC;0;939,9;940,1;939,8;;20,8;12,3;21,3;19,9;13,6;12,2;64;56;58;;;;
2021/05/12;0200 UTC;0;939,9;939,9;939,7;;20,7;11,6;21,6;20,5;12,4;11,5;59;53;56;;;;
2021/05/12;0300 UTC;0;939,6;939,9;939,6;;20,4;11,3;20,7;20,2;11,8;11,3;58;56;56;;;;
2021/05/12;0400 UTC;0;939,2;939,7;939,2;;19,6;11,7;20,4;19,5;11,7;11,3;61;56;60;;;;
2021/05/12;0500 UTC;0;939,2;939,3;939,1;;21;11,8;21,1;19,6;12,2;11,7;61;56;56;;;;
2021/05/12;0600 UTC;0;938,7;939,1;938,7;;20,7;12;21,3;20,7;12,1;11,8;57;55;57;;;;
2021/05/12;0700 UTC;0;938;938,7;938;;21,1;12,2;21,2;20,6;12,2;11,9;58;56;57;;;;
2021/05/12;0800 UTC;0;937,9;938,1;937,7;;19,8;12,3;21,1;19,8;12,4;12;62;57;62;;;;
2021/05/12;0900 UTC;0;938,3;938,3;937,8;;18,8;12,3;20,6;18,8;12,3;12,2;66;59;66;;;;
2021/05/12;1000 UTC;0;938,8;938,9;938,3;,1;19,2;12,3;19,3;18,7;12,3;12,2;67;64;64;;;;
2021/05/12;1100 UTC;0;939,6;939,6;938,8;154,2;19,3;13,2;19,7;18,7;13,2;12,4;69;64;68;;;;
2021/05/12;1200 UTC;0;940;940;939,6;788,7;22,6;14;22,6;19,3;14,2;13,1;69;58;58;;;;
2021/05/12;1300 UTC;0;940,3;940,5;940;1391,4;22,7;14,6;23,5;22,1;14,7;13,7;60;55;60;;;;
2021/05/12;1400 UTC;0;940,7;940,7;940,3;1720;24,7;15,9;24,7;22,7;15,9;14;61;54;58;;;;
2021/05/12;1500 UTC;0;940,1;940,7;940,1;1817,6;25,5;15,6;25,5;23,7;16,2;14,9;60;54;54;;;;
2021/05/12;1600 UTC;0;939,7;940,2;939,7;2234,1;26,1;15,3;26,3;24,4;16,5;15;58;51;51;;;;
2021/05/12;1700 UTC;0;939,3;939,7;939,2;1637,4;26,5;15,4;26,8;25,2;16;14,6;56;49;51;;;;
2021/05/12;1800 UTC;0;939;939,3;939;1798,2;27,4;14,8;27,9;25,2;15,9;14,5;54;45;46;;;;
2021/05/12;1900 UTC;0;939,3;939,3;939;1145,6;25,1;15,2;27,4;24,5;15,4;13,4;56;45;54;;;;
2021/05/12;2000 UTC;0;939,8;939,8;939,2;542,3;22,7;14,2;25,2;22,7;15,4;13,9;59;53;58;;;;
2021/05/12;2100 UTC;0;940,2;940,3;939,8;73,9;21,1;14,3;22,7;21,1;14,4;14;65;58;65;;;;
2021/05/12;2200 UTC;0;940,8;940,8;940,2;;19,6;14,9;21,1;19,6;14,9;14,3;74;65;74;;;;
2021/05/12;2300 UTC;0;941,6;941,6;940,8;;18,6;15,8;19,6;18,6;15,8;14,9;84;74;84;;;;
2021/05/13;0000 UTC;0;941,8;941,9;941,6;;17,7;16,3;18,6;17,7;16,3;15,8;91;84;91;;;;
2021/05/13;0100 UTC;0;942,1;942,2;941,8;;17,2;16,5;17,7;17,2;16,5;16,3;96;91;96;;;;
2021/05/13;0200 UTC;,4;941,9;942,2;941,8;;16,7;16,4;17,2;16,7;16,6;16,4;98;96;98;;;;
2021/05/13;0300 UTC;0;942;942,1;941,7;;16,5;16,3;16,7;16,5;16,5;16,3;99;98;99;;;;
2021/05/13;0400 UTC;0;941,7;942;941,6;;16;15,9;16,5;16;16,3;15,9;99;99;99;;;;
2021/05/13;0500 UTC;0;941,4;941,8;941,4;;15,4;14,8;16;15,4;15,9;14,8;99;96;96;;;;
2021/05/13;0600 UTC;0;941,1;941,4;941;;15,2;14,4;15,4;15,2;14,7;14,4;96;95;95;;;;
2021/05/13;0700 UTC;0;941,1;941,1;940,8;;14,6;13,9;15,3;14,6;14,4;13,8;95;94;95;;;;
2021/05/13;0800 UTC;0;941,1;941,1;941;;14,1;13,5;14,6;14,1;13,9;13,4;96;95;96;;;;
2021/05/13;0900 UTC;0;941,6;941,6;941;;13,8;13,2;14,1;13,8;13,5;13,2;97;96;96;;;;
2021/05/13;1000 UTC;0;942,3;942,3;941,6;;13,7;12,9;13,8;13,6;13,2;12,9;96;95;95;;;;
2021/05/13;1100 UTC;0;943,2;943,2;942,3;91,1;13,9;12,9;13,9;13,6;12,9;12,5;95;93;94;;;;
2021/05/13;1200 UTC;0;944;944;943,2;809,8;15,8;13,3;16,2;13,9;13,8;12,7;94;83;85;;;;
2021/05/13;1300 UTC;0;944,7;944,8;944;1498,9;17,6;14;17,6;15,8;14,6;12,9;88;77;79;;;;
2021/05/13;1400 UTC;0;944,6;944,9;944,6;1783,8;19,3;14,3;19,3;17,1;14,8;13,2;80;71;73;;;;
2021/05/13;1500 UTC;0;944;944,6;944;2375,1;20,8;14,2;21,2;19,1;14,8;13,4;72;65;66;;;;
2021/05/13;1600 UTC;0;943,3;944;943,3;2817,1;21,7;14,3;22,1;20,8;14,8;13,5;67;60;63;;;;
2021/05/13;1700 UTC;0;942,6;943,3;942,6;2737,5;23,8;14,4;23,8;21,2;15,3;13,6;64;56;56;;;;
2021/05/13;1800 UTC;0;941,9;942,6;941,9;2069,4;24,2;14,1;24,5;21,8;14,8;13;62;53;53;;;;
2021/05/13;1900 UTC;0;941,7;941,9;941,7;1779,8;23,4;13,3;24,6;22,9;14,6;12,6;57;51;53;;;;
2021/05/13;2000 UTC;0;941,7;941,7;941,6;962,8;21,8;12,8;23,6;21,8;13,5;12,4;58;51;57;;;;
2021/05/13;2100 UTC;0;942,2;942,2;941,7;59;19,2;13,2;21,8;19,2;13,2;12,5;68;57;68;;;;
2021/05/13;2200 UTC;0;942,4;942,5;942,2;;17;13,2;19,3;17;13,5;13,1;79;68;79;;;;
2021/05/13;2300 UTC;0;943;943;942,4;;16,7;13,1;17,1;16,3;13,4;13,1;82;78;79;;;;
2021/05/14;0000 UTC;0;943,3;943,3;943;;16,5;13,3;17;16,4;13,3;13;82;78;81;;;;
2021/05/14;0100 UTC;0;943,4;943,4;943,3;;15,7;13,6;16,6;15,5;13,6;13,2;88;81;88;;;;
2021/05/14;0200 UTC;0;943,5;943,5;943,4;;15,2;13,2;15,8;14,9;13,6;13,2;90;86;88;;;;
2021/05/14;0300 UTC;0;943,6;943,7;943,4;;14,8;13,2;15,4;14,7;13,5;13;91;88;90;;;;
2021/05/14;0400 UTC;0;943,4;943,6;943,4;;14,3;12,9;14,8;14,2;13,2;12,8;92;90;91;;;;
2021/05/14;0500 UTC;0;942,9;943,4;942,9;;14;12,5;14,5;13,9;13;12,5;92;90;91;;;;
2021/05/14;0600 UTC;0;942,3;942,9;942,3;;13,7;12,2;14;13,4;12,6;12,1;92;90;91;;;;
2021/05/14;0700 UTC;0;942,1;942,4;942;;13,4;12;13,8;13,1;12,3;11,9;93;90;91;;;;
2021/05/14;0800 UTC;0;941,9;942,1;941,9;;13,2;11,9;13,4;12,9;12,1;11,6;93;91;92;;;;
2021/05/14;0900 UTC;0;942,1;942,1;941,9;;12,8;11,6;13,2;12,7;11,9;11,5;93;92;93;;;;
2021/05/14;1000 UTC;0;942,7;942,7;942,1;;12,6;11,5;12,8;12,3;11,7;11,2;94;92;93;;;;
2021/05/14;1100 UTC;0;943,1;943,1;942,6;157,6;14,2;12;14,2;12,5;12;11,3;93;86;86;;;;
2021/05/14;1200 UTC;0;943,6;943,6;943,1;981,2;15,6;12,4;15,7;14;12,6;11,5;88;80;81;;;;
2021/05/14;1300 UTC;0;944;944,1;943,6;1677,7;18,3;13,8;18,3;15,5;13,8;12,2;84;72;75;;;;
2021/05/14;1400 UTC;0;943,9;944,1;943,9;2286,4;21,2;14,5;21,2;18,3;14,6;13;75;64;66;;;;
2021/05/14;1500 UTC;0;943,3;943,9;943,3;2544,8;22,4;14;23,2;20,5;15,1;13,6;66;58;59;;;;
2021/05/14;1600 UTC;0;942,2;943,3;942,2;2827,7;24,9;14,8;25,5;22,4;15,5;14,1;61;51;53;;;;
2021/05/14;1700 UTC;0;941,4;942,2;941,4;2014,1;24,3;12,2;25,5;24,1;15,2;12,2;55;46;47;;;;
2021/05/14;1800 UTC;0;940,8;941,4;940,8;1588,8;24,5;13,1;26;24;14,7;12,5;55;46;49;;;;
2021/05/14;1900 UTC;0;940,6;940,8;940,5;798,6;24,8;13,6;25,1;23,5;14,7;12,6;58;48;50;;;;
2021/05/14;2000 UTC;0;940,8;940,8;940,6;618,2;24;13,5;24,9;23,6;14,7;13,4;57;50;52;;;;
2021/05/14;2100 UTC;0;941,1;941,1;940,7;93,9;21,7;13,5;24;21,6;14,3;13,3;61;52;60;;;;
2021/05/14;2200 UTC;0;941,2;941,4;941,1;;20,8;13,2;21,7;20,8;13,6;13;62;59;62;;;;
2021/05/14;2300 UTC;0;941,7;941,8;941,2;;19,2;12,5;20,7;19;13,2;12,5;67;62;65;;;;
2021/05/15;0000 UTC;0;942;942;941,7;;18,8;12,4;19,4;18,7;12,7;12,2;67;64;67;;;;
2021/05/15;0100 UTC;0;942,1;942,2;942;;18,4;11,6;18,8;17,8;12,5;11,3;67;62;65;;;;
2021/05/15;0200 UTC;0;942,3;942,3;942,1;;17,8;12,6;18,4;17,7;12,6;11,5;72;65;72;;;;
2021/05/15;0300 UTC;0;941,9;942,3;941,9;;17,3;13,7;17,8;16,8;13,7;12,6;81;72;79;;;;
2021/05/15;0400 UTC;0;941,7;942;941,5;;16,3;14,2;17,3;16,3;14,3;13,6;87;79;87;;;;
2021/05/15;0500 UTC;0;941,3;941,6;941,3;;15,9;14,5;16,5;15,9;14,7;14,1;91;87;91;;;;
2021/05/15;0600 UTC;0;940,6;941,3;940,6;;15,3;14,3;16,2;15,3;14,8;14,3;94;91;94;;;;
2021/05/15;0700 UTC;0;940,5;940,7;940,5;;15;14,2;15,6;15;14,6;14,2;95;93;95;;;;
2021/05/15;0800 UTC;0;940,5;940,5;940,3;;14,9;14;15,2;14,9;14,3;14;95;94;94;;;;
2021/05/15;0900 UTC;0;940,9;940,9;940,5;;14,3;13,6;14,9;14,3;14;13,6;96;94;95;;;;
2021/05/15;1000 UTC;0;941,7;941,7;940,9;;14,5;13,7;14,6;14,1;13,9;13,5;97;95;95;;;;
2021/05/15;1100 UTC;0;942,4;942,4;941,6;115,5;15,5;14,2;15,5;14,5;14,3;13,8;95;92;92;;;;
2021/05/15;1200 UTC;0;942,7;942,7;942,4;422;16,6;14,7;16,7;15,5;14,9;14,2;93;87;88;;;;
2021/05/15;1300 UTC;0;943,1;943,1;942,7;1644,2;19,1;14,9;19,3;16,7;15,7;14,4;88;76;77;;;;
2021/05/15;1400 UTC;0;943;943,2;943;2214;22,5;15,7;22,5;18,9;15,9;14,6;78;64;65;;;;
2021/05/15;1500 UTC;0;942,5;943;942,5;2399,6;25,2;15,6;25,2;22,5;16,5;14,9;66;55;55;;;;
2021/05/15;1600 UTC;0;941,9;942,5;941,8;2331,5;25,7;14;26,2;23,5;16,6;14;59;48;49;;;;
2021/05/15;1700 UTC;0;941,2;941,9;941,2;2575,8;25,6;14,3;27,6;25,1;16,1;13,8;54;47;50;;;;
2021/05/15;1800 UTC;0;940,7;941,2;940,7;1297;27;14,3;27,1;24,3;15,6;14;57;44;46;;;;
2021/05/15;1900 UTC;0;940,4;940,7;940,4;1526,8;26,5;13,9;27,1;25,7;14,8;13,3;50;43;46;;;;
2021/05/15;2000 UTC;0;940,6;940,6;940,4;918,4;24,8;14,6;26,7;24,8;14,9;13,6;54;46;53;;;;
2021/05/15;2100 UTC;0;940,8;940,8;940,6;100;22,6;13,8;24,8;22,5;14,7;13,8;58;53;58;;;;
2021/05/15;2200 UTC;0;941,1;941,1;940,8;;21;14,4;22,6;21;14,5;13,8;66;58;66;;;;
2021/05/15;2300 UTC;0;941,5;941,5;941,1;;19,4;14,3;21,1;19,3;14,5;14,2;73;65;72;;;;
2021/05/16;0000 UTC;0;942,1;942,1;941,5;;18,6;14,1;19,4;18,4;14,4;14;76;72;75;;;;
2021/05/16;0100 UTC;0;942,2;942,2;942;;17,9;14,1;18,6;17,9;14,3;13,9;79;75;79;;;;
2021/05/16;0200 UTC;0;942,2;942,3;942,2;;17,3;13,9;18;17,2;14,2;13,8;82;77;81;;;;
2021/05/16;0300 UTC;0;942,2;942,3;942,1;;17,8;14,3;18,2;17,2;14,4;13,8;81;77;80;;;;
2021/05/16;0400 UTC;0;942;942,2;941,8;;18,4;14,9;18,7;17,8;15;14,4;81;78;80;;;;
2021/05/16;0500 UTC;0;941,5;942;941,5;;17,6;15,2;18,4;17,1;15,2;14,7;87;80;86;;;;
2021/05/16;0600 UTC;0;941,2;941,5;941,2;;17,2;15,2;17,6;17;15,3;15;88;86;88;;;;
2021/05/16;0700 UTC;0;941,2;941,2;941;;16,6;15;17,2;16,4;15,1;14,9;91;88;91;;;;
2021/05/16;0800 UTC;0;941,3;941,3;941,1;;15,7;14,7;16,6;15,7;15,1;14,7;94;90;94;;;;
2021/05/16;0900 UTC;0;941,6;941,6;941,3;;14,7;14,3;15,7;14,6;14,9;14,1;98;94;98;;;;
2021/05/16;1000 UTC;0;942;942;941,6;;14,4;14,2;14,7;14,1;14,3;13,8;99;97;99;;;;
2021/05/16;1100 UTC;0;942,9;942,9;942;138,6;15,1;14,9;15,1;14,3;14,9;14,1;99;99;99;;;;
2021/05/16;1200 UTC;0;943,5;943,5;942,9;945,3;17,4;15;18;15,1;15,7;14,7;99;84;86;;;;
2021/05/16;1300 UTC;0;944;944;943,5;1678,7;20,3;16,1;20,3;17,4;16,1;14,9;88;77;77;;;;
2021/05/16;1400 UTC;0;943,9;944;943,8;2227,5;22,6;16,4;22,7;20,3;16,6;15,4;76;67;68;;;;
2021/05/16;1500 UTC;0;943,3;943,8;943,3;2586,6;25,1;16,1;25,4;22,4;17;15,3;69;56;58;;;;
2021/05/16;1600 UTC;0;942,5;943,3;942,5;2687,5;25,9;15,1;26,3;24,5;16,4;14,4;58;50;51;;;;
2021/05/16;1700 UTC;0;941,7;942,5;941,7;2594,2;26,3;14,8;27;25,8;15,8;14,2;51;47;49;;;;
2021/05/16;1800 UTC;0;941;941,7;941;2343,8;27,5;14,6;27,9;26,3;15,5;13,6;50;43;45;;;;
2021/05/16;1900 UTC;0;940,7;941;940,7;1702,5;27,1;13,8;28;26,7;14,9;13,1;46;42;44;;;;
2021/05/16;2000 UTC;0;941,1;941,1;940,7;795,1;24,3;13,5;27,2;24,3;14,3;13,2;51;44;51;;;;
2021/05/16;2100 UTC;0;941,5;941,5;941,1;66,7;22,2;13,1;24,2;22,1;13,8;13;57;50;56;;;;
2021/05/16;2200 UTC;0;941,8;941,8;941,5;;20,4;13,4;22,2;20,2;13,5;12,9;65;56;64;;;;
2021/05/16;2300 UTC;0;942,3;942,3;941,8;;19,5;13,5;20,4;19,4;13,5;13,3;69;64;68;;;;
2021/05/17;0000 UTC;0;942,6;942,6;942,2;;19,2;13,7;19,6;19,1;13,7;13,5;71;68;71;;;;
2021/05/17;0100 UTC;0;942,9;942,9;942,6;;18,5;13,5;19,2;18,4;13,7;13,4;73;70;73;;;;
2021/05/17;0200 UTC;0;942,9;943;942,9;;19;13,4;19;18,4;13,7;13,3;73;70;70;;;;
2021/05/17;0300 UTC;0;942,7;942,9;942,7;;19,3;13,2;19,9;19;13,5;13,2;70;66;68;;;;
2021/05/17;0400 UTC;0;942,2;942,8;942,2;;18,6;13,2;19,6;18,2;13,4;13,2;73;67;71;;;;
2021/05/17;0500 UTC;0;941,8;942,2;941,8;;17,8;13,2;19,2;17,8;13,3;13;74;68;74;;;;
2021/05/17;0600 UTC;0;941,3;941,8;941,3;;18,7;12,8;18,9;17,8;13,3;12,7;74;68;68;;;;
2021/05/17;0700 UTC;0;941,1;941,3;941;;18,1;12,5;18,7;17,6;13;12,5;74;68;70;;;;
2021/05/17;0800 UTC;0;941;941,1;940,9;;17,5;12,8;18,7;17,4;12,8;12,5;74;68;74;;;;
2021/05/17;0900 UTC;0;941,4;941,4;941;;17,4;13;17,6;16,9;13;12,7;78;74;75;;;;
2021/05/17;1000 UTC;0;942,1;942,1;941,4;;17,3;13,1;17,7;16,8;13,2;12,9;78;74;76;;;;
2021/05/17;1100 UTC;0;942,7;942,7;942,1;153;19,9;13,7;19,9;17,3;13,7;13,1;77;67;67;;;;
2021/05/17;1200 UTC;0;943,4;943,4;942,7;973,4;21,2;14,6;21,4;19,9;15,1;13,5;69;65;66;;;;
2021/05/17;1300 UTC;0;943,7;943,8;943,4;1672,9;23,3;14,5;23,3;21;15,5;13,8;69;57;58;;;;
2021/05/17;1400 UTC;0;943,4;943,7;943,4;2109,3;24,3;13,8;25;23,3;14,8;13,7;58;50;52;;;;
2021/05/17;1500 UTC;0;942,5;943,4;942,5;2202,8;24,8;14;26,3;23,8;15;13,1;55;47;51;;;;
2021/05/17;1600 UTC;0;941,9;942,6;941,9;2176,1;26,7;14,1;26,8;24,8;15;13,1;52;46;46;;;;
2021/05/17;1700 UTC;0;941;941,9;940,9;2376,1;26,7;13,7;27,5;25,9;14,7;13,1;47;42;45;;;;
2021/05/17;1800 UTC;0;940,2;941;940,2;2127,2;27,5;12,7;28,2;26;13,6;12,1;45;38;40;;;;
2021/05/17;1900 UTC;0;940,1;940,2;940;1717,5;27,1;12,3;28;26,6;13,3;11,8;41;38;40;;;;
2021/05/17;2000 UTC;0;939,8;940,1;939,8;842,9;24,7;12;27,1;24,7;12,7;11,7;46;39;45;;;;
2021/05/17;2100 UTC;0;939,8;939,9;939,7;61,9;22,8;12,3;24,8;22,8;12,4;11,5;51;44;51;;;;
2021/05/17;2200 UTC;0;940,2;940,2;939,7;;21,4;12,6;22,8;21,4;12,6;12,2;57;51;57;;;;
2021/05/17;2300 UTC;0;940,8;940,8;940,2;;20,5;12,8;21,4;20,5;12,8;12,6;61;57;61;;;;
2021/05/18;0000 UTC;0;941,2;941,2;940,7;;20,2;13;20,5;20,1;13;12,8;64;61;63;;;;
2021/05/18;0100 UTC;0;941,4;941,4;941,2;;20,5;13,3;20,5;20,2;13,3;13;64;63;64;;;;
2021/05/18;0200 UTC;0;941,4;941,4;941,3;;20,2;13,4;20,5;19,9;13,4;13,1;66;63;65;;;;
2021/05/18;0300 UTC;0;941,3;941,4;941,3;;20;13,6;20,2;19,7;13,6;13,4;68;65;67;;;;
2021/05/18;0400 UTC;0;941,3;941,3;941,2;;19,1;13,6;20;19,1;13,6;13,5;71;67;71;;;;
2021/05/18;0500 UTC;0;940,8;941,3;940,7;;18;13,7;19,3;18;13,8;13,6;76;70;76;;;;
2021/05/18;0600 UTC;0;940,2;940,7;940,2;;18;13,7;18,1;17,5;13,8;13,5;78;76;76;;;;
2021/05/18;0700 UTC;0;940;940,2;940;;17;13,8;18;16,8;13,8;13,6;82;76;81;;;;
2021/05/18;0800 UTC;0;939,9;940;939,9;;16;13,9;17;16;13,9;13,7;87;81;87;;;;
2021/05/18;0900 UTC;0;940;940,1;939,8;;15,4;13,9;16;15,1;13,9;13,6;91;87;91;;;;
2021/05/18;1000 UTC;0;940,6;940,6;940;;15,2;13,9;15,6;15,2;14;13,7;92;90;92;;;;
2021/05/18;1100 UTC;0;941,4;941,4;940,6;158,8;17,4;14,3;17,4;14,9;14,4;13,6;93;82;82;;;;
2021/05/18;1200 UTC;0;941,8;941,8;941,4;956,5;19,2;14,5;19,8;17,4;15;14;83;72;74;;;;
2021/05/18;1300 UTC;0;942,2;942,2;941,8;1696,7;20,5;14,9;20,7;19,2;15,3;14,5;76;70;70;;;;
2021/05/18;1400 UTC;0;942;942,2;942;2264,5;24,1;15,5;24,1;20,4;16,1;14,2;72;59;59;;;;
2021/05/18;1500 UTC;0;941,5;942;941,5;2627,3;25,7;10,8;26;23,4;15,4;10,8;59;39;39;;;;
2021/05/18;1600 UTC;0;940,7;941,5;940,7;2739,9;25,9;12,8;26,5;25,4;12,8;10,3;44;38;44;;;;
2021/05/18;1700 UTC;0;939,8;940,7;939,8;2597,3;26,5;12;27;25,4;13,1;10,9;44;38;40;;;;
2021/05/18;1800 UTC;0;939,2;939,8;939,2;2222,5;26,7;11,3;27,4;25,9;12,5;10,3;42;37;38;;;;
2021/05/18;1900 UTC;0;939;939,2;938,9;1576,7;26;11,1;27,2;25,8;11,8;8,9;40;32;39;;;;
2021/05/18;2000 UTC;0;939,3;939,3;938,9;826,4;24;10,3;26,1;24;11,1;9,6;42;36;42;;;;
2021/05/18;2100 UTC;0;939,6;939,6;939,3;63,8;21,3;10,7;24;21,3;10,9;10,1;51;42;51;;;;
2021/05/18;2200 UTC;0;940;940;939,6;;20,2;11,1;21,3;20,2;11,2;10,6;56;51;56;;;;
2021/05/18;2300 UTC;0;940,6;940,6;940;;18,9;11,3;20,3;18,9;11,4;11,2;62;56;62;;;;
2021/05/19;0000 UTC;0;940,8;940,8;940,6;;18,4;11,2;19;18,4;11,4;11,2;63;61;63;;;;
2021/05/19;0100 UTC;0;941;941;940,8;;17,2;11,1;18,4;17,2;11,2;10,9;67;63;67;;;;
2021/05/19;0200 UTC;0;940,9;941,1;940,9;;17,1;11,5;18,4;17,1;11,7;11,1;69;64;69;;;;
2021/05/19;0300 UTC;0;940,8;941;940,8;;16,9;11,3;17,2;16,5;11,7;11,3;73;69;70;;;;
2021/05/19;0400 UTC;0;940,5;940,8;940,5;;17,1;11,3;17,8;16,9;11,6;11,3;70;66;69;;;;
2021/05/19;0500 UTC;0;940,2;940,5;940,2;;17,7;10,7;17,8;17;11,4;10,7;69;64;64;;;;
2021/05/19;0600 UTC;0;939,8;940,2;939,8;;16,6;11,1;17,7;16,6;11,1;10,4;70;64;70;;;;
2021/05/19;0700 UTC;0;939,7;939,8;939,7;;16;11,4;16,8;16;11,4;11,1;74;69;74;;;;
2021/05/19;0800 UTC;0;939,8;939,8;939,7;;15,2;12,2;16,3;15,2;12,2;11,4;82;74;82;;;;
2021/05/19;0900 UTC;0;940,1;940,1;939,8;;15;12,5;15,4;14,8;12,6;12,1;86;81;85;;;;
2021/05/19;1000 UTC;0;940,6;940,6;940,1;;14,7;12,5;15;14,6;12,6;12,3;87;85;86;;;;
2021/05/19;1100 UTC;0;941,2;941,3;940,6;158,2;16,3;12,8;16,3;14,5;13;12,3;88;80;80;;;;
2021/05/19;1200 UTC;0;941,5;941,5;941,3;996,5;18,5;13,2;18,5;16,3;13,5;12,8;80;70;71;;;;
2021/05/19;1300 UTC;0;942;942;941,5;1728,4;21,1;13,1;21,1;18,5;13,6;12,5;71;59;60;;;;
2021/05/19;1400 UTC;0;941,4;942,1;941,4;2294,6;24,2;12,9;24,2;20,7;13,1;11,6;60;48;49;;;;
2021/05/19;1500 UTC;0;941;941,4;941;2541,9;24,6;11,2;24,6;23,3;13,3;10,6;52;42;43;;;;
2021/05/19;1600 UTC;0;940,4;941,1;940,4;2710,6;26,3;10,4;26,3;24,4;12,1;10;44;36;37;;;;
2021/05/19;1700 UTC;0;939,5;940,4;939,5;2594,2;26,4;9,7;27,2;25,5;11,3;9;40;33;35;;;;
2021/05/19;1800 UTC;0;939;939,6;939;2221,4;26,6;10,2;27,2;25,8;10,4;8,3;36;32;36;;;;
2021/05/19;1900 UTC;0;938,8;939,1;938,7;1650,2;27,2;7,7;27,3;25,6;10,2;7,6;36;29;29;;;;
2021/05/19;2000 UTC;0;938,8;938,9;938,8;854,9;24,5;8,6;27,2;24,5;8,8;7,1;36;29;36;;;;
2021/05/19;2100 UTC;0;939,2;939,2;938,8;58,2;21,8;8,8;24,5;21,8;9,4;7,9;45;35;44;305;;1,1;
2021/05/19;2200 UTC;0;939,4;939,4;939,2;;20,3;7,4;21,8;20,2;8,8;7,3;46;43;43;316;2,1;,7;
2021/05/19;2300 UTC;0;939,7;939,7;939,4;;19,7;7,8;20,5;19,7;7,8;7,3;46;42;46;359;1;,6;
2021/05/20;0000 UTC;0;940;940,1;939,7;;17,7;9,4;19,7;17,7;9,4;7,7;58;46;58;132;2,3;,5;
2021/05/20;0100 UTC;0;940,1;940,1;940;;17,7;9,8;17,7;17,3;9,8;9,4;61;58;60;115;1,9;,7;
2021/05/20;0200 UTC;0;940;940,1;940;;17,3;8,9;17,9;17,3;9,7;8,9;60;57;58;138;3;1;
2021/05/20;0300 UTC;0;940;940,1;939,9;;17,8;8,1;17,9;16,8;8,9;7,8;58;52;53;132;2,9;1;
2021/05/20;0400 UTC;0;939,8;940;939,8;;16,8;8,4;17,8;16,7;8,4;7,6;58;52;58;97;2,9;1;
2021/05/20;0500 UTC;0;939,2;939,8;939,2;;17,9;9,7;17,9;16,5;9,7;8,4;61;58;59;68;2;1,5;
2021/05/20;0600 UTC;0;939,1;939,3;939;;17,8;9,5;18,6;17,8;9,9;9,5;59;55;58;98;2,9;1,3;
2021/05/20;0700 UTC;0;939,1;939,3;939;;17,6;8,6;18,3;16,7;9,6;8,4;63;52;55;64;2,2;,9;
2021/05/20;0800 UTC;0;938,9;939,1;938,9;;18,2;9,1;18,5;17,5;9,1;8,6;57;54;55;43;2,1;1,2;
2021/05/20;0900 UTC;0;939,2;939,2;938,9;;19,1;9;19,2;18,2;9,1;8,9;55;51;52;32;3,9;1,6;
2021/05/20;1000 UTC;0;939,9;939,9;939,2;;18,9;9,2;19,1;18,6;9,3;9,1;54;52;53;35;4,3;1,9;
2021/05/20;1100 UTC;0;940,5;940,5;939,9;154,9;20,5;9,5;20,5;18,9;9,6;9,2;53;49;49;30;4,8;1,8;
2021/05/20;1200 UTC;0;940,9;940,9;940,5;966,9;22,8;9,4;22,8;20,5;10;9,1;49;42;42;26;4,8;1,4;
2021/05/20;1300 UTC;0;941,2;941,3;940,8;1693,4;23,7;9,7;23,9;22,8;10,1;9;43;39;41;32;5,4;2,1;
2021/05/20;1400 UTC;0;940,9;941,2;940,8;2251,3;25,6;10,1;25,6;23,3;10,3;9;43;37;38;36;5,4;2;
2021/05/20;1500 UTC;0;940,5;940,9;940,5;2566,9;27;9,8;27,5;24,9;10,9;9,2;40;34;34;315;4,5;1,3;
2021/05/20;1600 UTC;0;939,9;940,5;939,9;2666,2;28,1;10,7;28,8;26,6;11,3;9,8;36;31;34;278;6,2;2,1;
2021/05/20;1700 UTC;0;939,1;939,9;939,1;2520,2;29,1;10,6;29,1;27,7;11;9,2;34;30;32;277;5,8;1,5;
2021/05/20;1800 UTC;0;938,2;939,1;938,2;2103;29,2;10,3;29,5;28,1;11,3;9,5;34;30;31;239;5,8;1,2;
2021/05/20;1900 UTC;0;937,8;938,2;937,6;1464,1;28,4;10,2;29,5;28,1;11,1;9,4;34;30;32;271;5,7;1,1;
2021/05/20;2000 UTC;0;937,8;937,9;937,8;706,6;26,4;9,9;28,3;26,2;11,7;9,5;40;32;35;13;4,1;,5;
2021/05/20;2100 UTC;0;937,8;937,8;937,7;116,6;24,2;10,1;26,4;24,1;11,8;10;42;35;41;356;2,1;,9;
2021/05/20;2200 UTC;0;938,2;938,2;937,8;;22,9;10,2;24,3;22,9;10,3;10;45;41;45;357;2;1,1;
2021/05/20;2300 UTC;0;938,3;938,4;938,2;;21,8;8,2;23;21,7;10,9;8,1;50;41;42;113;1,8;,4;
2021/05/21;0000 UTC;0;938,7;938,7;938,3;;21,6;7,2;22,9;21,3;8,7;7,1;43;37;39;108;2,1;,9;
2021/05/21;0100 UTC;0;938,7;938,7;938,6;;22,7;5,3;23,8;21,6;7,2;5;39;30;32;114;2,9;1,3;
2021/05/21;0200 UTC;0;938,8;938,9;938,7;;21,6;5,4;22,7;21,2;6;4,8;37;32;35;82;2,8;,9;
2021/05/21;0300 UTC;0;938,6;938,8;938,6;;21,5;5,5;22,4;21,2;5,6;4,6;36;31;35;75;1,9;1;
2021/05/21;0400 UTC;0;938,3;938,6;938,3;;22,9;4,2;22,9;21,2;5,8;4,2;37;30;30;81;1,8;1;
2021/05/21;0500 UTC;0;938,1;938,3;938,1;;23,4;3,4;23,4;22,8;4,5;3,4;30;27;27;41;2,2;1,1;
2021/05/21;0600 UTC;0;937,7;938,1;937,7;;23;2,9;23,4;22,9;5,1;2,9;31;26;27;41;3,8;1,6;
2021/05/21;0700 UTC;0;937,6;937,7;937,5;;22,3;1,8;23;21,9;3,4;1,6;29;25;26;35;4,4;1,7;
2021/05/21;0800 UTC;0;937,7;937,7;937,5;;22,2;1,2;22,5;22,2;1,7;1,1;26;24;25;46;3,9;1,5;
2021/05/21;0900 UTC;0;938;938;937,7;;22,5;3;22,7;21,9;3;1,2;28;25;28;40;6,1;1,8;
2021/05/21;1000 UTC;0;938,6;938,7;938;;22,1;6,4;22,6;22,1;6,6;3;36;28;36;46;6,1;1,7;
2021/05/21;1100 UTC;0;939;939;938,6;96;22,6;7;22,7;22,1;7,2;5,4;37;33;37;33;6,2;2,3;
2021/05/21;1200 UTC;0;939,2;939,2;938,9;567,3;23,2;8,7;23,8;22,6;8,7;6,9;40;35;40;34;6;2,1;
2021/05/21;1300 UTC;0;939,4;939,4;939,2;958,6;24,1;9,9;24,1;23,2;9,9;8,6;41;39;41;35;7,2;3;
2021/05/21;1400 UTC;0;939,3;939,5;939,3;1533,6;24,9;10,9;25;24,1;11,1;9,7;42;40;41;5;7,5;2,8;
2021/05/21;1500 UTC;0;938,8;939,3;938,8;2170,3;26,9;11,4;27,2;24,7;12,2;10,6;43;37;38;38;6,1;2,4;
2021/05/21;1600 UTC;0;937,8;938,8;937,8;2585,5;28,5;9,5;29,3;26,9;11,8;9,5;38;30;30;2;7,7;3;
2021/05/21;1700 UTC;0;936,7;937,8;936,6;2497,5;29,8;9,1;30,2;28,3;11;8,2;32;26;28;3;6,9;2,2;
2021/05/21;1800 UTC;0;936,1;936,7;936,1;1672;29,3;9,7;29,8;28,1;9,7;8,4;30;27;29;1;8,1;2,1;
2021/05/21;1900 UTC;0;935,9;936,1;935,8;1617,9;29,4;9,1;31;28,5;9,9;8,1;29;26;28;303;6,5;2,3;
2021/05/21;2000 UTC;0;936,1;936,1;935,8;768,5;27,6;9,2;29,4;27,5;9,6;8,7;32;28;32;350;5,9;2;
2021/05/21;2100 UTC;0;936,2;936,3;936;76,4;26,2;9;27,6;26,2;9,3;8,9;34;31;34;19;5,4;1,3;
2021/05/21;2200 UTC;0;936,7;936,8;936,2;;25;9,2;26,2;25;9,2;8,9;37;34;37;33;3,4;,8;
2021/05/21;2300 UTC;0;936,9;937;936,7;;25;9,3;25,2;24,8;9,3;9,2;37;36;37;29;3,4;1,1;
2021/05/22;0000 UTC;0;937,1;937,2;936,9;;24,5;9,4;25,1;24,5;9,4;9,2;38;37;38;20;3,9;1,5;
2021/05/22;0100 UTC;0;936,9;937,2;936,9;;24,3;9,1;24,6;24,2;9,5;9,1;39;38;38;41;5,4;2,3;
2021/05/22;0200 UTC;0;937,4;937,4;936,9;;23,9;8,9;24,3;23,9;9,1;8,8;39;38;39;33;5,3;1,7;
2021/05/22;0300 UTC;0;937,1;937,4;937,1;;24;8,9;24,4;23,8;8,9;8,8;39;37;38;41;4,2;1,6;
2021/05/22;0400 UTC;0;936;937,1;936;;23,3;9,1;24,1;23,1;9,1;8,9;41;38;40;42;5,7;2,4;
2021/05/22;0500 UTC;0;935;936;935;;22,4;9,4;23,3;22,4;9,4;9;44;40;44;33;7,4;2,9;
2021/05/22;0600 UTC;0;934,9;935,1;934,8;;21,6;9,9;22,4;21,5;9,9;9,4;47;44;47;30;8,4;3,2;
2021/05/22;0700 UTC;0;935;935;934,8;;21,2;10,1;21,6;21;10,2;9,9;50;47;49;29;7,5;2,2;
2021/05/22;0800 UTC;0;935,1;935,1;934,6;;21,2;10,5;21,2;20,9;10,5;10,2;51;49;51;19;6,6;2,3;
2021/05/22;0900 UTC;0;937;937;935,1;;21,7;11,2;21,9;21,1;11,2;10,5;52;49;51;292;5,8;1,5;
2021/05/22;1000 UTC;0;937,5;938,6;937,1;;17,4;15,1;21,7;17,4;15,1;11,2;87;51;87;140;7;1,8;
2021/05/22;1100 UTC;,2;937,4;937,4;937;63,1;17,4;15,5;17,4;16,7;15,7;15,2;93;87;89;103;4,7;2,1;
2021/05/22;1200 UTC;0;938,2;938,2;937,4;194,7;17,6;16;17,6;17,2;16,3;15,4;94;87;91;94;4,7;2,1;
2021/05/22;1300 UTC;1,4;938,1;938,3;937,7;755,7;18,9;17;19,3;17,5;17,5;15,9;94;87;88;97;4,6;1,5;
2021/05/22;1400 UTC;15,6;939,3;940,5;938,1;223,4;17,1;16,9;18,9;17,1;17,6;16,6;99;88;98;127;4,3;1,7;
2021/05/22;1500 UTC;,4;938,8;939,3;938,4;1000,2;18,7;17,7;18,8;17,1;18;16,9;99;94;94;108;4,5;2;
2021/05/22;1600 UTC;5,8;938,4;939,1;938,1;808,4;17,9;17,1;19,1;17,9;18;17;95;89;95;32;4,5;1,7;
2021/05/22;1700 UTC;,6;937,3;938,4;937,3;564,9;18,6;17,8;18,8;17,8;18;17,1;97;95;95;96;5,2;2,6;
2021/05/22;1800 UTC;0;937,6;937,6;937,1;306;18,5;17,7;18,8;18,5;18,2;17,7;97;95;95;97;5,2;1,7;
2021/05/22;1900 UTC;0;937,1;937,6;936,9;443,4;18,9;17,7;19,1;18,4;18,2;17,4;96;92;93;72;5,3;2,2;
2021/05/22;2000 UTC;0;937,3;937,3;937,1;359,9;18,2;17,4;18,9;18,1;18;17,4;96;92;96;36;5,7;2,5;
2021/05/22;2100 UTC;0;937,4;937,6;937,2;98,3;17,5;16,8;18,2;17,5;17,4;16,8;96;94;96;50;6,1;1,8;
2021/05/22;2200 UTC;0;937,7;937,7;937,2;;17,1;16,7;17,5;17,1;16,8;16,7;97;96;97;36;6;2,3;
2021/05/22;2300 UTC;0;937,3;937,7;937,3;;17,1;16,6;17,1;17;16,7;16,5;97;97;97;36;7;2,2;
2021/05/23;0000 UTC;0;937,8;937,8;937,2;;16,8;16,5;17,2;16,8;16,6;16,4;98;96;98;22;6,9;2,7;
2021/05/23;0100 UTC;0;938;938,1;937,6;;17,4;16,4;17,4;16,8;16,7;16,4;98;94;94;32;7,4;2,9;
2021/05/23;0200 UTC;0;937,6;938,1;937,6;;17,2;16,6;17,6;17,2;16,7;16,3;96;92;96;22;8,7;2,7;
2021/05/23;0300 UTC;0;937,8;937,8;937,4;;17,1;16,6;17,4;17,1;16,8;16,5;97;96;96;22;8,4;2,7;
2021/05/23;0400 UTC;0;937,8;937,8;937,3;;16,7;16,5;17,2;16,7;16,7;16,4;98;96;98;23;6,9;2,4;
2021/05/23;0500 UTC;0;938,5;938,6;937,6;;17;16,5;17;16,7;16,5;16,4;98;97;97;344;6,5;1,5;
2021/05/23;0600 UTC;0;937,5;938,5;937,5;;17,5;16,4;17,5;17;16,6;16,3;97;93;93;7;5,9;2,3;
2021/05/23;0700 UTC;0;937,1;937,7;937,1;;17,2;16,5;17,5;17,2;16,5;16,3;96;93;96;356;6,3;1,8;
2021/05/23;0800 UTC;0;936,8;937,3;936,8;;17,1;16,6;17,2;17;16,7;16,5;97;96;97;348;6,1;1,4;
2021/05/23;0900 UTC;0;937,2;937,2;936,8;;17,1;16,8;17,1;16,9;16,8;16,5;98;97;98;323;3,1;1,2;
2021/05/23;1000 UTC;0;937,9;937,9;937,2;;17,2;16,9;17,3;17,1;17;16,8;98;98;98;318;4,7;1,7;
2021/05/23;1100 UTC;0;938,8;938,9;937,9;32;17,4;17,1;17,4;17,2;17,1;16,9;98;98;98;307;4,4;1,4;
2021/05/23;1200 UTC;0;939,5;939,5;938,8;427,8;18,8;18,3;18,8;17,4;18,3;17,1;98;97;97;300;4,5;1,7;
2021/05/23;1300 UTC;0;939,9;940;939,5;365,3;18,7;18,4;19,1;18,4;18,6;17,8;98;94;98;310;4,5;1,6;
2021/05/23;1400 UTC;,2;940,2;940,4;939,7;241,8;18,4;18,2;19,1;18,4;18,7;18,1;99;97;99;298;5,7;2,2;
2021/05/23;1500 UTC;,2;939,5;940,3;939,5;620,7;19,6;19;19,7;18,4;19,5;18,2;99;97;97;285;5,4;2,4;
2021/05/23;1600 UTC;0;939;939,5;939;715,4;20,5;18,8;20,6;19,6;19,8;18,6;97;90;90;268;5,4;2;
2021/05/23;1700 UTC;0;938,4;939;938,4;1088,3;21,7;18,2;22,3;20,1;20,2;18;92;81;81;283;5,5;2,2;
2021/05/23;1800 UTC;0;937,8;938,4;937,8;1120,3;22,3;17,6;22,3;21,4;18,8;17,3;83;75;75;275;6,7;2,7;
2021/05/23;1900 UTC;0;938,3;938,4;937,8;936,6;21,4;16,1;22,6;21,4;17,8;15,9;78;69;72;277;6,9;3,3;
2021/05/23;2000 UTC;0;938,8;938,8;938,2;421,5;20,4;11,1;21,6;20,4;16,5;11,1;74;55;55;264;7,7;2,7;
2021/05/23;2100 UTC;,2;939,5;939,5;938,8;89,7;18,7;10,1;20,4;18,7;11,1;10;59;54;57;260;6,5;1,7;
2021/05/23;2200 UTC;0;940,1;940,1;939,5;;18;9,4;18,8;18;10,1;9,3;59;56;57;275;4,5;2;
2021/05/23;2300 UTC;0;940,9;940,9;940,1;;17,6;9,2;18;17,5;9,5;9,2;59;57;58;266;5,3;2,4;
2021/05/24;0000 UTC;0;941,1;941,1;940,8;;16,5;9;17,6;16,5;9,3;8,8;61;58;61;252;5,5;2;
2021/05/24;0100 UTC;0;941,5;941,6;941,1;;15,5;8,5;16,5;15,4;9,2;8,5;65;61;63;252;7,3;1,8;
2021/05/24;0200 UTC;0;941,6;941,7;941,5;;14,1;8,2;15,5;14;8,8;8,1;69;63;68;245;5,1;1,5;
2021/05/24;0300 UTC;0;941,8;941,8;941,6;;13,7;7,5;14,3;13,7;8,2;7,4;68;64;66;266;4,4;1,7;
2021/05/24;0400 UTC;0;941,6;941,8;941,5;;13,7;5,8;13,9;13,5;7,5;5,8;66;59;59;261;4,4;1,5;
2021/05/24;0500 UTC;0;941,1;941,6;941,1;;12,8;5,6;13,8;12,8;5,9;5,5;62;58;62;253;4,9;1,5;
2021/05/24;0600 UTC;0;940,6;941,1;940,6;;11,9;5,8;12,8;11,9;6,1;5,6;67;62;67;253;4,9;1,7;
2021/05/24;0700 UTC;0;940,3;940,6;940,3;;10,1;5,7;11,9;10;5,9;5,5;75;66;75;241;5,1;1,3;
2021/05/24;0800 UTC;0;940,1;940,3;940,1;;9,7;4,6;10,3;9,4;5,8;4,6;76;71;71;217;4,2;1,2;
2021/05/24;0900 UTC;0;940,4;940,4;940,1;;9,4;4,6;9,9;9,2;4,7;4,5;73;70;72;240;4;1,2;
2021/05/24;1000 UTC;0;941,1;941,1;940,4;;8,8;4,7;10;8,8;4,8;4,4;76;69;76;264;4,1;,8;
2021/05/24;1100 UTC;0;941,7;941,7;941,1;194,5;10,8;5,2;10,8;8,7;6,2;4,7;76;68;68;176;3,1;,8;
2021/05/24;1200 UTC;0;942,5;942,5;941,7;908;13,5;6,4;13,5;10,8;6,8;5,5;72;62;62;188;3,9;,8;
2021/05/24;1300 UTC;0;943,1;943,1;942,5;1663,8;14,6;6,8;14,9;13,5;7,6;5,9;64;56;59;191;3,9;1,2;
2021/05/24;1400 UTC;0;943,3;943,5;943;2302,1;15,7;5,9;16,3;14,3;7,8;5,6;62;52;52;115;3,8;1,3;
2021/05/24;1500 UTC;0;943;943,4;942,9;2581,6;18,5;6,2;18,7;15,4;8,2;5,7;55;44;45;48;2,7;1;
2021/05/24;1600 UTC;0;942,4;943;942,4;2757,7;20,3;2,5;20,8;17,9;7,4;2,2;45;29;31;293;4;2,1;
2021/05/24;1700 UTC;0;941,6;942,4;941,5;2686,2;21,9;,8;22,3;20,3;5,2;0;35;23;25;299;4,2;1,7;
2021/05/24;1800 UTC;0;941,2;941,6;941,2;2009,3;21,9;2,2;22,5;20,8;4,9;-,9;33;22;27;278;4,9;1,7;
2021/05/24;1900 UTC;0;940,9;941,2;940,9;1500,6;21;2,9;22,1;20,7;5,1;1,5;37;26;30;266;4,8;1,4;
2021/05/24;2000 UTC;0;941,1;941,2;940,9;858,7;18,4;4;21,6;18,4;4,6;1,9;39;28;38;271;4;1,1;
2021/05/24;2100 UTC;0;941,5;941,6;941,1;98,5;16,1;3,4;18,4;16,1;4,1;2,5;43;34;43;318;2,7;,8;
2021/05/24;2200 UTC;0;941,7;941,8;941,5;;14,8;3,9;16,1;14,8;4,5;3,4;50;42;48;340;1,4;,6;
2021/05/24;2300 UTC;0;942,2;942,3;941,7;;15,7;6;16,3;14,6;6;3,3;52;44;52;344;3,4;1,3;
2021/05/25;0000 UTC;0;942,6;942,7;942,1;;15,1;6,1;15,8;14,7;6,5;5,5;58;50;55;343;2,9;1;
2021/05/25;0100 UTC;0;942,9;943;942,5;;15;5,8;15,3;14,9;6,3;5,3;56;52;54;358;2,4;1;
2021/05/25;0200 UTC;0;943,1;943,3;942,9;;15;5,4;15,7;14,9;5,8;5,1;54;49;53;344;2,8;1,5;
2021/05/25;0300 UTC;0;942,9;943,1;942,7;;14,5;5,3;15,3;14,5;5,6;5;55;51;54;315;2,6;1,1;
2021/05/25;0400 UTC;0;942,6;942,9;942,4;;14,5;5,1;14,7;14,2;6;5,1;58;53;53;320;1,9;1,1;
2021/05/25;0500 UTC;0;942,3;942,7;942,3;;13;5,8;14,6;13;7;5;63;53;61;179;2,5;,6;
2021/05/25;0600 UTC;0;942,5;942,7;942,3;;12,6;5,3;13,2;12,6;6,1;4,9;64;59;61;278;1,5;,5;
2021/05/25;0700 UTC;0;942,1;942,6;942;;11,8;5,6;12,6;11,7;6,1;5,4;67;61;66;156;1,6;,4;
2021/05/25;0800 UTC;0;941,8;942,1;941,8;;10,8;5,2;11,8;10,3;5,9;5;72;66;68;149;2,8;1;
2021/05/25;0900 UTC;0;942,4;942,4;941,6;;11,2;5;11,6;10,8;5,3;4,4;69;63;66;203;2,8;,6;
2021/05/25;1000 UTC;0;942,9;943,1;942,3;;10,8;5,1;11,2;10,1;5,9;4,6;72;64;68;35;2,2;,3;
2021/05/25;1100 UTC;0;943,8;943,8;942,7;131,6;14,3;5;14,4;10,7;6,2;4,5;72;52;54;95;1,8;,7;
2021/05/25;1200 UTC;0;943,9;944,1;943,8;885,9;15,9;7,1;16,4;13,2;7,8;5,2;65;51;56;136;2,8;1,6;
2021/05/25;1300 UTC;0;944,5;944,5;943,9;1682,4;18,9;6,5;18,9;15,6;7,5;5,5;56;43;44;123;4;1,9;
2021/05/25;1400 UTC;0;944,6;944,7;944,5;2252,9;21,3;6,3;21,5;18,8;7,6;5;45;34;38;91;4;1,4;
2021/05/25;1500 UTC;0;944;944,6;944;2532,8;23,3;4,7;23,6;20,8;7,9;1,9;41;27;30;34;3,7;1,3;
2021/05/25;1600 UTC;0;943,4;944;943,4;2560,4;23,4;4,9;24,1;22,6;7,4;3,7;36;27;30;65;4,6;1,5;
2021/05/25;1700 UTC;0;942,4;943,4;942,4;2519,4;25,3;6,2;25,9;23,1;7,3;3,4;33;25;29;247;3,7;,7;
2021/05/25;1800 UTC;0;941,7;942,4;941,7;2281,7;24,6;5,4;25,6;24;8,1;4,1;34;25;29;137;3;1,4;
2021/05/25;1900 UTC;0;941,7;941,8;941,6;1079,4;24,2;7,8;25;23,4;8,6;5,2;39;29;35;182;3,3;,6;
2021/05/25;2000 UTC;0;941,8;941,8;941,6;625,1;22,2;7,8;24,7;22,1;9,5;6,2;46;32;40;176;2,6;,4;
2021/05/25;2100 UTC;0;941,8;941,9;941,7;122,2;19,4;6,3;22,2;19,4;8,7;6;43;36;42;218;1,7;,5;
2021/05/25;2200 UTC;0;942,2;942,2;941,8;;18,5;5,7;19,4;18,5;6,6;5,6;44;42;43;262;1,1;,2;
2021/05/25;2300 UTC;0;942,9;942,9;942,1;;17,8;6,5;18,5;17,8;7;5,8;49;43;48;159;1,4;,3;
2021/05/26;0000 UTC;0;943,7;943,7;942,9;;17,5;6,8;17,8;17,4;7,2;6,5;51;48;50;112;1,9;,9;
2021/05/26;0100 UTC;0;943,8;943,9;943,7;;16,8;6,6;17,5;16,8;7;6,4;52;49;51;146;2,1;,4;
2021/05/26;0200 UTC;0;943,7;943,8;943,7;;16,7;5,8;16,9;16,5;6,7;5,5;51;47;49;111;2,3;,5;
2021/05/26;0300 UTC;0;943,5;943,7;943,4;;16,3;5,7;17;16,3;5,9;5,2;50;47;50;139;2,5;,7;
2021/05/26;0400 UTC;0;943,3;943,5;943,3;;16,2;5,1;16,7;16;5,9;5,1;51;46;48;233;2,2;,2;
2021/05/26;0500 UTC;0;942,7;943,3;942,6;;15,6;4,8;16,2;15,3;5,4;4,8;52;48;49;137;2,5;,6;
2021/05/26;0600 UTC;0;942,1;942,7;942,1;;15,6;5,3;15,6;15,2;5,4;4,5;52;48;50;115;1,9;,7;
2021/05/26;0700 UTC;0;941,8;942,1;941,8;;15,3;6,6;15,7;15,3;6,8;5;57;49;56;143;1,7;,4;
2021/05/26;0800 UTC;0;941,4;941,8;941,4;;15,4;6,7;15,4;15,2;6,7;6,1;57;54;56;86;1,7;,7;
2021/05/26;0900 UTC;0;941,6;941,6;941,4;;16,5;5,9;16,9;15,4;6,6;5,6;56;47;50;88;2,1;1,2;
2021/05/26;1000 UTC;0;942;942,1;941,6;;17,5;5;17,7;16,5;6,5;4,8;50;43;44;95;2,6;1,3;
2021/05/26;1100 UTC;0;942,5;942,5;942;154,5;18,5;5;18,6;17,3;6,5;4,6;48;41;41;115;3;1,6;
2021/05/26;1200 UTC;0;943;943;942,5;897;20,7;7;20,9;18,4;7,7;5,1;44;40;41;111;3;1,5;
2021/05/26;1300 UTC;0;944;944;943;1407,3;22,3;7,9;22,4;20,4;9;6,5;44;36;40;113;2,7;1,1;
2021/05/26;1400 UTC;0;943,9;944,1;943,9;1321,2;23,6;7,4;24,1;22;9,8;6,5;45;34;35;35;2,2;,5;
2021/05/26;1500 UTC;0;943,2;943,9;943,2;2130,1;25;8,7;25,8;22,9;10,2;6,9;44;32;35;211;2,9;,7;
2021/05/26;1600 UTC;0;942,5;943,2;942,5;2531;26,3;7,9;26,5;24,8;9,5;7,2;35;30;31;246;3,4;1,1;
2021/05/26;1700 UTC;0;941,5;942,5;941,5;2408,7;27,8;9,7;27,8;25,9;9,9;6,9;34;29;32;184;3,7;1;
2021/05/26;1800 UTC;0;941;941,5;941;2087,3;26,7;8,2;28,1;26,6;10;7,7;34;29;31;260;4,2;1,2;
2021/05/26;1900 UTC;0;940,8;941,1;940,8;1337,5;26,3;9,6;27,4;26,1;10,7;8,3;38;31;35;183;3,5;1,1;
2021/05/26;2000 UTC;0;940,3;940,8;940,2;622,7;25;10,6;26,5;25;12;9;43;33;40;150;2,2;,8;
2021/05/26;2100 UTC;0;940,8;940,8;940,2;57,5;21,3;9,3;25;21,3;11,2;9,3;48;40;46;160;3,7;,9;
2021/05/26;2200 UTC;0;941,1;941,2;940,8;;20,3;9,6;21,4;20,3;9,7;9,2;50;46;50;142;3,2;,6;
2021/05/26;2300 UTC;0;941,7;941,7;941,1;;19,6;9,3;20,3;19,6;9,8;9,1;53;50;52;158;2,1;,4;
2021/05/27;0000 UTC;0;941,8;941,9;941,5;;18,9;8;19,6;18,8;9,5;8;53;49;49;158;2,2;,4;
2021/05/27;0100 UTC;0;942,1;942,1;941,8;;18,9;5,3;19;18,7;8;5,1;49;40;41;125;2;,7;
2021/05/27;0200 UTC;0;941,9;942,2;941,9;;19,4;5,4;19,4;18,9;6,1;5,2;42;40;40;114;2;,6;
2021/05/27;0300 UTC;0;942;942;941,7;;19,6;6,3;19,6;19,1;6,3;5,3;43;40;42;79;1,5;,8;
2021/05/27;0400 UTC;0;941,4;942;941,3;;19;5,5;19,6;19;6,4;5,3;43;40;41;62;1,3;,3;
2021/05/27;0500 UTC;0;941,3;941,5;941,3;;18,4;6;19,1;18,3;6,1;5,1;45;40;44;341;1,1;,1;
2021/05/27;0600 UTC;0;940,9;941,3;940,8;;18,2;6,1;18,8;18,2;6,3;5,5;46;42;45;156;,8;,2;
2021/05/27;0700 UTC;0;940,7;940,9;940,5;;17,7;6,1;18,2;17,7;6,4;5,4;47;44;46;23;1,1;,3;
2021/05/27;0800 UTC;0;940,7;940,8;940,5;;17,5;6,6;17,8;17,4;6,7;5,9;49;46;49;58;1,3;,8;
2021/05/27;0900 UTC;0;940,6;940,8;940,5;;17;7;17,6;16,8;8,4;6,4;56;48;52;91;1,7;,4;
2021/05/27;1000 UTC;0;941;941;940,6;;17,5;7,5;17,8;16,9;7,6;6,7;53;49;52;78;1,8;1;
2021/05/27;1100 UTC;0;941,5;941,5;941;155;19,7;8,2;19,7;17,4;9,2;7,6;56;47;47;100;1,8;,9;
2021/05/27;1200 UTC;0;941,9;942;941,5;724,5;22,9;9,1;23;19,8;11;8,1;55;41;41;121;2,1;1,1;
2021/05/27;1300 UTC;0;942,2;942,2;941,9;1534,2;24,3;10,6;24,3;22,6;11;8,9;44;40;42;123;3,1;1,7;
2021/05/27;1400 UTC;0;941,7;942,2;941,7;2054;27,1;12,6;27,1;24,3;13,2;10,7;44;39;41;75;3;1,1;
2021/05/27;1500 UTC;0;941;941,7;941;1896,9;26,9;12,9;28,2;26,7;13,1;11,4;42;37;42;9;3,8;1,4;
2021/05/27;1600 UTC;0;940;941;940;2353;28,9;12,8;29,7;26,9;14;12,2;43;36;37;69;3,8;1,3;
2021/05/27;1700 UTC;0;938,9;940;938,9;2174,1;29,5;13,6;29,9;28,8;14,9;12,4;41;35;38;327;4,1;1,9;
2021/05/27;1800 UTC;0;938,3;938,9;938,3;2005,8;30;14,4;30,1;28,6;14,4;13;40;36;39;356;4,2;1;
2021/05/27;1900 UTC;0;937,8;938,3;937,8;1207;29,5;12,9;30,2;28,3;14,2;12,5;41;36;36;284;4,7;1,3;
2021/05/27;2000 UTC;0;937,8;937,8;937,6;680,9;26,6;14,1;29,5;26,6;14,8;12,9;46;36;46;295;3;,7;
2021/05/27;2100 UTC;0;938;938,1;937,8;60,5;24,8;13,6;26,6;24,5;14,5;13,5;52;46;50;30;2;,6;
2021/05/27;2200 UTC;0;938,3;938,3;938;;23,8;13,6;24,8;23,7;13,7;13,4;53;49;53;48;1,7;,6;
2021/05/27;2300 UTC;0;938,6;938,7;938,3;;22,2;14;24,2;22,2;14;13,5;60;51;60;118;1,5;,4;
2021/05/28;0000 UTC;0;938,7;938,7;938,6;;22,5;14;22,5;21,9;14,1;13,8;61;58;59;132;3,1;1;
2021/05/28;0100 UTC;0;939;939;938,7;;21,8;14,2;22,7;21,7;14,3;14,1;63;59;62;80;2,7;,7;
2021/05/28;0200 UTC;0;939,1;939,1;938,9;;22,8;14;23,2;21,6;14,3;13,9;63;56;58;74;3,2;1,2;
2021/05/28;0300 UTC;0;938,6;939,1;938,5;;22,5;14,1;23,1;22,5;14,1;13,9;59;56;59;97;4;1,5;
2021/05/28;0400 UTC;0;938,3;938,6;938,2;;21,7;14,2;22,8;21,3;14,5;14;65;58;63;106;3,9;,8;
2021/05/28;0500 UTC;0;937,8;938,3;937,8;;21,9;13,8;21,9;20,8;14,3;13,8;66;60;60;57;2,4;1,1;
2021/05/28;0600 UTC;0;937,4;937,8;937,4;;22,1;13,9;22,6;21,9;13,9;13,7;60;58;60;56;5,4;2,4;
2021/05/28;0700 UTC;0;937,1;937,4;937;;21,9;13,6;22,1;21,8;13,9;13,6;60;59;59;56;6,2;3,1;
2021/05/28;0800 UTC;0;937,1;937,2;937;;22,3;13,3;22,3;21,8;13,7;13,3;60;57;57;52;7,3;3,1;
2021/05/28;0900 UTC;0;937;937;936,8;;21,6;13,2;22,3;21,6;13,3;13,2;59;56;59;55;7,9;2,9;
2021/05/28;1000 UTC;0;937,4;937,4;937;;21,4;13,1;21,6;21,4;13,2;13,1;59;58;59;42;7;2,8;
2021/05/28;1100 UTC;0;937,9;937,9;937,4;163,7;21,8;13,2;21,8;21,4;13,2;13,1;59;58;58;48;6,6;2,4;
2021/05/28;1200 UTC;0;938,3;938,4;937,9;683,2;22,6;13,4;22,9;21,5;13,5;13,2;59;55;56;42;7,3;3,5;
2021/05/28;1300 UTC;0;939;939;938,3;1054,1;25;14,4;25;22,6;14,7;13,4;57;52;52;46;7,3;2,3;
2021/05/28;1400 UTC;0;938,7;939;938,6;1546,2;25,4;14,6;25,7;24,4;14,8;14;54;50;51;47;8,9;3,4;
2021/05/28;1500 UTC;0;938;938,7;938;1388;26,5;14,5;26,6;25,4;15,5;13,9;51;47;48;24;8,9;2,8;
2021/05/28;1600 UTC;0;937;938;937;1952;28,4;14,9;28,4;26,5;15;14,3;48;43;44;31;7,6;3,2;
2021/05/28;1700 UTC;0;935,8;937;935,7;2289,8;29,8;14,7;30,2;28,4;15,3;14;44;38;40;9;7,5;2,9;
2021/05/28;1800 UTC;0;935;935,8;934,9;1442,9;29,9;15,2;30,7;29;15,5;14,4;41;39;41;6;8,4;3,4;
2021/05/28;1900 UTC;0;934,3;935;934,3;1187,6;30,1;15,4;30,8;29,3;15,5;14,6;42;39;41;333;8,8;2,6;
2021/05/28;2000 UTC;0;934,2;934,4;934;627,5;28,8;14,9;30,3;28,8;15,6;14,7;43;40;43;342;8,7;2,4;
2021/05/28;2100 UTC;0;934,6;934,6;934,1;104,5;27,5;14,9;28,9;27,4;14,9;14,7;46;42;46;1;7,6;1,7;
2021/05/28;2200 UTC;0;934,7;934,8;934,6;;26,9;15,1;27,5;26,6;15,2;14,9;49;46;49;356;4,6;1,9;
2021/05/28;2300 UTC;0;935,2;935,2;934,7;;25,8;15,5;26,9;25,7;15,5;15,2;53;49;53;338;4,8;1,7;
2021/05/29;0000 UTC;0;935,1;935,2;935,1;;25,7;15,7;26;25,7;15,7;15,4;54;53;54;339;5,9;2,2;
2021/05/29;0100 UTC;0;935,8;935,8;935,1;;25,2;16;25,7;25,1;16;15,7;57;54;57;337;4,7;1,6;
2021/05/29;0200 UTC;0;935,9;936;935,7;;25,5;16,3;25,6;25,2;16,3;16;57;56;57;346;6;2;
2021/05/29;0300 UTC;0;935,7;936;935,6;;25,1;16,4;25,5;24,9;16,4;16,3;59;57;59;344;5,7;2,1;
2021/05/29;0400 UTC;0;935,6;935,7;935,5;;25;16,6;25,2;24,9;16,6;16,4;60;58;59;340;7,9;2;
2021/05/29;0500 UTC;0;935,4;935,7;935,2;;24,7;16,4;25,1;24,7;16,6;16,4;60;59;60;337;8,5;2,7;
2021/05/29;0600 UTC;0;935,7;935,8;935,3;;23,5;16,8;24,7;23,5;16,8;16,4;66;60;66;321;7,5;2,2;
2021/05/29;0700 UTC;0;935,9;935,9;935,7;;22,4;17,1;23,5;22,4;17,1;16,8;72;66;72;308;6,8;1,4;
2021/05/29;0800 UTC;0;936,3;936,3;935,9;;21,8;17,3;22,4;21,7;17,3;17,1;76;72;76;324;5,9;1,5;
2021/05/29;0900 UTC;0;936,8;936,8;936,3;;21,5;17,5;21,9;21,3;17,5;17,2;78;76;78;306;4,1;1,5;
2021/05/29;1000 UTC;0;937,5;937,5;936,8;;21,6;17,8;21,9;21,2;17,8;17,5;80;77;79;292;4,8;1,4;
2021/05/29;1100 UTC;0;938,2;938,2;937,5;145;23,5;18;23,5;21,5;18,1;17,7;79;71;71;284;4,8;1,4;
2021/05/29;1200 UTC;0;939,1;939,1;938,2;841,2;24,6;18,3;24,7;23,5;18,6;18;72;68;68;287;7,1;2,3;
2021/05/29;1300 UTC;0;939,7;939,7;939,1;1513;26,2;18,8;26,2;24,5;18,9;18,2;69;64;64;283;8,1;3,2;
2021/05/29;1400 UTC;0;939,8;939,8;939,7;2051,7;28,1;19;28,1;25,8;19,2;18,5;65;57;58;279;8,2;3,4;
2021/05/29;1500 UTC;0;939,3;939,8;939,3;2228;28,8;18,4;28,9;27,6;19,1;17,9;58;52;53;281;9,7;3,4;
2021/05/29;1600 UTC;0;938,4;939,3;938,4;2376,9;29,7;15,7;30,1;28,8;18,6;15,7;53;43;43;277;10,4;4,7;
2021/05/29;1700 UTC;0;937,7;938,5;937,6;2378,2;30,3;15,5;30,8;29,6;17;15,3;45;40;41;276;10,3;4,6;
2021/05/29;1800 UTC;0;937,2;937,7;937,1;1128,3;30,1;14;30,5;28,9;15,7;12,9;43;37;37;283;9,5;3,6;
2021/05/29;1900 UTC;0;937,1;937,2;937;1223;29,7;13,5;30,6;29,6;14,1;12,8;38;35;37;283;10;3,3;
2021/05/29;2000 UTC;0;937,6;937,6;937,1;590,7;28,5;13,3;29,7;28,5;13,6;12,9;40;36;39;277;8,9;2,7;
2021/05/29;2100 UTC;0;938,2;938,2;937,6;116,4;26;13,6;28,5;26;13,6;12,8;46;38;46;285;6,3;1,2;
2021/05/29;2200 UTC;0;938,5;938,5;938,2;;24,9;13,8;26;24,9;13,9;13,5;50;46;50;294;3,1;1,1;
2021/05/29;2300 UTC;0;938,8;938,8;938,5;;23,5;14,6;24,9;23,5;14,7;13,9;57;50;57;249;2,5;,4;
2021/05/30;0000 UTC;0;939,3;939,3;938,8;;22,6;14,8;23,5;22,6;14,8;14,6;61;57;61;287;1,5;,2;
2021/05/30;0100 UTC;0;939,3;939,4;939,3;;22,3;15,9;22,7;22,2;15,9;14,8;67;61;67;201;1,5;,2;
2021/05/30;0200 UTC;0;939,6;939,6;939,3;;21,9;15,4;22,4;21,9;15,9;15,3;67;66;66;115;1,4;,2;
2021/05/30;0300 UTC;0;939,5;939,7;939,5;;21,5;15,3;22,1;21,5;15,4;15,3;68;66;68;96;1,5;,3;
2021/05/30;0400 UTC;0;939,1;939,5;939;;21,4;13,2;21,6;21,4;15,3;13,2;68;60;60;51;1,3;,5;
2021/05/30;0500 UTC;0;939,2;939,4;939,1;;21,1;13,3;21,5;21;13,4;12,9;61;58;61;79;1,3;,6;
2021/05/30;0600 UTC;0;938,8;939,3;938,8;;20,9;13,4;21,1;20,9;13,5;13,2;62;61;62;94;1,3;,8;
2021/05/30;0700 UTC;0;938,7;938,8;938,6;;22,6;12;22,6;20,9;13,4;12;62;51;51;84;2,3;1,3;
2021/05/30;0800 UTC;0;938,8;938,8;938,4;;21,5;15,2;22,7;21,5;15,2;11,8;67;50;67;52;3;,9;
2021/05/30;0900 UTC;0;938,9;939;938,6;;20,4;15,3;21,6;19,8;15,5;15,2;76;67;73;96;2,6;,6;
2021/05/30;1000 UTC;0;939,6;939,6;938,9;;22,1;15,1;22,1;19,8;15,5;15,1;75;65;65;39;4;1,8;
2021/05/30;1100 UTC;0;940,5;940,6;939,6;148,6;23,1;15,1;23,1;22;15,2;15;65;61;61;40;4,6;1,6;
2021/05/30;1200 UTC;0;941,7;941,7;940,5;552,2;22,8;15,3;24,2;22,8;15,8;15;62;57;62;190;6;1,7;
2021/05/30;1300 UTC;0;942,6;942,7;941,7;997,5;22,2;16,8;22,7;20,5;16,8;15,2;75;63;71;166;6;1,1;
2021/05/30;1400 UTC;0;942,7;942,8;942,5;1788,7;23,7;16,9;24,5;22,3;17,5;16,4;71;63;66;183;4,2;1,2;
2021/05/30;1500 UTC;0;942,3;942,9;942,3;1814,2;23,8;17,3;25,7;23,1;17,5;16,3;68;59;67;137;6,1;2,9;
2021/05/30;1600 UTC;0;941,8;942,4;941,8;2128,6;25,9;17,4;25,9;23,6;18;16,7;67;59;59;167;7,8;2,2;
2021/05/30;1700 UTC;0;941,4;941,8;941,4;2054,1;24;16,1;26;23,8;17,4;15,5;61;57;61;168;7,9;2,2;
2021/05/30;1800 UTC;0;941,5;941,5;941,2;1995,7;23,2;14,6;24,8;22,9;16;14,3;61;56;58;171;8;2,3;
2021/05/30;1900 UTC;0;941;941,5;941;1300,4;21,9;14,7;23,3;21,6;14,9;14;64;57;64;159;9,7;2,1;
2021/05/30;2000 UTC;0;941,5;941,5;941;637,9;20,3;14,7;21,9;20,3;14,9;14,5;70;64;70;150;8,1;2,4;
2021/05/30;2100 UTC;0;941,8;941,8;941,4;90,3;18,8;14,3;20,3;18,8;14,7;14,2;75;70;75;165;6,3;1,4;
2021/05/30;2200 UTC;0;941,4;942;941,3;;18;14,4;18,8;18;14,5;14,4;79;75;79;152;5,7;1,8;
2021/05/30;2300 UTC;0;942;942,1;941,4;;17,4;14,4;18,1;17,4;14,5;14,3;83;79;83;142;5,3;1,8;
2021/05/31;0000 UTC;0;942;942,1;941,7;;17,6;14,5;17,6;17,4;14,5;14,4;83;81;82;147;6,7;1,9;
2021/05/31;0100 UTC;0;941,7;942,1;941,4;;17,7;14,5;17,8;17,5;14,6;14,4;83;81;81;145;5,5;2;
2021/05/31;0200 UTC;0;941,5;941,9;941,2;;17,8;14,6;17,9;17,6;14,6;14,4;82;80;82;144;6,1;2;
2021/05/31;0300 UTC;0;941,6;941,6;941,4;;17,5;14,7;17,8;17,4;14,7;14,6;84;81;84;148;5,3;2,1;
2021/05/31;0400 UTC;0;941,7;941,8;941,5;;17,2;14,8;17,6;17,2;14,8;14,7;86;84;86;148;7;1,8;
2021/05/31;0500 UTC;0;941,4;941,7;941,3;;17,2;15,1;17,2;17;15,1;14,7;88;86;87;141;5,3;2,2;
2021/05/31;0600 UTC;0;941;941,4;941;;17;15,3;17,2;16,9;15,3;15;90;87;89;143;5,7;2;
2021/05/31;0700 UTC;0;940,9;941,1;940,8;;17;15,3;17,1;16,9;15,3;15,1;90;89;90;157;5,6;1,3;
2021/05/31;0800 UTC;0;941,4;941,4;940,9;;17,3;15,7;17,3;17;15,7;15,3;91;90;91;144;4;1,7;
2021/05/31;0900 UTC;0;941,9;942;941,4;;16,8;15,6;17,3;16,8;15,8;15,5;92;90;92;145;4;1,5;
2021/05/31;1000 UTC;0;942,6;942,8;941,9;;16,5;15,5;16,8;16,3;15,7;15,3;95;92;94;156;3,8;1,1;
2021/05/31;1100 UTC;0;943;943;942,6;93,6;17,3;15,8;17,3;16,1;15,9;15,2;96;91;91;144;2,9;1,3;
2021/05/31;1200 UTC;0;944,4;944,4;943;363;18,6;15,9;18,6;17,4;16,2;15,7;91;84;84;192;3,1;,7;
2021/05/31;1300 UTC;0;945,2;946;944,3;479,2;18,5;13,9;19,3;18,4;16,3;13,9;85;74;75;173;8,5;1,2;
2021/05/31;1400 UTC;0;944,9;945,6;944,8;404,8;18,2;15,1;19,7;18,1;15,1;13,8;82;72;82;162;4,1;,9;
2021/05/31;1500 UTC;0;943,8;945;943,8;664,4;19,2;14,9;19,2;17,7;16;14,2;89;73;76;87;3,1;1,6;
2021/05/31;1600 UTC;0;942,9;943,8;942,9;938,2;21;13,9;21,2;19,2;15,7;13,9;76;64;64;124;2,8;1,2;
2021/05/31;1700 UTC;0;942,1;942,9;941,9;604,3;20,2;16;21,4;20,1;16;14;77;64;77;162;2,5;,9;
2021/05/31;1800 UTC;0;941,7;942,4;941,5;747,5;21,7;14,9;21,7;20,2;16,5;14,8;78;64;65;208;2,6;,6;
2021/05/31;1900 UTC;0;941,4;941,7;941,4;1126,1;22,3;14;23,9;21,3;15,2;13,3;67;52;59;212;3,2;1,1;
2021/05/31;2000 UTC;0;941,4;941,5;941,3;743,6;20,8;14,9;23;20,8;15,2;13,7;70;57;69;178;3,2;,5;
2021/05/31;2100 UTC;0;941,8;941,8;941,4;88,9;18,9;15,1;20,9;18,9;15,1;14,8;79;68;79;191;2,5;,4;
2021/05/31;2200 UTC;0;941,8;941,9;941,7;;17,9;15,5;18,9;17,9;15,6;15;86;79;86;210;4,2;,6;
2021/05/31;2300 UTC;0;942;942,1;941,7;;17,2;15,9;18;17;15,9;15,4;92;85;92;258;3,1;,5;
2021/06/01;0000 UTC;0;942,4;942,4;941,9;;16,7;15,8;17,2;16,6;16,2;15,6;95;92;95;121;1,5;,3;
2021/06/01;0100 UTC;0;942,2;942,4;942,2;;16,4;15,9;16,7;15,9;15,9;15,4;98;95;97;147;2;,9;
2021/06/01;0200 UTC;0;942,1;942,4;942,1;;16,2;15,4;17,2;16,1;16,2;15,4;97;92;95;144;2,1;1;
2021/06/01;0300 UTC;0;941,9;942,1;941,7;;15,9;15,3;16,6;15,7;15,7;15;97;93;96;157;2,2;,4;
2021/06/01;0400 UTC;0;941,7;941,9;941,6;;16,4;15,4;16,4;15,7;15,5;15;97;94;94;154;3,2;1,2;
2021/06/01;0500 UTC;0;941,3;941,7;941,3;;17,1;15,5;17,4;16,3;15,8;15,3;94;90;90;146;3,5;,9;
2021/06/01;0600 UTC;0;940,7;941,3;940,7;;17,1;15,4;17,2;16,8;15,6;15,3;92;89;90;111;3,6;1,5;
2021/06/01;0700 UTC;0;940,3;940,7;940,3;;17,1;15,2;17,3;17;15,4;15,2;90;88;88;105;3,8;1,6;
2021/06/01;0800 UTC;0;940,2;940,4;940,2;;16,5;14,9;17,2;16,5;15,2;14,9;91;88;91;92;4,2;1,7;
2021/06/01;0900 UTC;0;940,3;940,4;940,1;;15,8;14,5;16,5;15,7;15;14,5;93;91;92;100;4,3;2,1;
2021/06/01;1000 UTC;0;940,7;940,8;940,3;;15,7;14,2;15,8;15,5;14,6;14,2;92;91;91;86;4,5;1,9;
2021/06/01;1100 UTC;0;941,1;941,1;940,7;146,1;16,4;14,3;16,4;15,5;14,3;14,1;92;87;87;94;4,7;2,6;
2021/06/01;1200 UTC;0;941,5;941,5;941,1;825;18,3;14,7;18,3;16,4;15;14,3;87;80;80;103;5,3;2,8;
2021/06/01;1300 UTC;0;942,2;942,2;941,5;1559,8;21;15,6;21;18,3;15,8;14,8;81;71;71;124;5,1;2,1;
2021/06/01;1400 UTC;0;942;942,4;942;2092,8;22,4;15,1;22,6;20,6;15,9;14,8;72;63;63;126;4,7;2,2;
2021/06/01;1500 UTC;0;941,5;942;941,5;2437,2;24,4;15,8;24,5;22,2;16;14,7;65;56;59;183;4,4;1,1;
2021/06/01;1600 UTC;0;940,4;941,5;940,4;1529,5;25;15,1;25,7;22,8;16;14,5;64;51;54;182;3,2;,6;
2021/06/01;1700 UTC;0;939,7;940,4;939,7;1871,8;24,2;14,7;26,7;23,9;15,5;13,8;57;46;55;261;3,7;,7;
2021/06/01;1800 UTC;0;939,2;939,7;939,2;499,8;23,7;15,4;24,6;23,7;16,1;14,7;62;55;60;197;2,6;,7;
2021/06/01;1900 UTC;0;939,1;939,2;939,1;1230,2;25,7;14,4;26,4;23,6;16,3;14;62;48;50;217;2,7;1;
2021/06/01;2000 UTC;0;938,9;939,2;938,9;584,6;23,5;14;25,9;23,5;14,4;13,1;56;47;56;194;3,8;,6;
2021/06/01;2100 UTC;0;938,9;939;938,9;56,4;20,8;15,7;23,5;20,8;15,7;14;72;55;72;208;2,5;,4;
2021/06/01;2200 UTC;0;939,1;939,1;938,9;;19,1;15,9;20,8;19,1;16;15,5;81;72;81;142;2,4;,8;
2021/06/01;2300 UTC;0;939,1;939,2;939;;18,5;15,9;19,2;18,4;16;15,7;85;81;85;135;2,4;,6;
2021/06/02;0000 UTC;0;939,2;939,2;939,1;;18,1;15,7;18,5;18,1;16;15,7;86;85;86;199;1,7;,3;
2021/06/02;0100 UTC;0;939,6;939,6;939,2;;17,5;15,5;18,1;17,5;15,9;15,4;89;86;88;183;1,5;,5;
2021/06/02;0200 UTC;0;939,8;939,8;939,6;;17,4;15,5;17,7;16,6;15,6;15,1;92;87;89;146;3;,8;
2021/06/02;0300 UTC;0;939,4;939,8;939,4;;18,1;15;18,1;17,3;15,6;15;89;82;82;97;3,1;1,2;
2021/06/02;0400 UTC;0;939,3;939,5;939,2;;17,4;14,8;18;17,4;15,2;14,7;85;81;85;105;2,9;1,2;
2021/06/02;0500 UTC;0;939,1;939,4;939,1;;16,8;14,7;18,1;16,8;15,2;14,4;88;81;87;114;3,3;1;
2021/06/02;0600 UTC;0;939;939,1;939;;17,8;14,7;18;16,8;14,9;14,6;88;81;82;104;3;1,4;
2021/06/02;0700 UTC;0;939;939,1;939;;17,5;14,6;18,1;17,5;14,7;14,6;83;80;83;116;2,7;1;
2021/06/02;0800 UTC;0;939,1;939,1;939;;18,2;14,4;18,2;17,5;14,6;14,4;83;79;79;84;3,3;1,7;
2021/06/02;0900 UTC;0;939,2;939,3;939;;18,5;14;18,8;18,1;14,4;13,9;79;74;75;102;4,1;1,6;
2021/06/02;1000 UTC;0;939,5;939,5;939,2;;18,8;13,3;18,8;18,3;14;13,3;76;70;70;82;3,8;1,5;
2021/06/02;1100 UTC;0;940,1;940,1;939,5;108,5;20,1;12,8;20,2;18,8;13,3;12,7;71;62;63;60;4,7;2;
2021/06/02;1200 UTC;0;940,9;940,9;940,1;528,4;21,1;13;21,2;20,1;13,1;12,7;63;59;60;62;5,7;2,7;
2021/06/02;1300 UTC;0;941,7;941,7;940,9;1153,3;22,3;13,1;22,6;21,1;13,5;12,9;60;55;56;61;6,4;3,1;
2021/06/02;1400 UTC;0;941,8;941,9;941,7;1210,2;23,7;13,5;23,7;22,3;13,8;13;57;52;53;52;6,4;1,8;
2021/06/02;1500 UTC;0;941,4;942;941,4;2002,7;25,6;13;26;23,7;14;12,9;53;45;46;51;4,7;1,4;
2021/06/02;1600 UTC;0;940,5;941,4;940,5;2505,4;27,3;13,2;27,6;25,5;14,1;12,8;47;42;42;23;5;1,9;
2021/06/02;1700 UTC;0;939,8;940,6;939,8;2374,3;28,6;13,6;28,6;27;13,8;12,4;43;38;40;355;5,3;1,6;
2021/06/02;1800 UTC;0;939,5;939,8;939,5;2018,3;28,8;13,5;29,4;28,2;14;12,3;41;36;39;312;5;1,1;
2021/06/02;1900 UTC;0;939,4;939,6;939,3;1479,2;28,8;12,8;29,2;28,1;13,9;12,3;41;36;37;257;4,9;1,4;
2021/06/02;2000 UTC;0;939,5;939,5;939,3;745,7;26,7;12,8;28,9;26,6;13,4;12,2;43;36;42;294;4,7;1,2;
2021/06/02;2100 UTC;0;940,1;940,1;939,5;58;23,4;13,4;26,7;23,4;14;12,7;54;42;54;252;2,5;,3;
2021/06/02;2200 UTC;0;940,9;940,9;940,1;;22;13,2;23,4;22;13,4;13;57;54;57;195;1,7;,4;
2021/06/02;2300 UTC;0;941,4;941,4;940,9;;20,7;14,8;22,9;20,7;14,8;13,1;69;54;69;147;2,5;,9;
2021/06/03;0000 UTC;0;941,9;941,9;941,4;;19,7;15;20,8;19,7;15,1;14,8;74;69;74;151;1,7;,4;
2021/06/03;0100 UTC;0;942,4;942,4;941,9;;19,3;15,4;19,7;19,3;15,4;15,1;78;74;78;150;2,1;,5;
2021/06/03;0200 UTC;0;942,2;942,4;942,2;;19,2;15,4;19,5;19,1;15,5;15,3;80;77;79;150;1,8;,4;
2021/06/03;0300 UTC;0;942,1;942,4;942,1;;19;15,2;19,2;18,8;15,4;15,2;80;78;79;129;1,6;,7;
2021/06/03;0400 UTC;0;942;942,1;942;;18,4;14,8;19,1;18,3;15,2;14,7;80;77;80;123;1,7;,6;
2021/06/03;0500 UTC;0;941,6;942;941,6;;18,5;14,3;18,9;18,2;14,8;14,2;80;74;76;138;2,2;,7;
2021/06/03;0600 UTC;0;941,2;941,6;941,2;;18,7;14,2;18,8;18,3;14,3;14,1;77;75;75;96;2;,7;
2021/06/03;0700 UTC;0;941;941,2;941;;19,1;14,3;19,8;18,6;14,3;14;76;69;74;87;2,3;,8;
2021/06/03;0800 UTC;0;941,2;941,2;941;;19,8;13,9;20,1;18,6;14,3;13,9;75;68;69;105;2,5;1,1;
2021/06/03;0900 UTC;0;941,7;941,7;941,2;;18,7;13,8;20,5;18,7;14;13,8;74;66;73;110;2,4;1;
2021/06/03;1000 UTC;0;942,4;942,4;941,7;;20;13,8;20;18,7;13,8;13,6;73;67;67;100;2,8;1,3;
2021/06/03;1100 UTC;0;943,2;943,2;942,4;139,4;21;14,3;21;18,9;14,4;13,7;73;66;66;78;3,1;1,1;
2021/06/03;1200 UTC;0;944,2;944,2;943,2;804,7;22;14,7;22,2;21;15,6;14,2;67;62;63;121;3,3;1,9;
2021/06/03;1300 UTC;0;944,5;944,6;944,2;1489,9;24,8;15,4;24,8;22;15,5;14,4;65;55;56;105;3,3;1,8;
2021/06/03;1400 UTC;0;944,2;944,6;944,2;2035,3;26,4;14,6;26,4;24,4;15,7;14,4;57;48;48;123;3,6;2,1;
2021/06/03;1500 UTC;0;943,4;944,2;943,4;2381,5;27,6;13,8;28,3;25,5;15,3;13,6;50;42;43;125;4,5;1,2;
2021/06/03;1600 UTC;0;942,9;943,4;942,8;2506,2;29,4;12,6;29,7;27,5;15,2;11,9;45;35;36;294;4;1,4;
2021/06/03;1700 UTC;0;942;942,9;942;2344,2;29,7;12;30,3;28,7;12,8;10,8;37;31;34;296;4,2;1,5;
2021/06/03;1800 UTC;0;941,5;942;941,5;1434,8;27,7;13,1;30,2;27,6;14,3;11,1;44;31;41;187;4,2;,7;
2021/06/03;1900 UTC;0;941,4;941,6;941,3;1033,4;29;10,4;29,9;25,9;13,7;10,1;46;30;31;210;3,3;1,2;
2021/06/03;2000 UTC;0;941,6;941,6;941,3;730,7;26,6;10,8;29,4;26,6;12,2;9,8;39;30;37;242;3,3;,9;
2021/06/03;2100 UTC;0;942;942;941,6;70,1;23,5;12,4;26,6;23,5;12,4;10,3;50;37;50;148;2,4;,6;
2021/06/03;2200 UTC;0;942,2;942,2;941,9;;22,3;12,2;23,5;22,1;12,8;12,1;54;50;53;158;3;,8;
2021/06/03;2300 UTC;0;942,5;942,5;942,2;;22,3;12,6;22,7;21,9;12,7;12,2;55;53;54;136;3,4;1;
2021/06/04;0000 UTC;0;942,8;942,8;942,5;;21;12,4;22,5;20,7;12,6;12,3;59;53;58;137;3,4;1;
2021/06/04;0100 UTC;0;943,1;943,1;942,8;;21,6;12,6;21,9;21;12,6;12,1;58;54;56;136;4;,9;
2021/06/04;0200 UTC;0;943,1;943,3;943,1;;21,1;13;21,6;20,8;13,1;12,4;60;56;60;125;3,5;1,1;
2021/06/04;0300 UTC;0;942,9;943,1;942,8;;21,8;13,9;21,9;20,7;14;13;64;58;61;129;3,6;1,6;
2021/06/04;0400 UTC;0;942,8;942,9;942,8;;20,7;13,6;22;20,3;14;13,6;66;60;64;147;4,7;1,2;
2021/06/04;0500 UTC;0;942,8;942,9;942,7;;20,8;13,4;21,5;20,5;13,6;13,4;65;61;62;112;5,1;1,8;
2021/06/04;0600 UTC;0;942,5;942,8;942,5;;20,7;13,7;21;20,6;13,7;13,4;64;62;64;87;5,5;2;
2021/06/04;0700 UTC;0;942,6;942,6;942,5;;19,6;14;20,7;19,5;14;13,7;71;64;70;108;5,6;2,2;
2021/06/04;0800 UTC;0;942,8;942,8;942,6;;18,3;14,6;19,7;18,3;14,6;14;79;70;79;92;5,5;2,2;
2021/06/04;0900 UTC;0;943,3;943,3;942,8;;17,9;15,1;18,3;17,7;15,3;14,6;85;79;84;110;6,1;2,2;
2021/06/04;1000 UTC;0;944,2;944,2;943,3;;17,2;15,2;17,9;17,1;15,2;14,9;88;84;87;122;6,1;2,3;
2021/06/04;1100 UTC;0;944,9;944,9;944,1;132,9;17,8;15,5;17,8;17,1;15,5;15,1;89;86;86;104;6,8;2,5;
2021/06/04;1200 UTC;0;945,4;945,4;944,9;794,3;19,7;15,8;19,7;17,8;15,9;15,5;86;78;78;109;8,1;3,2;
2021/06/04;1300 UTC;0;945,5;945,6;945,4;1484;23,2;15,1;23,2;19,7;16;15;78;60;60;92;8,1;3;
2021/06/04;1400 UTC;0;945,2;945,5;945,2;2033,2;25,7;13,9;26;23,2;15,3;13,9;60;48;48;69;6,9;2,7;
2021/06/04;1500 UTC;0;944,8;945,3;944,8;2383,9;26,5;14,5;26,9;25,6;14,9;13,8;50;46;48;48;6,7;3;
2021/06/04;1600 UTC;0;944;944,8;944;2491,3;27,6;14,9;28,2;26,5;15,6;14,3;48;45;46;66;6,6;2,3;
2021/06/04;1700 UTC;0;943,1;944;943,1;2381,7;28,7;13,3;28,9;27,4;15,5;13,3;47;39;39;48;6;2,2;
2021/06/04;1800 UTC;0;942,5;943,1;942,5;2084;28,9;13,4;29,2;28,2;14,4;11,9;41;35;39;82;5,3;2,3;
2021/06/04;1900 UTC;0;942,1;942,5;942,1;1454,4;28,2;12,6;28,9;28,2;13,2;11,7;39;35;38;96;5,6;2,2;
2021/06/04;2000 UTC;0;942;942,1;942;734,1;27;12,4;28,2;27;12,9;11,8;41;38;40;80;5;1,5;
2021/06/04;2100 UTC;0;942,2;942,2;942;65;24,3;12,9;27;24,2;13;12,3;50;40;49;57;3,5;,5;
2021/06/04;2200 UTC;0;942,3;942,3;942,1;;23,7;12,5;24,3;23,3;13;12,5;52;49;50;83;1,8;,7;
2021/06/04;2300 UTC;0;942,4;942,4;942,3;;24,6;11,4;24,6;23,3;12,6;11,4;51;44;44;63;2,8;1;
2021/06/05;0000 UTC;0;942,6;942,6;942,4;;24,3;11;24,6;24,2;11,4;11;44;43;43;74;3,5;1,4;
2021/06/05;0100 UTC;0;942,7;942,7;942,6;;24,1;10,8;24,5;24,1;11;10,8;43;42;43;84;5,2;1,9;
2021/06/05;0200 UTC;0;942,7;942,7;942,7;;23,2;11,5;24,1;23,2;11,5;10,8;48;43;48;85;4,9;1,9;
2021/06/05;0300 UTC;0;942,7;942,8;942,6;;22,8;11,4;23,2;22,8;11,6;11,3;49;48;49;82;4,4;2;
2021/06/05;0400 UTC;0;942,3;942,7;942,3;;22,5;10,9;22,9;22,5;11,4;10,9;49;47;48;79;5,9;2,2;
2021/06/05;0500 UTC;0;942,1;942,4;942,1;;22;10,8;22,5;22;10,9;10,8;49;48;49;79;6;2,5;
2021/06/05;0600 UTC;0;941,7;942,1;941,7;;21,5;11,5;22;21,5;11,5;10,8;53;49;53;75;6,7;2,2;
2021/06/05;0700 UTC;0;941,4;941,7;941,4;;21,9;11,9;21,9;21,4;12;11,5;55;53;53;70;6,1;2,6;
2021/06/05;0800 UTC;0;941,3;941,4;941,2;;21,6;11,4;22;21,5;11,9;11,4;53;52;52;63;7,3;2,6;
2021/06/05;0900 UTC;0;941,8;941,9;941,2;;20,7;11,4;21,6;20,7;11,4;11,4;55;52;55;75;6,5;2,8;
2021/06/05;1000 UTC;0;942,6;942,6;941,8;;20;11,8;20,7;19,9;11,8;11,4;60;55;59;66;8;3;
2021/06/05;1100 UTC;0;943,3;943,4;942,6;130,9;20,5;11,9;20,5;19,9;11,9;11,7;60;58;58;60;8;3,3;
2021/06/05;1200 UTC;0;944;944;943,3;793,2;21,6;12;21,7;20,5;12,1;11,8;58;54;54;61;9,1;4,5;
2021/06/05;1300 UTC;0;944,3;944,3;943,9;1487,7;23,1;12,3;23,1;21,6;12,4;12;54;51;51;55;10,9;4,2;
2021/06/05;1400 UTC;0;943,8;944,2;943,8;2035,4;24,5;12,6;24,5;23,1;12,7;12,2;51;47;48;46;9,8;4,5;
2021/06/05;1500 UTC;0;943,5;943,9;943,5;2375,7;25,8;12,5;26,3;24,4;13;12,2;48;43;44;35;9,8;3,6;
2021/06/05;1600 UTC;0;942,7;943,5;942,7;2503;27,9;13;27,9;25,8;13;12,1;44;39;40;17;8,3;3,3;
2021/06/05;1700 UTC;0;941,8;942,7;941,8;2347,1;27,7;12,8;28,5;27,3;13,1;12;40;37;40;4;8,6;3,3;
2021/06/05;1800 UTC;0;941,3;941,8;941,3;1833,6;27,8;12,3;28,9;27,8;13,2;11,9;40;36;38;7;7,6;2;
2021/06/05;1900 UTC;0;940,9;941,3;940,9;575;27,2;11,6;28,4;26,6;12,9;11,4;41;36;38;77;5,2;1,5;
2021/06/05;2000 UTC;0;941;941;940,8;443,1;26,6;11,1;27,7;26,6;12,6;10,2;40;35;38;32;3,9;1,5;
2021/06/05;2100 UTC;0;941,2;941,2;941;61;24;11;26,6;23,9;11,1;10,7;45;38;44;34;3,9;,8;
2021/06/05;2200 UTC;0;941,6;941,6;941,2;;24,4;11;24,4;23,6;11,1;10,8;45;43;43;37;2,3;,9;
2021/06/05;2300 UTC;0;942,3;942,3;941,6;;24,2;10,1;24,6;24,1;11;10,1;43;41;41;30;2,7;1;
2021/06/06;0000 UTC;0;942,3;942,5;942,3;;23,8;9,9;24,4;23,2;10,2;9,9;44;41;41;33;2,7;1;
2021/06/06;0100 UTC;0;942,2;942,3;942,2;;24,4;9,9;24,5;23,8;10;9,7;41;39;40;36;2,6;,9;
2021/06/06;0200 UTC;0;942,3;942,3;942,2;;23,3;10,4;24,5;22,3;10,4;9,7;47;39;44;33;2,3;,8;
2021/06/06;0300 UTC;0;942;942,3;942;;24,2;10,1;24,2;23,3;10,4;10,1;44;41;41;31;3,1;1,1;
2021/06/06;0400 UTC;0;941,7;942;941,7;;23,5;10;24,3;23,4;10,2;10;43;41;42;48;3,5;1,7;
2021/06/06;0500 UTC;0;941,4;941,7;941,4;;23,7;9,7;23,8;23,4;10;9,7;43;41;41;29;3,5;1,4;
2021/06/06;0600 UTC;0;940,5;941,4;940,5;;22,9;9,6;23,7;22,8;9,7;9,5;43;41;43;44;3,5;1,6;
2021/06/06;0700 UTC;0;940,3;940,6;940,3;;22,6;9,9;22,9;22,5;9,9;9,7;45;43;44;40;4,3;1,7;
2021/06/06;0800 UTC;0;940,1;940,3;939,9;;21,4;10;22,7;21,4;10,1;9,9;48;44;48;42;4,8;1,5;
2021/06/06;0900 UTC;0;940,6;940,6;940,1;;21,3;8,6;21,6;21,2;9,9;8,6;48;44;44;37;5,1;1,7;
2021/06/06;1000 UTC;0;941,2;941,2;940,6;;21,4;8,5;21,6;21,3;8,6;8,4;44;43;43;30;4,9;2,1;
2021/06/06;1100 UTC;0;941,8;941,8;941,2;72,9;20,7;9,7;21,4;20,5;9,7;8,5;50;43;49;29;5,2;2,4;
2021/06/06;1200 UTC;0;942,5;942,5;941,7;799,1;22,2;12;22,2;20,7;12;9,7;53;48;53;18;6,4;2,5;
2021/06/06;1300 UTC;0;942,9;943;942,5;1489,1;22,9;12,9;22,9;22,2;13;12;54;52;53;12;7;2,8;
2021/06/06;1400 UTC;0;942,9;943;942,9;2040,4;25;13,5;25,4;22,9;13,9;12,8;54;47;49;24;6,8;1,9;
2021/06/06;1500 UTC;0;942,4;942,9;942,4;2389,2;26,5;12,9;26,8;25;14,3;12,6;50;43;43;8;5,7;2,3;
2021/06/06;1600 UTC;0;941,4;942,4;941,4;2490,1;27,8;12,9;28,2;26,4;13,4;11,8;44;38;40;11;5,3;2,1;
2021/06/06;1700 UTC;0;940,3;941,4;940,3;2191,4;28;12,7;28,7;27,1;13,3;11,7;40;36;39;33;6,2;1,8;
2021/06/06;1800 UTC;0;939,4;940,3;939,4;2095,1;28,7;10,6;29,5;27,8;12,3;10;39;30;32;338;5;1,7;
2021/06/06;1900 UTC;0;939,1;939,4;939,1;985,1;27;11,6;29,6;27;11,7;9,9;38;32;38;294;3,8;,9;
2021/06/06;2000 UTC;0;939,2;939,2;939;467,5;26,8;11,3;27,4;26,1;12,7;10,7;44;35;38;83;2,4;,8;
2021/06/06;2100 UTC;0;939,2;939,2;939,1;115,8;23,4;11;26,8;23,4;12,7;10,6;46;38;46;39;2,3;,4;
2021/06/06;2200 UTC;0;939,1;939,3;939;;24,4;10,8;24,7;23,1;11,3;10,6;48;41;42;39;2,7;,9;
2021/06/06;2300 UTC;0;939,3;939,3;939;;24,1;10,7;24,4;23,7;11,1;10,7;44;42;43;35;2,4;,9;
2021/06/07;0000 UTC;0;939,8;939,8;939,3;;24;10,2;24,1;23,6;10,8;10,2;44;42;42;33;2,5;1,2;
2021/06/07;0100 UTC;0;939,9;939,9;939,7;;23,5;11,1;24;23,4;11,1;10,2;46;42;46;41;2,5;1;
2021/06/07;0200 UTC;0;939,8;940;939,7;;23,6;10,7;23,6;23,2;11,1;10,7;46;44;44;46;3,5;1,3;
2021/06/07;0300 UTC;0;939,7;939,8;939,4;;23,2;10,4;23,9;23,2;10,8;10,4;44;43;44;55;4,1;1,5;
2021/06/07;0400 UTC;0;939,7;939,9;939,6;;23,9;9,6;24;23,2;10,5;9,6;44;40;40;53;4,3;2,1;
2021/06/07;0500 UTC;0;939,5;939,7;939,5;;22,8;9,8;23,9;22,7;9,8;9,6;44;40;44;55;4,6;1,5;
2021/06/07;0600 UTC;0;939,3;939,5;939;;22,8;10,7;23,4;22,8;10,7;9,8;46;43;46;86;4,6;1,3;
2021/06/07;0700 UTC;0;940;940;939,3;;18,5;12;22,8;18,5;12;10,8;66;46;66;190;4,2;,7;
2021/06/07;0800 UTC;0;940;940,1;939,7;;17,1;12,9;18,5;16,5;12,9;12;78;66;76;160;3,5;1,3;
2021/06/07;0900 UTC;0;939,7;940;939,5;;17,2;15,5;17,2;16,9;15,5;12,9;90;76;90;150;6,5;2,5;
2021/06/07;1000 UTC;0;940,1;940,1;939,7;;16,8;15,7;17,2;16,8;15,7;15,5;93;90;93;144;6,2;2;
2021/06/07;1100 UTC;0;940,7;940,7;940;122;17,6;15,8;17,8;16,8;16,1;15,7;94;88;89;145;5,7;1,9;
2021/06/07;1200 UTC;0;942;942;940,7;178,3;17,8;16,1;17,8;17,4;16,2;15,8;91;89;90;153;5,9;1,8;
2021/06/07;1300 UTC;0;942,3;942,3;941,9;443,7;18,1;16,2;18,3;17,8;16,3;16;90;88;89;147;6,8;2,5;
2021/06/07;1400 UTC;0;942,3;942,4;942,1;528,9;18,6;16,2;18,8;18,1;16,4;16,1;89;85;86;147;6,5;2,4;
2021/06/07;1500 UTC;0;942,6;942,6;942,1;572,1;19,1;16,3;19,4;18,6;16,6;16,2;86;83;84;157;6,6;1,5;
2021/06/07;1600 UTC;0;942,2;943,1;942,2;293,4;18,5;16,8;19,1;18,5;17,1;16,4;91;84;90;158;5,3;1,9;
2021/06/07;1700 UTC;,4;941,7;942,6;941,6;369,4;17,5;17,1;18,6;17,5;17,5;16,7;98;90;97;160;5,2;1,9;
2021/06/07;1800 UTC;1,2;940,5;941,8;940,5;330,8;17,1;16,7;17,6;17,1;17,3;16,7;98;97;98;103;5,2;2,3;
2021/06/07;1900 UTC;,4;940;940,5;940;293,9;18,2;17,2;18,2;17;17,4;16,7;98;94;94;83;4,2;1,5;
2021/06/07;2000 UTC;0;940,2;940,2;939,7;266,7;18,5;17,3;18,6;18,1;17,4;17;95;91;93;84;3,5;,7;
2021/06/07;2100 UTC;,2;941,5;941,5;940;46,3;17,8;17,4;18,5;17,8;17,5;16,9;98;91;98;206;3,6;1,1;
2021/06/07;2200 UTC;1,4;941,1;941,8;940,9;;17,4;17,2;17,8;17,4;17,4;17,2;99;98;99;166;5,7;1,1;
2021/06/07;2300 UTC;,4;941,1;941,4;940,9;;16,9;16,8;17,4;16,9;17,3;16,8;99;99;99;98;4,1;1,3;
2021/06/08;0000 UTC;0;941,4;941,4;940,7;;16,8;16,5;17,1;16,7;16,8;16,3;99;97;98;149;3,3;,7;
2021/06/08;0100 UTC;0;941,6;941,6;941,3;;16,4;16,2;16,8;16,4;16,5;16,2;99;98;99;154;4,6;1,4;
2021/06/08;0200 UTC;0;941,6;941,7;941,5;;16,1;15,7;16,4;16,1;16,2;15,7;99;98;98;145;4,3;1,4;
2021/06/08;0300 UTC;0;941,6;941,7;941,4;;16,4;15,4;16,4;16;15,7;15,3;98;94;94;147;5,8;2,2;
2021/06/08;0400 UTC;0;941,4;941,8;941,4;;16;15,6;16,4;15,8;15,6;15,3;97;94;97;149;5,8;2,1;
2021/06/08;0500 UTC;0;941,1;941,4;941,1;;16;15,6;16,1;15,9;15,6;15,4;97;97;97;147;5,8;1,8;
2021/06/08;0600 UTC;0;940,7;941,1;940,5;;15,8;15,5;16;15,8;15,6;15,5;98;97;98;153;5,3;1;
2021/06/08;0700 UTC;,2;940,2;940,8;940,2;;15,4;15,3;15,8;15,4;15,5;15,2;99;98;99;110;5,7;2,4;
2021/06/08;0800 UTC;0;940,6;940,7;940;;15,2;15,1;15,4;15,2;15,3;15,1;100;99;100;128;6,6;3,2;
2021/06/08;0900 UTC;0;940,9;940,9;940,5;;15,5;15,3;15,5;15,2;15,4;15,1;100;99;99;129;7,7;3,4;
2021/06/08;1000 UTC;0;942,5;942,5;940,9;;15,7;15,3;15,7;15,4;15,3;15;99;97;98;291;7,7;1,5;
2021/06/08;1100 UTC;,2;941,8;942,7;941,8;48,3;15,5;15,4;15,7;15,5;15,5;15,3;99;98;99;155;4,2;1,4;
2021/06/08;1200 UTC;0;942,7;942,7;941,7;99,8;16;15,4;16;15,5;15,5;15,2;99;96;96;109;6,7;1,7;
2021/06/08;1300 UTC;1;942,9;943,4;942,6;170,9;15,9;15,7;16,1;15,8;15,8;15,4;99;96;99;94;4,5;2,2;
2021/06/08;1400 UTC;,2;943,1;943,2;942,8;279,5;16,1;15,9;16,1;15,8;15,9;15,6;99;98;99;155;6,5;1,8;
2021/06/08;1500 UTC;,2;942,8;943,1;942,2;936,8;17,5;17,1;17,6;16;17,1;15,8;99;96;97;153;6,1;1,3;
2021/06/08;1600 UTC;0;942;942,8;942;616,4;17,5;16,1;17,7;17,2;17;16,1;97;91;91;335;3,3;,5;
2021/06/08;1700 UTC;0;940,5;942;940,4;410,9;17,6;16,5;17,7;17,3;16,9;16;96;91;93;74;5,7;2,3;
2021/06/08;1800 UTC;0;941;941,1;940,3;476;17,9;17,2;18,1;17,6;17,3;16,6;96;92;95;214;5,7;,9;
2021/06/08;1900 UTC;0;940,4;941;940,2;384,9;17,9;16,7;18,1;17,7;17,3;16,5;96;92;92;120;3,7;1,7;
2021/06/08;2000 UTC;0;941;941,1;940,4;338,2;18;16,7;18,6;17,9;17,1;16,5;93;89;92;111;3,3;1,3;
2021/06/08;2100 UTC;0;940,5;941;940,4;34,2;17,3;16,8;18;17,2;16,9;16,7;97;92;97;113;2,4;1,2;
2021/06/08;2200 UTC;0;941,2;941,2;940,5;;16,6;16,3;17,3;16,5;16,7;16,2;98;96;98;186;2,4;,3;
2021/06/08;2300 UTC;0;941,7;941,7;941,2;;16,3;16,2;16,6;16,1;16,4;15,9;99;98;99;148;1,7;,9;
2021/06/09;0000 UTC;0;941,6;941,9;941,5;;16,4;16,3;16,4;16;16,3;15,9;100;99;99;144;2,4;1;
2021/06/09;0100 UTC;0;941,8;941,9;941,5;;17,4;16,7;17,5;16,3;16,9;16,2;99;95;95;132;4,2;1,8;
2021/06/09;0200 UTC;0;941,9;942;941,7;;16,9;16,4;17,6;16,9;16,7;16,4;97;94;97;156;4,4;1;
2021/06/09;0300 UTC;0;941,7;941,9;941,7;;16,7;16,3;16,9;16,6;16,5;16,3;98;97;98;144;4,1;1,5;
2021/06/09;0400 UTC;0;941,6;941,8;941,5;;15,9;15,7;16,8;15,9;16,4;15,7;98;97;98;164;4,1;,6;
2021/06/09;0500 UTC;0;941,6;941,7;941,5;;15,4;15,3;15,9;15,3;15,8;15,2;99;98;99;161;2,4;,5;
2021/06/09;0600 UTC;,2;940,8;941,6;940,8;;15,7;15,5;16;15,3;15,9;15,2;99;99;99;137;4,7;1,5;
2021/06/09;0700 UTC;,2;940,8;941;940,7;;15,7;15,4;16,4;15,7;16;15,4;99;96;98;153;6,1;1,1;
2021/06/09;0800 UTC;0;940,6;940,8;940,5;;15,6;15,2;16,2;15,6;15,7;15,2;99;96;97;126;5,2;1,7;
2021/06/09;0900 UTC;0;941,3;941,3;940,6;;15,5;15,1;15,7;15,3;15,3;15;98;97;98;123;4,5;2,4;
2021/06/09;1000 UTC;0;941,7;941,7;941,3;;15,2;14,9;15,6;15,2;15,2;14,9;98;97;98;129;4,2;1,6;
2021/06/09;1100 UTC;0;942,2;942,2;941,7;67,7;15,5;15;15,6;15,2;15,1;14,8;98;97;97;101;4;1,8;
2021/06/09;1200 UTC;0;942,5;942,6;942,2;736;17,3;15,9;17,3;15,5;15,9;15;97;90;91;95;4,5;2,3;
2021/06/09;1300 UTC;0;942,8;942,8;942,5;1304,4;19,4;16,6;19,4;17,2;16,9;15,7;92;82;84;126;5;2,1;
2021/06/09;1400 UTC;0;942,6;942,9;942,6;2018,9;21,4;17,3;21,5;19,2;17,9;16,3;86;77;78;118;4,6;1,6;
2021/06/09;1500 UTC;0;942,1;942,6;942,1;2280,2;23,4;16,8;23,7;21,2;18;16;79;64;67;82;4,1;2;
2021/06/09;1600 UTC;0;941,4;942,1;941,4;2463,8;24,5;14,7;25,2;23,4;17,4;14,7;67;54;54;101;4;1,3;
2021/06/09;1700 UTC;0;940,4;941,4;940,4;2142,1;25,2;15,2;25,7;24,2;15,9;13,9;57;50;54;98;3,8;1,6;
2021/06/09;1800 UTC;0;939,7;940,4;939,7;1615;26;14,1;26,3;25,2;16,5;13,8;57;47;48;114;3,4;1,1;
2021/06/09;1900 UTC;0;939,5;939,8;939,4;1392,4;26;16,5;26,4;25,5;16,9;13,8;57;47;56;167;3,3;1,3;
2021/06/09;2000 UTC;0;939,6;939,6;939,5;422,2;24,3;16,6;25,9;24,3;17;15,6;63;54;62;173;2,9;,6;
2021/06/09;2100 UTC;0;940;940;939,5;129,3;22,4;16,5;24,4;22,3;17,2;16,5;70;62;69;199;2;,4;
2021/06/09;2200 UTC;0;940,2;940,3;940;;21,4;16,5;22,4;21,4;16,9;16,4;74;69;74;186;1,4;,4;
2021/06/09;2300 UTC;0;940,5;940,5;940,1;;20,1;16,9;21,4;20,1;16,9;16,4;81;74;81;204;2,3;,5;
2021/06/10;0000 UTC;0;940,8;940,9;940,4;;19,8;17,4;20,2;19,3;17,4;16,9;88;81;86;155;2,4;1;
2021/06/10;0100 UTC;0;941;941;940,8;;19,3;17,2;19,8;19,3;17,4;17,2;88;86;88;182;3,1;,5;
2021/06/10;0200 UTC;0;941,2;941,3;941;;19,9;17,1;19,9;19,1;17,4;17,1;90;84;84;151;3,8;1,4;
2021/06/10;0300 UTC;0;941,6;941,6;941,2;;19,1;17,3;19,9;19,1;17,4;17,1;89;84;89;213;3,9;,4;
2021/06/10;0400 UTC;0;941,6;941,8;941,6;;18,3;17,6;19,3;18,3;17,6;17,3;96;88;96;162;3;,5;
2021/06/10;0500 UTC;0;940,8;941,6;940,8;;18,2;17,4;18,3;17,9;17,7;17,4;98;95;95;147;5;2,1;
2021/06/10;0600 UTC;7;942,1;942,1;940,8;;17,7;17,5;18,3;17,7;17,5;17,2;99;94;99;317;6,6;1,7;
2021/06/10;0700 UTC;7,4;941,3;942,1;941,2;;17,3;17,2;17,7;17,3;17,5;17,2;99;99;99;91;3,6;1,3;
2021/06/10;0800 UTC;,4;940,9;941,3;940,7;;17,2;17,1;17,3;17,2;17,2;17,1;99;99;99;127;2,6;,7;
2021/06/10;0900 UTC;,6;940,1;941;940,1;;17,5;17,2;17,5;17,2;17,3;17;99;98;98;100;3,4;1,7;
2021/06/10;1000 UTC;,2;941,1;941,2;940;;17,3;17,1;17,5;17,3;17,2;17;99;98;99;164;4,6;,9;
2021/06/10;1100 UTC;2,4;941,6;941,6;941,1;12,4;17,2;17,1;17,3;17,2;17,1;17;99;99;99;151;4,3;1,5;
2021/06/10;1200 UTC;6;943,1;943,1;941,6;35,2;17,2;17,2;17,4;17,2;17,3;17,1;100;99;100;155;3,7;1;
2021/06/10;1300 UTC;7;943,4;943,4;943;46,5;17,2;17,2;17,3;17,1;17,2;17;100;100;100;148;3,2;1,1;
2021/06/10;1400 UTC;7,2;942,6;943,5;942,5;362;18,1;18;18,1;17,2;18;17,1;100;99;99;107;5,6;2,4;
2021/06/10;1500 UTC;3,4;942,6;942,8;942,5;259,5;18,2;17,9;18,3;18,1;18,1;17,9;99;98;98;74;5,6;,7;
2021/06/10;1600 UTC;5,6;942,4;942,6;942,2;279,2;18,4;17,6;18,5;18,1;18,2;17,5;99;94;95;43;3,5;,9;
2021/06/10;1700 UTC;3,2;941,8;942,4;941,8;147,6;18,4;18,2;18,4;18;18,2;17,3;99;94;99;320;2,1;,7;
2021/06/10;1800 UTC;1,4;941,3;941,9;941,3;222,9;18,1;17,8;18,4;18;18,3;17,6;99;98;98;325;3,1;1,1;
2021/06/10;1900 UTC;1;940,8;941,3;940,8;255,4;18,1;17,6;18,2;18;18;17,4;99;96;97;11;2,3;,9;
2021/06/10;2000 UTC;,4;940,4;940,8;940,4;118;17,9;17,5;18,1;17,7;17,7;17;98;94;98;18;2,3;1,1;
2021/06/10;2100 UTC;,4;940,2;940,6;940,1;35,8;17;16,8;17,9;17;17,5;16,8;99;98;99;31;5,1;1,6;
2021/06/10;2200 UTC;0;940,6;940,6;939,9;;17;16,7;17;16,9;16,8;16,7;99;98;98;31;4,5;1,1;
2021/06/10;2300 UTC;0;940,7;940,7;940,3;;16,8;16,6;17;16,8;16,8;16,6;99;98;99;104;2,7;,5;
2021/06/11;0000 UTC;0;941,4;941,6;940,7;;16,6;16,5;16,9;16,6;16,7;16,5;99;99;99;211;2,3;,4;
2021/06/11;0100 UTC;0;941,6;941,8;941,2;;16,6;16,5;16,7;16,3;16,6;16,2;100;99;100;329;2,2;,6;
2021/06/11;0200 UTC;,2;941,7;941,8;941,3;;16,6;16,5;16,6;16,3;16,6;16,2;100;100;100;328;1,8;,8;
2021/06/11;0300 UTC;0;941,4;941,8;941,4;;15,9;15,9;16,6;15,9;16,5;15,9;100;100;100;357;1,9;,3;
2021/06/11;0400 UTC;0;941;941,5;940,8;;16,1;16,1;16,2;15,9;16,1;15,8;100;100;100;34;1,2;,6;
2021/06/11;0500 UTC;0;940,6;941;940,6;;16,2;16,2;16,3;16;16,3;16;100;100;100;8;1,5;,6;
2021/06/11;0600 UTC;0;940,3;940,7;940,3;;15,8;15,8;16,3;15,8;16,3;15,8;100;100;100;35;1,5;,4;
2021/06/11;0700 UTC;0;940,7;940,7;939,9;;16;16;16;15,7;16;15,7;100;100;100;241;1,3;,5;
2021/06/11;0800 UTC;0;940,1;940,7;939,4;;16;16;16,3;16;16,3;16;100;100;100;240;3,7;,7;
2021/06/11;0900 UTC;0;940,2;940,5;940,1;;16,1;16,1;16,1;15,9;16,1;15,9;100;100;100;156;2,6;,7;
2021/06/11;1000 UTC;0;941,1;941,1;940,2;;16;16;16,1;16;16,1;16;100;100;100;148;2,2;,7;
2021/06/11;1100 UTC;0;941,5;941,5;940,9;47,6;16,2;16,2;16,3;16;16,3;16;100;100;100;149;1,8;,5;
2021/06/11;1200 UTC;0;942,4;942,4;941,5;184,3;16,4;16,4;16,6;16,1;16,6;16,1;100;100;100;330;1,4;,4;
2021/06/11;1300 UTC;0;943;943;942,4;345,5;17,1;17,1;17,2;16,4;17,2;16,5;100;100;100;153;1,7;,7;
2021/06/11;1400 UTC;0;943,1;943,3;943;396,9;17,2;17,2;17,2;16,8;17,2;16,9;100;100;100;163;2,4;,6;
2021/06/11;1500 UTC;0;943;943,3;942,9;450,8;17,2;17,2;17,5;17,1;17,5;17,1;100;100;100;191;2,1;,5;
2021/06/11;1600 UTC;0;942,6;943,1;942,6;457,7;17,8;17,8;17,8;17,2;17,8;17,2;100;100;100;33;1,8;,5;
2021/06/11;1700 UTC;0;941,8;942,6;941,8;1285,3;19,6;17,4;19,6;17,8;18,7;17,2;100;86;87;113;2,3;1;
2021/06/11;1800 UTC;0;941,5;941,9;941,4;1209,7;20,1;16,9;20,7;19,4;17,9;16,7;90;81;82;229;2,5;,9;
2021/06/11;1900 UTC;0;941;941,5;941;899,9;20,2;17,5;20,4;19,8;18,2;16,7;89;81;84;142;2,4;,9;
2021/06/11;2000 UTC;0;940,8;941;940,7;545,6;19,3;17;20,4;19,3;17,8;16,7;87;80;86;220;1,9;,4;
2021/06/11;2100 UTC;0;941,1;941,2;940,8;96,9;18;17;19,3;18;17,5;17;94;86;94;296;1,5;,5;
2021/06/11;2200 UTC;0;941,4;941,5;941,1;;17,9;17,2;18;17,6;17,4;17;98;94;96;302;1,9;1,2;
2021/06/11;2300 UTC;0;942,2;942,2;941,5;;17;16,9;17,9;17;17,2;16,8;99;96;99;266;2;,7;
2021/06/12;0000 UTC;0;942,5;942,6;942,2;;17,1;17;17,3;17;17,1;16,8;99;98;99;286;2,3;,8;
2021/06/12;0100 UTC;0;942,9;942,9;942,4;;16,6;16,6;17,1;16,5;17;16,5;100;99;100;255;2,2;,6;
2021/06/12;0200 UTC;0;943,2;943,2;942,8;;16,3;16,3;16,6;16,2;16,6;16,2;100;100;100;236;1,8;,5;
2021/06/12;0300 UTC;0;943,1;943,2;943,1;;16;16;16,5;16;16,5;16;100;100;100;284;1,8;,4;
2021/06/12;0400 UTC;0;942,5;943,1;942,5;;15,5;15,5;16;15,5;16;15,5;100;100;100;278;1,4;,3;
2021/06/12;0500 UTC;0;942;942,5;942;;15,3;15,3;15,6;15,3;15,6;15,3;100;100;100;237;,9;,3;
2021/06/12;0600 UTC;0;941,3;942;941,3;;15,1;15,1;15,4;15,1;15,4;15,1;100;100;100;353;1;,3;
2021/06/12;0700 UTC;,2;941;941,4;940,9;;15;15;15,3;15;15,2;15;100;100;100;200;1,4;,2;
2021/06/12;0800 UTC;0;941,1;941,1;940,8;;14,9;14,9;15,1;14,7;15,1;14,7;100;100;100;200;1,1;,3;
2021/06/12;0900 UTC;0;941,6;941,6;941;;14,3;14,3;14,9;14,2;14,9;14,2;100;100;100;174;1,6;,2;
2021/06/12;1000 UTC;0;942,1;942,1;941,6;;14,6;14,6;14,8;13,9;14,8;13,9;100;100;100;155;2,1;,7;
2021/06/12;1100 UTC;0;943,3;943,3;942;38,2;15,4;15,4;15,4;14,6;15,4;14,6;100;100;100;154;3,6;1;
2021/06/12;1200 UTC;0;943,9;943,9;943,3;355,3;15,9;15,9;15,9;15,2;15,9;15,2;100;100;100;151;3,7;1,3;
2021/06/12;1300 UTC;0;944,6;944,6;943,9;635;15,8;15,8;16;15,5;16;15,5;100;100;100;149;5,8;1,9;
2021/06/12;1400 UTC;0;944,1;944,6;944;1072,2;16;15,8;16,3;15,1;16,3;15,1;100;98;98;130;5,6;2,7;
2021/06/12;1500 UTC;0;943,8;944,1;943,8;2193,6;17,9;15,4;18,2;16;16,3;15,2;99;85;85;133;5,6;2,2;
2021/06/12;1600 UTC;0;942,8;943,8;942,8;2586,7;19,7;14,9;20;17,9;16,6;13,9;87;72;74;113;4,8;1,7;
2021/06/12;1700 UTC;0;942,2;942,8;942,1;2474,5;21,8;13,9;22,4;19,5;15,4;12,2;75;53;61;215;3,8;,9;
2021/06/12;1800 UTC;0;941,8;942,2;941,8;2111,6;22,5;13,1;22,5;21,8;14,5;12,6;62;55;55;182;3,6;,9;
2021/06/12;1900 UTC;0;941,5;941,8;941,4;1575,5;22,3;12,5;22,7;21,5;13,8;11,1;58;48;54;265;3;1,1;
2021/06/12;2000 UTC;0;941,7;941,7;941,5;782,3;19,8;12,5;22,7;19,8;13,4;11,7;67;51;63;242;3,1;,5;
2021/06/12;2100 UTC;0;941,8;941,8;941,7;49;17,1;12,4;19,8;17,1;12,9;11,9;74;61;74;264;1,9;,4;
2021/06/12;2200 UTC;0;942,2;942,2;941,8;;16,2;11,7;17,1;16,2;12,5;11,6;77;73;74;224;1,1;,5;
2021/06/12;2300 UTC;0;942,8;942,8;942,2;;16,1;11,9;16,4;15,9;11,9;11,2;76;72;76;202;1,6;,5;
2021/06/13;0000 UTC;0;943,1;943,1;942,8;;14,8;12,1;16,1;14,7;12,2;11,9;84;76;83;237;2,3;,3;
2021/06/13;0100 UTC;0;943,3;943,3;943,1;;15,1;10,8;15,2;14,7;12,1;10,8;83;75;75;143;3,3;1,4;
2021/06/13;0200 UTC;0;943,5;943,6;943,3;;15,9;10,8;16;14,9;11,1;10,5;76;71;72;119;4,2;1,5;
2021/06/13;0300 UTC;0;943,3;943,5;943,2;;15,2;10,1;16;15,1;10,9;10,1;74;70;72;120;4,4;1,6;
2021/06/13;0400 UTC;0;943;943,3;943;;15,2;10;15,8;14,7;10,4;9,8;75;69;71;130;5,4;1,4;
2021/06/13;0500 UTC;0;942,9;943;942,9;;14,8;10,3;15,8;14,7;10,5;9,9;75;68;75;87;3,8;1,2;
2021/06/13;0600 UTC;0;942,4;943;942,4;;14;10,5;15;14;10,5;10,2;79;73;79;191;3,7;,7;
2021/06/13;0700 UTC;0;942,4;942,4;942,2;;14,2;10,4;14,6;13;10,6;10,3;85;76;78;127;6,6;2,6;
2021/06/13;0800 UTC;0;942,5;942,5;942,3;;13,6;10,3;14,2;13,4;10,4;10,2;82;77;81;118;6;2,2;
2021/06/13;0900 UTC;0;942,8;942,8;942,5;;12,1;10,5;13,7;12,1;10,7;10,3;90;81;90;151;6,5;1,7;
2021/06/13;1000 UTC;0;943,4;943,4;942,8;;12,1;10,7;12,3;11,8;10,9;10,4;92;90;92;132;7;2,6;
2021/06/13;1100 UTC;0;943,9;943,9;943,3;93,7;12,3;10,7;12,3;11,7;10,9;10,5;93;90;90;133;8,4;3,7;
2021/06/13;1200 UTC;0;944,4;944,4;943,9;819,7;13,7;11,3;13,7;12,3;11,4;10,5;90;85;85;134;8,7;3,5;
2021/06/13;1300 UTC;0;945,2;945,2;944,4;1530,5;16,1;11,7;16,5;13,7;12,5;11,1;86;74;75;130;7;2,7;
2021/06/13;1400 UTC;0;945,4;945,4;945,1;2083,8;18,7;12,6;18,7;16;12,9;11,5;77;67;68;141;5,5;2,1;
2021/06/13;1500 UTC;0;944,9;945,4;944,9;2438,2;19,9;12,6;19,9;18,2;13,2;11,3;68;61;63;128;6,9;2,9;
2021/06/13;1600 UTC;0;944,2;944,9;944,2;2565;20,9;12,3;21;19,7;12,9;11,6;63;56;58;113;5,7;2,6;
2021/06/13;1700 UTC;0;943,4;944,2;943,3;2442,4;22,1;12,8;22,6;20,7;13,1;11,2;60;53;55;122;4,8;2;
2021/06/13;1800 UTC;0;942,6;943,4;942,6;2092,8;22,3;11,8;22,8;21,6;13,1;11,4;57;51;52;118;4,8;1,8;
2021/06/13;1900 UTC;0;942,3;942,6;942,3;1547,3;21,9;11,8;22,6;21,9;12,7;11,5;54;50;53;118;4,6;2;
2021/06/13;2000 UTC;0;942,2;942,3;942,2;775,6;20,2;12;21,9;20,2;12,7;11,5;60;52;59;150;4;1,3;
2021/06/13;2100 UTC;0;942,6;942,6;942,2;52,7;18,6;11,7;20,2;18,6;12;11,3;64;58;64;141;4,8;1,5;
2021/06/13;2200 UTC;0;942,8;942,8;942,5;;17;11,7;18,9;17;11,7;11,2;71;61;71;131;3,5;,9;
2021/06/13;2300 UTC;0;943,2;943,3;942,8;;16,1;11,4;17,1;15,5;11,7;11,3;78;69;74;136;2,6;1,2;
2021/06/14;0000 UTC;0;943,7;943,7;943,2;;15,8;11,2;16,2;15,5;11,6;11,2;76;73;74;132;4,3;2;
2021/06/14;0100 UTC;0;943,9;943,9;943,6;;15,3;10,8;16;14,8;11,3;10,8;78;73;75;144;4,8;1,4;
2021/06/14;0200 UTC;0;944,2;944,2;943,9;;14;11,1;15,4;14;11,2;10,7;83;74;83;149;6,4;1,6;
2021/06/14;0300 UTC;0;944,1;944,2;944,1;;14;11;14,5;13,9;11,3;11;84;79;82;129;6,8;2,8;
2021/06/14;0400 UTC;0;943,9;944,2;943,9;;13,4;10,9;14,3;13,3;11,1;10,9;85;81;85;138;9,1;3,5;
2021/06/14;0500 UTC;0;943,9;944;943,9;;12,4;10,8;13,4;12,2;11;10,6;91;85;90;143;8,4;1,5;
2021/06/14;0600 UTC;0;943,4;943,9;943,4;;12,5;10,4;12,5;12;10,8;10,3;91;87;87;136;6,5;2,9;
2021/06/14;0700 UTC;0;943,1;943,4;943,1;;11,1;9,9;12,5;11,1;10,4;9,9;93;87;93;142;6,5;2;
2021/06/14;0800 UTC;0;943;943,1;943;;10,7;9,8;11,2;10,7;10,1;9,7;94;92;94;157;4,9;1,2;
2021/06/14;0900 UTC;0;943;943,1;942,9;;10,2;9,7;10,7;10,1;9,9;9,4;97;94;96;147;3;1,4;
2021/06/14;1000 UTC;0;943,2;943,2;943;;10,8;9,7;11;10,2;10,1;9,6;97;92;93;123;5,1;1,6;
2021/06/14;1100 UTC;0;943,5;943,5;943,2;88,5;11,8;10;11,8;10,6;10;9,6;94;88;88;130;4,1;1,7;
2021/06/14;1200 UTC;0;943,8;943,8;943,5;818,1;13,8;10,6;13,8;11,8;10,6;10;89;80;81;120;4;2,3;
2021/06/14;1300 UTC;0;944,3;944,3;943,8;1526;16,4;11,8;16,4;13,8;12,1;10,3;81;73;75;132;5,5;2,1;
2021/06/14;1400 UTC;0;944,3;944,4;944,2;2083;19,1;12,8;19,1;16,3;12,8;11,5;75;66;67;120;4,6;2,3;
2021/06/14;1500 UTC;0;943,9;944,3;943,9;2424,7;21,3;13,3;21,5;19;13,8;12,3;68;60;60;130;4,1;1,6;
2021/06/14;1600 UTC;0;943,2;943,9;943,2;2533,9;22,8;11,8;23,2;21,2;13,9;11,5;61;50;50;98;3,6;1,5;
2021/06/14;1700 UTC;0;942,4;943,2;942,4;2412,3;24,9;12,1;24,9;22,8;13,4;10,8;53;44;45;6;3,4;,9;
2021/06/14;1800 UTC;0;941,9;942,4;941,9;2054,6;24,8;12,2;25,1;23,9;13;11,3;48;43;46;320;3,4;1,3;
2021/06/14;1900 UTC;0;941,7;941,9;941,7;1472,9;24,4;13,3;25,5;23,8;13,9;11,5;52;43;50;183;4,4;,7;
2021/06/14;2000 UTC;0;941,7;941,7;941,6;747,8;22;13,9;24,6;22;14,2;13,3;60;50;60;160;2,7;,5;
2021/06/14;2100 UTC;0;941,6;941,7;941,6;62,8;19,2;13;22;19,2;13,7;12,9;67;59;67;120;3;,4;
2021/06/14;2200 UTC;0;942;942;941,6;;18,3;12,7;19,2;18,3;13,1;12,6;70;67;70;202;1,4;,2;
2021/06/14;2300 UTC;0;942,5;942,5;942;;17,5;12,4;18,3;17,5;12,8;12,4;72;70;72;189;1,8;,4;
2021/06/15;0000 UTC;0;942,8;942,8;942,5;;16,2;12,5;17,5;16,2;12,6;12,3;79;72;79;172;2,3;,4;
2021/06/15;0100 UTC;0;943;943;942,7;;16,5;12,8;16,5;15,7;12,9;12,4;82;78;78;144;3,3;1,3;
2021/06/15;0200 UTC;0;943,3;943,3;943;;15,5;13;17,2;15,5;13,1;12,7;85;75;85;147;3,9;1,1;
2021/06/15;0300 UTC;0;943,1;943,3;943,1;;15,8;13;16,3;15,4;13,2;12,8;86;81;83;138;3,7;1,4;
2021/06/15;0400 UTC;0;942,9;943,2;942,9;;16,2;12,9;16,7;15,8;13,1;12,7;84;78;81;138;3,7;1,3;
2021/06/15;0500 UTC;0;942,8;943;942,8;;14,9;12,9;16,2;14,9;13,1;12,7;88;80;88;140;3,5;1;
2021/06/15;0600 UTC;0;942,4;942,8;942,4;;14,7;12,5;16,4;14,7;13,2;12,5;89;79;86;133;3,2;1;
2021/06/15;0700 UTC;0;942;942,4;942;;14,8;12,5;14,8;14,3;12,9;12,4;91;86;86;114;2,5;,8;
2021/06/15;0800 UTC;0;942;942,1;941,9;;16;12;16,1;14,6;12,5;11,9;87;76;77;90;2,9;1,4;
2021/06/15;0900 UTC;0;942,2;942,2;941,9;;15,2;11,6;16,3;15,1;12;11,5;81;73;79;114;3,5;1,3;
2021/06/15;1000 UTC;0;942,7;942,7;942,2;;15,3;11,9;16,3;15,2;11,9;11,5;80;74;80;85;3,9;1,4;
2021/06/15;1100 UTC;0;943,1;943,1;942,7;83,2;16,1;12,4;16,1;14,7;12,5;11,9;84;79;79;83;3,4;1,1;
2021/06/15;1200 UTC;0;943,3;943,3;943;775,3;18,7;13,7;18,7;16,1;13,8;12,3;80;72;73;84;3,8;1,5;
2021/06/15;1300 UTC;0;943,4;943,4;943,3;1486;21;13,5;21;18,7;14,1;12,5;74;59;62;95;3,6;1,9;
2021/06/15;1400 UTC;0;943,5;943,5;943,3;2041,2;22,1;12,8;22,8;21;13,6;12,1;62;52;56;31;3,8;1,6;
2021/06/15;1500 UTC;0;943,2;943,5;943,2;2371,9;24,2;12,8;24,4;22,1;13,5;11,5;56;46;49;296;4,8;1,8;
2021/06/15;1600 UTC;0;942,3;943,2;942,3;2478,1;24,6;12,7;24,9;23,6;13,1;10,4;50;42;47;261;5,8;2,3;
2021/06/15;1700 UTC;0;941,5;942,4;941,5;2225,6;24,8;12,7;24,9;23,6;13,2;11,5;51;44;47;300;6,9;1,7;
2021/06/15;1800 UTC;0;941;941,5;941;2031,3;25;12,1;25,5;24,5;12,9;10,4;48;40;45;250;6,2;1,6;
2021/06/15;1900 UTC;0;940,7;941;940,7;1487,8;25,1;12;25,2;24,4;12,6;10,2;46;39;44;263;5,9;1,6;
2021/06/15;2000 UTC;0;940,8;940,8;940,7;807,8;22,3;12,5;25,2;22,3;13,5;11,6;54;43;54;240;4,4;1,7;
2021/06/15;2100 UTC;0;941,1;941,1;940,8;65,7;19,5;12,3;22,3;19,5;12,7;12,2;63;53;63;248;5,1;,8;
2021/06/15;2200 UTC;0;941,3;941,3;941,1;;18;12,6;19,5;18;12,7;12,3;71;63;71;234;4;1,6;
2021/06/15;2300 UTC;0;941,4;941,4;941,3;;16,8;11,4;18,1;16,8;12,7;11,4;72;70;71;191;4;,5;
2021/06/16;0000 UTC;0;941,6;941,7;941,4;;15,2;11,7;16,8;15,2;11,7;11,4;79;70;79;174;2;,4;
2021/06/16;0100 UTC;0;941,7;941,7;941,6;;15,5;11,6;15,6;15;11,7;11,5;80;77;78;230;1,9;,6;
2021/06/16;0200 UTC;0;941,7;941,8;941,7;;15;11,5;15,5;15;11,7;11,4;80;78;79;178;1,6;,2;
2021/06/16;0300 UTC;0;941,6;941,8;941,6;;14,7;11,9;15,1;14,7;11,9;11,5;84;79;84;92;1,3;,2;
2021/06/16;0400 UTC;0;941,2;941,6;941,2;;14,2;12,3;14,7;14;12,3;11,9;89;84;89;319;1,3;,2;
2021/06/16;0500 UTC;0;940,9;941,2;940,9;;13,8;12;14,3;13,8;12,3;12;89;87;89;111;,7;,2;
2021/06/16;0600 UTC;0;940,6;940,9;940,6;;12,8;11,6;13,8;12,8;12;11,6;92;89;92;135;,8;,3;
2021/06/16;0700 UTC;0;940,7;940,8;940,4;;13;12,1;13,1;12,1;12,3;11,4;97;92;94;155;3,6;1,2;
2021/06/16;0800 UTC;0;940,6;940,7;940,4;;12,8;12,1;13,5;12,6;12,5;11,8;96;93;95;150;4,7;1,4;
2021/06/16;0900 UTC;0;941,2;941,2;940,6;;11,9;11,8;13;11,8;12,2;11,6;99;95;99;158;5,6;1,3;
2021/06/16;1000 UTC;0;942;942;941,2;;11,9;11,9;12,2;11,6;12,1;11,5;100;99;100;153;5,9;2,2;
2021/06/16;1100 UTC;0;942;942,4;942;85,6;12,5;12,1;12,5;11,7;12,2;11,7;100;97;97;137;6,4;2,2;
2021/06/16;1200 UTC;0;942,5;942,5;942;781,6;14,8;12,6;14,8;12,5;12,6;11,8;97;85;87;137;6,7;2,5;
2021/06/16;1300 UTC;0;942,8;942,8;942,5;1519,9;16,2;12,3;16,4;14,4;12,7;11,6;87;76;78;122;7,6;3,2;
2021/06/16;1400 UTC;0;942,9;942,9;942,6;2068,5;18,1;12;18,4;16,2;12,8;11,9;78;67;67;128;5,7;2,3;
2021/06/16;1500 UTC;0;942,4;942,9;942,4;2406;19,4;11,8;20;18;12,9;11,5;69;60;62;114;5;1,9;
2021/06/16;1600 UTC;0;941,6;942,4;941,6;2529,2;21,3;11,8;21,5;19,4;12,5;10,7;62;52;55;131;4,3;1,4;
2021/06/16;1700 UTC;0;940,9;941,6;940,8;2407,2;22,3;10,5;22,3;20,7;11,7;9,3;56;46;47;186;3,9;,9;
2021/06/16;1800 UTC;0;940,7;941;940,7;2038,9;22,7;11,8;23,3;21,7;12,4;9,5;53;44;50;196;3,1;,9;
2021/06/16;1900 UTC;0;940,7;940,8;940,6;1495,3;22,7;11,1;23,2;22,4;11,9;9,5;50;43;48;216;3,2;,9;
2021/06/16;2000 UTC;0;940,8;940,8;940,6;756,9;20,4;11,7;22,8;20,4;11,9;10,7;57;47;57;149;3;,5;
2021/06/16;2100 UTC;0;941,1;941,1;940,8;59,1;17,8;11,2;20,4;17,8;12,3;11,2;65;57;65;200;2,1;,4;
2021/06/16;2200 UTC;0;941,5;941,5;941,1;;17;10,7;17,8;16,7;11,3;10,7;69;64;67;234;1,3;,4;
2021/06/16;2300 UTC;0;941,9;941,9;941,5;;16,2;11;17;16,2;11;10,5;72;66;72;201;1,7;,6;
2021/06/17;0000 UTC;0;942,5;942,5;941,9;;14,9;10,9;16,3;14,9;11,3;10,8;77;72;77;150;2;,6;
2021/06/17;0100 UTC;0;942,5;942,6;942,5;;15,4;10,9;15,4;14,5;11;10,7;80;74;75;129;3;1,1;
2021/06/17;0200 UTC;0;942,5;942,5;942,4;;16,4;10,2;16,6;15,4;10,9;10,2;75;67;67;118;4,3;1,6;
2021/06/17;0300 UTC;0;942,7;942,7;942,5;;15,9;10,2;16,5;15,9;10,4;10;70;66;69;136;4;1,8;
2021/06/17;0400 UTC;0;943;943;942,7;;13,9;10,7;16,2;13,4;10,8;10,1;83;68;81;144;5,2;1,2;
2021/06/17;0500 UTC;0;942,8;943,1;942,8;;14,4;10,7;14,7;13,4;11,1;10,6;85;77;79;116;7,1;2,6;
2021/06/17;0600 UTC;0;942,8;942,9;942,7;;13,7;10,8;14,4;13,6;10,8;10,7;83;78;82;109;6,9;2,6;
2021/06/17;0700 UTC;0;942,7;942,8;942,5;;13,2;10,7;13,7;13,2;10,8;10,7;85;82;85;125;7,2;2,8;
2021/06/17;0800 UTC;0;942,9;943;942,7;;12,9;10,8;13,4;12,8;10,9;10,7;87;84;87;123;7,9;3,5;
2021/06/17;0900 UTC;0;942,8;943;942,7;;12,4;10,8;13;12,4;10,8;10,7;90;86;90;106;8,4;2,4;
2021/06/17;1000 UTC;0;943,2;943,3;942,8;;12,3;10,9;12,6;12,3;11;10,7;91;89;91;106;7;3,5;
2021/06/17;1100 UTC;0;944,1;944,1;943,2;83,6;12,9;11,2;12,9;12,1;11,2;10,9;93;90;90;119;7;2,1;
2021/06/17;1200 UTC;0;944,6;944,6;944,1;696,8;14;11,5;14;12,9;11,7;11,1;90;85;85;121;5,7;2,7;
2021/06/17;1300 UTC;0;945,2;945,2;944,6;1198,4;16,3;12,4;16,3;14;12,4;11,4;86;77;78;123;5,7;2,7;
2021/06/17;1400 UTC;0;945,2;945,4;945,2;2025,2;18,5;12,7;18,8;16;13,1;11,7;78;68;69;136;5,1;1,9;
2021/06/17;1500 UTC;0;944,6;945,2;944,6;2374,3;20,7;12,2;21;18,4;13,2;11,8;70;58;58;107;4,9;1,4;
2021/06/17;1600 UTC;0;943,8;944,6;943,8;2489,1;22,1;11,1;22,3;20,1;13,1;10,9;61;50;50;143;3,9;1,4;
2021/06/17;1700 UTC;0;942,9;943,8;942,9;2374,1;22,4;10,3;22,8;21,9;11,4;9,8;51;45;46;139;3,6;1,4;
2021/06/17;1800 UTC;0;942,7;942,9;942,7;2039,5;23,4;10,2;23,5;22,2;11,1;8,6;48;39;43;174;3,4;1;
2021/06/17;1900 UTC;0;942,6;942,7;942,5;1483,3;22,7;10,8;23,5;22,4;11;8,7;48;40;47;182;3,1;,8;
2021/06/17;2000 UTC;0;942,6;942,6;942,5;745,2;20,8;9,7;23,1;20,8;10,8;8,3;49;40;49;232;2,9;,7;
2021/06/17;2100 UTC;0;942,8;942,8;942,5;72,3;18,6;10,9;20,8;18,6;10,9;9,4;61;48;61;271;2,5;,5;
2021/06/17;2200 UTC;0;943;943;942,8;;16,9;10,7;18,6;16,9;10,9;10,4;67;61;67;153;2,9;1;
2021/06/17;2300 UTC;0;942,9;943;942,5;;17;10,6;17,5;16,6;10,7;10,2;68;62;66;159;2,9;,7;
2021/06/18;0000 UTC;0;943,3;943,3;942,9;;16,4;11;17;15,8;11,2;10,4;72;66;71;133;3,4;1,5;
2021/06/18;0100 UTC;0;943,7;943,8;943,3;;16;12,1;17,2;16;12,1;11,1;77;70;77;135;5,6;1,5;
2021/06/18;0200 UTC;0;944;944;943,7;;15,1;12;16,1;14,9;12,3;11,9;83;77;82;155;4,5;1,1;
2021/06/18;0300 UTC;0;943,6;944,1;943,6;;15,2;12,2;15,3;14,2;12,3;12;88;82;82;95;3,4;1,6;
2021/06/18;0400 UTC;0;943,8;943,8;943,5;;15,5;11,8;15,6;15,2;12,2;11,8;82;78;79;107;5,9;2,3;
2021/06/18;0500 UTC;0;943,7;943,9;943,7;;15,4;11,6;15,7;15,3;11,8;11,6;79;77;78;101;5,9;2,4;
2021/06/18;0600 UTC;0;943,6;943,7;943,4;;15,2;11,5;15,4;15,1;11,6;11,4;80;78;79;129;5,5;1,7;
2021/06/18;0700 UTC;0;943,3;943,6;943,2;;14,7;11,5;15,2;14,5;11,8;11,5;84;79;82;119;4,2;1,9;
2021/06/18;0800 UTC;0;943,5;943,5;943,1;;14,3;11,5;14,8;14,3;11,5;11,4;83;81;83;134;4,8;1,6;
2021/06/18;0900 UTC;0;943,8;943,8;943,2;;14;11,5;14,4;13,8;11,5;11,3;86;83;85;125;4,9;1,5;
2021/06/18;1000 UTC;0;944,3;944,3;943,7;;13,8;11,4;14,1;13,6;11,5;11,4;87;84;86;130;5,2;2,2;
2021/06/18;1100 UTC;0;945;945;944,3;60,1;13,7;11,6;13,8;13,5;11,7;11,4;88;86;88;121;6,1;2,2;
2021/06/18;1200 UTC;0;945,6;945,6;945;222,9;14,1;11,8;14,1;13,7;11,8;11,5;88;86;86;111;5,4;2,9;
2021/06/18;1300 UTC;0;945,7;945,9;945,5;567,5;15,4;12;15,4;14,1;12,3;11,7;86;80;80;116;6,2;2,7;
2021/06/18;1400 UTC;0;945,6;945,8;945,6;691,7;16,1;12,2;16,2;15,3;12,5;11,8;81;77;78;123;6,1;2,5;
2021/06/18;1500 UTC;0;945,5;945,7;945,5;1072,7;18,3;12,9;18,3;16,1;12,9;12;78;69;71;116;5;1,8;
2021/06/18;1600 UTC;0;944,3;945,5;944,3;1259,4;19,6;12,4;19,6;18;12,7;11,8;71;62;63;118;5,1;2,6;
2021/06/18;1700 UTC;0;943,7;944,3;943,7;1541,7;20,6;13;20,9;19,6;13;11,4;63;56;62;127;5,5;1,6;
2021/06/18;1800 UTC;0;943,2;943,7;943,1;1113,6;21;12,9;21,1;20,4;13,3;11,7;62;57;60;115;4,6;1,2;
2021/06/18;1900 UTC;0;942,8;943,2;942,8;659,6;20,6;12,5;21,1;20,6;13,8;12,1;65;58;60;106;2,2;1,1;
2021/06/18;2000 UTC;0;943,1;943,1;942,8;329,6;19,3;13,8;20,6;19,3;14;12,4;71;60;70;129;2,2;,7;
2021/06/18;2100 UTC;0;943,4;943,4;943,1;58,6;18,5;13,4;19,3;18,2;13,9;12,6;75;67;72;134;2,3;1;
2021/06/18;2200 UTC;0;943,5;943,6;943,4;;18,7;12,9;18,7;18,2;13,8;12,9;76;69;69;125;3,2;1,4;
2021/06/18;2300 UTC;0;943,5;943,7;943,5;;17;12,5;18,7;16,9;13,4;12,4;76;69;75;136;3,6;1;
2021/06/19;0000 UTC;0;943,7;943,7;943,5;;17;12,4;17,4;16,1;12,7;12,1;78;71;74;136;3,2;1,2;
2021/06/19;0100 UTC;0;943,4;943,7;943,4;;17,8;13;17,8;16,4;13;12,3;79;72;73;119;4,7;2;
2021/06/19;0200 UTC;0;943,4;943,7;943,4;;16,8;13,3;18;16,5;13,4;13;81;72;80;141;5;1,3;
2021/06/19;0300 UTC;0;943,1;943,5;943,1;;17,1;13,1;17,1;16,6;13,5;13,1;82;78;78;134;5,2;1,7;
2021/06/19;0400 UTC;0;943,2;943,2;943;;17,1;12,9;17,3;16,9;13,2;12,9;79;75;76;116;6,5;2,5;
2021/06/19;0500 UTC;0;943,1;943,2;943;;16,2;13,1;17,1;16,1;13,2;12,9;82;76;82;136;6,5;2,5;
2021/06/19;0600 UTC;0;942,6;943,2;942,6;;15,8;13,1;16,2;15,7;13,2;13,1;85;82;84;103;5,3;2,6;
2021/06/19;0700 UTC;0;942,7;942,9;942,6;;15,1;13,1;15,8;14,8;13,3;13;90;84;88;124;5,3;2,5;
2021/06/19;0800 UTC;0;942,5;942,7;942,4;;15;13,1;15,2;14,8;13,2;13;89;87;88;134;5,8;2,3;
2021/06/19;0900 UTC;0;942,4;942,5;942,2;;15;12,8;15;14,6;13,2;12,8;91;87;87;115;5,8;2,4;
2021/06/19;1000 UTC;0;942,6;942,6;942,4;;15,5;12,4;15,6;14,9;12,8;12,4;87;81;82;94;5,6;2,2;
2021/06/19;1100 UTC;0;942,9;942,9;942,6;55;15,5;12,6;15,6;15,3;12,7;12,3;84;81;83;102;5,4;2,1;
2021/06/19;1200 UTC;0;942,9;943;942,4;507,1;17,5;12,9;17,5;15,5;13,1;12,4;83;75;75;79;7,9;2,5;
2021/06/19;1300 UTC;0;943,9;943,9;942,8;906,4;18,6;12,6;18,9;17,5;12,8;12,3;74;67;68;123;6,1;1,4;
2021/06/19;1400 UTC;0;942,9;943,9;942,9;1066,8;20,3;12,3;20,5;18,6;13,1;12,2;69;60;60;50;6,7;2,5;
2021/06/19;1500 UTC;0;942,6;943;942,6;2292;22,6;12,6;22,8;20,3;13,7;12,3;61;53;53;29;6,7;2,5;
2021/06/19;1600 UTC;0;941,7;942,6;941,7;1977,2;24,4;13;24,4;22,1;13,6;12,4;56;49;49;12;5,9;2;
2021/06/19;1700 UTC;0;941;941,7;941;2090,7;24,8;12,3;25,8;24,3;13,6;12,2;50;43;46;10;7,1;2,9;
2021/06/19;1800 UTC;0;940,6;941;940,6;1493,9;25,6;12,2;26,8;24,7;13,1;11,9;48;41;43;323;8,7;2,3;
2021/06/19;1900 UTC;0;940,3;940,6;940,3;727,1;25,4;11,9;26,7;25,4;12,8;11,4;44;41;43;329;5,8;1,5;
2021/06/19;2000 UTC;0;940,3;940,3;940,1;536,7;25,2;12;26;25,2;12,4;11,6;44;42;44;313;4,6;1,4;
2021/06/19;2100 UTC;0;940,6;940,6;940,3;87,9;22,8;12,2;25,2;22,8;12,3;11,7;51;44;51;333;3,9;,6;
2021/06/19;2200 UTC;0;941,2;941,2;940,6;;19,9;14,2;22,8;19,9;14,2;12,1;69;51;69;200;2,4;,5;
2021/06/19;2300 UTC;0;941,7;941,7;941,2;;18,7;14,7;19,9;18,7;14,9;14,2;78;69;77;195;3,6;,5;
2021/06/20;0000 UTC;0;942,1;942,1;941,6;;18;14,6;18,7;17,9;14,7;14,5;81;77;81;172;3,2;,8;
2021/06/20;0100 UTC;0;942,4;942,4;942;;17,5;14,8;18,2;17,5;14,8;14,6;84;79;84;213;3,2;,7;
2021/06/20;0200 UTC;0;942,4;942,7;942,4;;16,7;15,2;17,6;16,7;15,2;14,8;91;84;91;199;4,3;,4;
2021/06/20;0300 UTC;0;942,3;942,4;942,2;;16,5;15,2;16,7;16,4;15,2;15,1;92;91;92;204;2,1;,4;
2021/06/20;0400 UTC;0;942,3;942,4;942,2;;16,5;15,1;16,5;16,2;15,2;14,9;93;91;92;248;1,9;,6;
2021/06/20;0500 UTC;0;942,3;942,4;942,2;;16,4;14,5;16,5;16;15,1;14,5;93;88;88;249;3,5;1,4;
2021/06/20;0600 UTC;0;941,9;942,3;941,9;;15,7;14,5;16,5;15,6;14,6;14,3;93;88;93;236;4,4;1,5;
2021/06/20;0700 UTC;0;941,8;941,9;941,7;;14,9;14,4;15,7;14,8;14,6;14,3;97;93;97;236;4,4;1,5;
2021/06/20;0800 UTC;0;941,6;941,8;941,6;;14,7;14,4;15,1;14,7;14,7;14,3;98;97;98;271;5,2;1,9;
2021/06/20;0900 UTC;0;941,7;941,7;941,5;;14,4;14,3;14,7;14,4;14,4;14,2;99;98;99;287;5;2,2;
2021/06/20;1000 UTC;0;942,1;942,2;941,7;;14,5;14;14,7;14,4;14,4;14;99;97;97;278;5,4;1,9;
2021/06/20;1100 UTC;0;942,8;942,8;942,1;64,7;14,5;13,8;14,6;14,4;14,2;13,8;98;96;96;254;5;1,6;
2021/06/20;1200 UTC;0;943,4;943,4;942,8;237,5;14,5;13,6;14,7;14,3;13,9;13,5;96;94;94;252;5,1;1,4;
2021/06/20;1300 UTC;0;943,8;943,8;943,4;583,7;14,9;13,2;15;14,5;13,9;12,9;95;89;90;250;5,3;1,7;
2021/06/20;1400 UTC;0;943,8;943,9;943,8;717,2;15,1;13,5;15,1;14,6;13,5;12,7;90;88;90;240;5,7;1,5;
2021/06/20;1500 UTC;0;943,5;943,8;943,4;886,7;16,5;13,3;16,6;15;13,6;12,8;90;81;81;215;5;1,3;
2021/06/20;1600 UTC;0;942,6;943,5;942,6;1957,9;18,7;13,3;18,7;16,5;13,7;12,4;82;69;71;279;5,9;2,2;
2021/06/20;1700 UTC;0;942;942,6;942;2358,2;19,5;12,4;20;18,3;13,8;12;71;62;63;272;6;2,7;
2021/06/20;1800 UTC;0;941,4;942;941,4;1775,6;19,9;12,8;20,2;19,2;13,2;12;65;62;64;299;6;1,9;
2021/06/20;1900 UTC;0;941,3;941,4;941,3;1152,3;19,5;12,3;20,2;19,1;12,9;12,1;66;61;63;302;4,9;1,8;
2021/06/20;2000 UTC;0;941,5;941,5;941,2;724,4;18,7;12,3;20;18,7;12,8;12;66;62;66;322;4,4;1,5;
2021/06/20;2100 UTC;0;942;942;941,5;69,7;17,6;12,6;18,7;17,5;12,6;12,1;73;66;73;300;3,3;1,3;
2021/06/20;2200 UTC;0;942,2;942,3;942;;16,3;12,5;17,7;16,3;12,6;12,5;79;72;79;319;3,6;1,1;
2021/06/20;2300 UTC;0;942,7;942,7;942,3;;14,7;12,8;16,4;14,6;12,8;12,3;88;77;88;321;2,5;,5;
2021/06/21;0000 UTC;0;943;943,1;942,7;;14,1;12,3;14,8;14,1;12,8;12,3;91;88;89;199;1,2;,3;
2021/06/21;0100 UTC;0;943,2;943,3;943;;14,2;12,2;14,3;13,8;12,4;12,1;90;87;88;296;1,7;,8;
2021/06/21;0200 UTC;0;943,4;943,4;943,2;;14;12,2;14,4;14;12,3;12,1;89;86;89;333;2,2;,5;
2021/06/21;0300 UTC;0;943,6;943,6;943,4;;13,8;12,2;14,1;13,8;12,3;12,1;90;88;90;125;1,3;,3;
2021/06/21;0400 UTC;0;943,8;943,9;943,6;;14,4;12,4;14,4;13,7;12,4;12,1;91;88;88;299;,7;,5;
2021/06/21;0500 UTC;0;943,3;943,9;943,3;;14,8;12,9;15;14,4;13;12,4;89;85;88;117;1,3;,6;
2021/06/21;0600 UTC;0;942,9;943,3;942,9;;14,6;12,1;15,2;14,6;12,9;12,1;89;82;85;205;2,4;,3;
2021/06/21;0700 UTC;0;942,7;943;942,7;;13,1;12;14,6;13,1;12,3;11,9;93;85;93;129;2,1;,7;
2021/06/21;0800 UTC;0;942,7;942,9;942,4;;14;11,9;14,4;13;12,1;11,8;93;85;87;110;5,1;1,4;
2021/06/21;0900 UTC;0;942,8;943;942,7;;13,5;12;14,1;13,5;12,1;11,8;91;87;91;107;4,5;1,7;
2021/06/21;1000 UTC;0;943,4;943,4;942,7;;13,2;11,9;13,5;13,2;12;11,8;92;90;92;122;5,6;2,4;
2021/06/21;1100 UTC;0;943,6;943,7;943,3;87,6;13,3;11,9;13,3;13;11,9;11,8;92;91;91;98;7;2,3;
2021/06/21;1200 UTC;0;944;944,1;943,6;550,8;15;12,1;15;13,3;12,1;11,8;91;82;83;104;6,6;2,7;
2021/06/21;1300 UTC;0;944,6;944,6;944;1189,9;17;12,6;17;15;12,7;11,8;83;74;75;122;6,4;2,8;
2021/06/21;1400 UTC;0;944,4;944,7;944,3;1729,9;19,6;13,5;19,6;16,9;13,5;12,2;76;66;68;111;6,5;2;
2021/06/21;1500 UTC;0;943,7;944,4;943,7;2142;21,2;12,9;21,2;19,3;13,4;12,4;68;59;59;65;5,9;2,2;
2021/06/21;1600 UTC;0;943,2;943,8;943,2;2313,7;22,2;13,3;22,4;21;13,3;12,3;59;55;57;64;5;1,9;
2021/06/21;1700 UTC;0;942,3;943,2;942,3;2074,6;23;13,1;23,2;21,8;13,8;12,6;59;53;54;57;4,6;1,6;
2021/06/21;1800 UTC;0;941,8;942,3;941,8;1619,8;22,7;14;23,7;22,6;14,2;12,7;58;52;58;110;4,7;1,6;
2021/06/21;1900 UTC;0;941,7;941,8;941,6;930,4;22,6;13,7;23,2;22,6;14,3;13,4;59;55;57;44;3,9;1,2;
2021/06/21;2000 UTC;0;941,7;941,8;941,5;372,1;21,9;14,3;23;21,9;15;13,8;65;57;62;107;2,4;,9;
2021/06/21;2100 UTC;0;941,8;941,8;941,7;102,7;20,8;13,9;21,9;20,8;14,4;13,9;65;62;65;76;2,2;,6;
2021/06/21;2200 UTC;0;941,8;941,9;941,7;;20,4;13,9;20,9;19,8;14,4;13,8;71;64;66;58;1,5;,6;
2021/06/21;2300 UTC;0;942,1;942,2;941,8;;20,2;13,5;20,6;20,2;14;13,5;66;64;65;77;1,9;,7;
2021/06/22;0000 UTC;0;942,2;942,2;942,1;;19,7;13,9;20,3;19,7;14;13,4;70;65;69;108;2,7;1,1;
2021/06/22;0100 UTC;0;942,3;942,3;942,1;;19;14,1;19,7;19;14,1;13,9;73;69;73;99;2,7;,9;
2021/06/22;0200 UTC;0;942,5;942,6;942,3;;19,4;13,6;19,4;19;14,1;13,6;73;70;70;73;2,4;1,1;
2021/06/22;0300 UTC;0;942,3;942,5;942,2;;18,4;15,1;20,2;18,4;15,1;13,3;81;65;81;133;2,4;1,3;
2021/06/22;0400 UTC;0;942,4;942,5;942,3;;17,1;14,5;18,4;17,1;15,2;14,2;87;81;85;135;2,3;,7;
2021/06/22;0500 UTC;0;942;942,5;942;;17,5;13,5;17,8;17;14,6;13,4;86;76;78;100;2,1;1,1;
2021/06/22;0600 UTC;0;941,8;942;941,7;;17,1;13,8;17,8;17,1;13,8;13,1;81;74;81;102;3,3;1,5;
2021/06/22;0700 UTC;0;941,9;942,2;941,7;;15,4;14,7;17,1;15,3;14,7;13,8;96;81;96;156;3,2;,9;
2021/06/22;0800 UTC;0;941,7;942;941,7;;15,3;14,3;15,6;15,2;14,8;14,3;96;93;94;141;3;1,1;
2021/06/22;0900 UTC;0;942,1;942,1;941,6;;15,4;14,4;15,8;15,2;14,6;14,2;94;91;93;159;3,3;1;
2021/06/22;1000 UTC;0;942,6;942,6;942,1;;15,2;14,5;15,4;15,1;14,6;14,3;96;93;96;131;3,5;1;
2021/06/22;1100 UTC;0;943,3;943,3;942,6;55,6;15,3;14,6;15,3;14,9;14,6;14,3;97;95;96;117;2,5;1;
2021/06/22;1200 UTC;0;944,1;944,1;943,3;448,4;17;15,3;17;15,3;15,6;14,6;96;88;90;137;3,3;,8;
2021/06/22;1300 UTC;0;944,4;944,4;944,1;463,4;18;15,2;18;16,9;15,7;15;91;83;84;98;2,6;1,6;
2021/06/22;1400 UTC;0;944,6;944,7;944,4;1201,9;20,5;16,3;20,5;18;16,5;15;84;77;77;141;3,7;1,9;
2021/06/22;1500 UTC;0;944,3;944,6;944,3;1923,7;22,4;16,6;22,6;19,7;17,2;15,5;80;68;70;147;4;1,8;
2021/06/22;1600 UTC;0;943,7;944,3;943,7;1677,3;23,1;16,8;23,4;21,6;17,2;16;73;65;68;146;3,5;1,4;
2021/06/22;1700 UTC;0;942,9;943,8;942,9;1889,8;23,7;16,8;24,7;23,1;17,5;16,4;68;62;65;186;3,6;,9;
2021/06/22;1800 UTC;0;942,7;942,9;942,6;1016,1;23,4;17;24,1;23,2;17,5;16,5;69;64;67;157;3,5;,9;
2021/06/22;1900 UTC;0;942,5;942,7;942,3;1291,7;23,4;17;25;23;17,4;16,4;69;62;67;150;4,4;1,3;
2021/06/22;2000 UTC;0;942,7;942,7;942,3;751,2;22;16,7;24,1;22;17,2;16,6;72;65;72;144;4,1;1,6;
2021/06/22;2100 UTC;0;942,9;942,9;942,7;105,4;20,6;16;22;20,6;16,8;15,9;75;71;75;141;4,4;1,3;
2021/06/22;2200 UTC;0;943,1;943,1;942,9;;19,5;16,5;20,6;19,5;16,5;15,7;83;75;83;142;3,6;1,1;
2021/06/22;2300 UTC;0;943,5;943,5;943,1;;19,1;16,9;19,8;19,1;17;16,5;87;83;87;138;3,6;1,2;
2021/06/23;0000 UTC;0;943,8;943,8;943,5;;19,1;17,1;19,5;18,7;17,2;16,8;90;86;88;118;3,1;1,1;
2021/06/23;0100 UTC;0;943,9;943,9;943,8;;19,1;17,3;19,3;18,7;17,4;17;91;88;89;145;5,5;1,9;
2021/06/23;0200 UTC;0;944,3;944,3;943,8;;18,2;17,2;19,1;18,2;17,4;17,2;94;89;94;131;5,5;2,1;
2021/06/23;0300 UTC;0;944,2;944,3;944,1;;17,5;17;18,2;17,5;17,3;17;97;94;97;128;5,6;2,6;
2021/06/23;0400 UTC;0;944,4;944,4;944,2;;17,1;16,4;17,5;17,1;17;16,4;97;96;96;129;6,9;3,1;
2021/06/23;0500 UTC;0;944;944,5;944;;16,6;16,1;17,1;16,5;16,5;16,1;97;96;97;120;8;2,8;
2021/06/23;0600 UTC;0;944,1;944,2;943,8;;16,5;15,9;16,7;16,4;16,1;15,9;97;96;96;141;8,5;2,8;
2021/06/23;0700 UTC;0;944;944,2;943,9;;15,2;14,1;16,5;15,2;15,9;14,1;97;92;93;125;8,4;2,4;
2021/06/23;0800 UTC;0;944;944,2;943,9;;14,6;13,5;15,2;14,6;14,1;13,4;93;91;93;138;6,2;2;
2021/06/23;0900 UTC;0;944;944,2;943,9;;14,3;13,2;14,7;14,3;13,5;13,1;94;92;93;137;9;2,6;
2021/06/23;1000 UTC;0;944,4;944,4;943,9;;14,1;12,9;14,4;14;13,2;12,8;94;91;92;149;7,6;2,4;
2021/06/23;1100 UTC;0;944,9;944,9;944,4;73,3;14,8;12,8;14,8;14;13,1;12,7;93;88;88;150;7;1,8;
2021/06/23;1200 UTC;0;945,7;945,7;944,9;738,5;16,2;13;16,2;14,8;13,4;12,7;89;81;82;122;7,5;2,8;
2021/06/23;1300 UTC;0;946;946;945,6;1441,1;17,3;13,1;17,4;16,1;13,4;12,8;83;76;76;129;8,8;3,6;
2021/06/23;1400 UTC;0;945,9;946,1;945,9;1988,5;18,8;13,5;19;17,2;14;13,1;78;70;71;112;8,6;4;
2021/06/23;1500 UTC;0;945,6;945,9;945,6;2341;21;13,8;21,6;18,8;14,7;13,4;72;63;63;129;8,6;3,1;
2021/06/23;1600 UTC;0;944,6;945,6;944,6;2473;22,2;14;22,4;20,5;14,7;13,4;66;59;60;121;6,3;3;
2021/06/23;1700 UTC;0;943,8;944,6;943,8;2385,9;22,3;13,7;23;21,7;14,8;13,5;61;58;58;130;7,7;3;
2021/06/23;1800 UTC;0;943;943,8;943;2096,3;23,3;14,6;23,4;22,2;14,6;13,7;60;56;58;132;6,1;2,1;
2021/06/23;1900 UTC;0;942,6;943;942,6;1519,5;22,8;13,8;23,4;22,8;14,2;12,9;58;53;57;115;5,9;2,3;
2021/06/23;2000 UTC;0;942,7;942,7;942,4;780,5;21,7;13,3;22,8;21,7;14;13;59;55;59;129;5,2;2,2;
2021/06/23;2100 UTC;0;942,8;942,9;942,7;64;19,9;12,9;21,7;19,8;13,5;12,9;65;59;64;141;4,7;1,7;
2021/06/23;2200 UTC;0;942,7;942,9;942,7;;19,3;12,9;20,2;19,2;13;12,8;67;63;67;119;4,7;2,1;
2021/06/23;2300 UTC;0;942,8;942,8;942,6;;18,3;12,5;19,3;18,2;12,9;12,4;69;66;69;127;5,6;2,1;
2021/06/24;0000 UTC;0;943,6;943,6;942,8;;17,9;12;18,5;17,6;12,5;12;70;68;69;126;5,5;2,5;
2021/06/24;0100 UTC;0;943,6;943,6;943,5;;17,2;11,4;17,9;17;12;11,4;70;67;69;125;7,3;2,6;
2021/06/24;0200 UTC;0;944,1;944,1;943,5;;16,2;11,5;17,3;15,7;11,5;11,1;75;67;74;149;6;1,6;
2021/06/24;0300 UTC;0;943,9;944,3;943,8;;15,9;12,1;16,7;15,7;12,1;11,4;79;71;78;120;6,7;2,6;
2021/06/24;0400 UTC;0;943,2;943,8;943,1;;15,4;12,2;15,9;15,3;12,2;12;82;78;81;128;8,6;3,5;
2021/06/24;0500 UTC;0;942,4;943,2;942,4;;14,8;12,1;15,4;14,8;12,2;12,1;84;81;84;95;8,6;2,3;
2021/06/24;0600 UTC;0;940,9;942,4;940,9;;14,4;11,9;14,8;14,4;12,2;11,9;86;84;85;105;6,4;2,2;
2021/06/24;0700 UTC;0;940;941;940;;14,2;11,8;14,5;14,1;12;11,8;86;84;86;104;5,5;1,9;
2021/06/24;0800 UTC;0;939,9;940,2;939,8;;14,2;11,8;14,4;13,9;11,9;11,8;87;85;86;110;5,2;1,8;
2021/06/24;0900 UTC;0;939,8;939,9;939,6;;15;11,8;15;14;11,9;11,7;86;81;81;97;5,4;2,3;
2021/06/24;1000 UTC;0;939,7;939,9;939,5;;16,6;11,4;16,7;14,9;11,8;11,3;82;70;71;59;8,2;3,4;
2021/06/24;1100 UTC;0;940,7;940,7;939,7;91;16,5;12,1;16,6;15,9;12,1;11,4;76;71;75;74;7,8;2,4;
2021/06/24;1200 UTC;0;941;941,1;940,7;686,1;18;12,7;18,1;16,5;12,9;12,1;75;71;71;59;8;3,5;
2021/06/24;1300 UTC;0;941,6;941,7;941,1;1352;19,3;13,1;19,3;18;13,3;12,8;72;67;67;55;10,1;3,9;
2021/06/24;1400 UTC;0;942,1;942,2;941,6;1943,8;21,6;13,8;21,8;19,3;14,2;13,1;68;60;61;37;10,1;2,1;
2021/06/24;1500 UTC;0;941,8;942,1;941,8;2313,3;23,3;13,8;23,3;21,4;14,4;13,2;61;55;55;33;7,4;2,8;
2021/06/24;1600 UTC;0;941,2;941,8;941,2;2349;24,7;13,8;25,1;22,9;14,4;13,2;56;50;51;25;7,2;2,3;
2021/06/24;1700 UTC;0;940,4;941,3;940,4;2301,9;26,2;13,7;26,2;24,7;14,2;13,1;51;46;46;7;6,2;2,3;
2021/06/24;1800 UTC;0;939,7;940,4;939,7;1981,6;26,9;12,5;27,5;26,2;13,9;12,5;46;41;41;9;5,5;2,1;
2021/06/24;1900 UTC;0;939,3;939,7;939,3;1446,7;27;13,7;27,6;26,8;13,9;12,5;45;41;44;6;5,2;1,9;
2021/06/24;2000 UTC;0;939,2;939,3;939,1;745,7;26;13,8;27,2;26;14;13,4;47;43;47;9;5,4;1,8;
2021/06/24;2100 UTC;0;939,3;939,3;939,1;68,6;24,5;14;26;24,5;14;13,7;52;47;52;32;3,9;1;
2021/06/24;2200 UTC;0;939,5;939,5;939,3;;23,6;14,1;24,5;23,4;14,2;14;56;52;55;39;2,6;1,3;
2021/06/24;2300 UTC;0;939,9;939,9;939,5;;23,7;13,9;23,9;23,5;14,1;13,8;55;54;54;19;2,9;1,4;
2021/06/25;0000 UTC;0;940,2;940,2;939,9;;23,5;13,6;23,9;23,4;13,9;13,6;55;53;54;19;3,5;1,4;
2021/06/25;0100 UTC;0;940;940,2;939,9;;23,8;13,3;23,8;23,4;13,6;13,3;54;52;52;21;3,5;1,5;
2021/06/25;0200 UTC;0;940,1;940,1;939,9;;23,7;13;24,2;23,6;13,2;12,9;52;50;51;16;3,9;1,9;
2021/06/25;0300 UTC;0;939,9;940,1;939,9;;23,6;12,8;23,7;23,3;13,2;12,8;53;51;51;20;4,3;1,8;
2021/06/25;0400 UTC;0;939,9;939,9;939,9;;22,9;12,8;23,6;22,8;12,9;12,8;54;51;53;35;5,2;1,8;
2021/06/25;0500 UTC;0;939,7;939,9;939,6;;22,6;12,8;22,9;22,5;12,9;12,8;54;53;54;31;4,1;1,8;
2021/06/25;0600 UTC;0;939;939,7;939;;22,3;12,8;22,6;22,1;12,9;12,7;55;54;55;37;5,9;2,3;
2021/06/25;0700 UTC;0;939;939;938,9;;22,6;12,7;22,8;22,2;12,8;12,7;55;53;54;32;5,9;1,7;
2021/06/25;0800 UTC;0;939,2;939,2;939;;21,9;13;22,6;21,8;13;12,7;57;54;57;37;4,5;1,9;
2021/06/25;0900 UTC;0;939,6;939,6;939,2;;21,2;13,1;22;21,2;13,1;13;60;57;60;6;4,6;2,2;
2021/06/25;1000 UTC;0;940,2;940,2;939,6;;21;13;21,2;21;13,1;13;60;60;60;17;5,4;1,9;
2021/06/25;1100 UTC;0;940,9;940,9;940,2;82,7;21,3;13;21,4;21;13;12,9;60;58;59;27;5,8;2,3;
2021/06/25;1200 UTC;0;941,6;941,6;940,9;581,2;21,6;13;21,6;21,3;13,2;12,8;59;58;58;17;6,5;2,9;
2021/06/25;1300 UTC;0;942;942,1;941,6;1284,6;22,8;13,5;22,9;21,6;13,5;12,8;59;53;56;16;6,9;2,9;
2021/06/25;1400 UTC;0;942,2;942,3;942;1753,5;24;13,9;24,6;22,8;14,2;12,9;56;51;53;2;6,9;2,3;
2021/06/25;1500 UTC;0;942,1;942,2;942,1;2140,9;26;14,3;26,6;23,9;15,3;13,9;55;47;49;343;5,5;2;
2021/06/25;1600 UTC;0;941,7;942,1;941,7;2240,3;27,3;15,3;27,4;25,9;15,5;14,3;50;46;48;21;5,1;1,6;
2021/06/25;1700 UTC;0;940,8;941,7;940,8;2077,4;27,9;14,7;28,4;26,7;15,5;13,9;48;41;44;32;4,7;,9;
2021/06/25;1800 UTC;0;940,3;940,8;940,3;1776,1;28,6;13,8;28,8;27,7;15,1;13,3;45;39;40;277;3,9;,8;
2021/06/25;1900 UTC;0;940,1;940,4;940,1;1297,4;28,3;14,8;29,1;27,9;15,4;13,5;44;40;44;290;3,3;1,1;
2021/06/25;2000 UTC;0;940,3;940,3;940,1;678,9;26,8;13,7;28,5;26,8;14,8;13,3;46;40;45;288;3,5;1,2;
2021/06/25;2100 UTC;0;940,2;940,3;940,2;95,3;23,8;14;26,8;23,8;14,1;13,3;54;43;54;306;2,8;,6;
2021/06/25;2200 UTC;0;940,4;940,4;940,2;;22,6;13,7;23,7;22,4;14;13,7;58;54;57;301;1,4;,4;
2021/06/25;2300 UTC;0;940,6;940,6;940,4;;21,9;13,7;22,6;21,9;13,7;13,6;60;57;60;85;,6;,1;
2021/06/26;0000 UTC;0;940,7;940,8;940,6;;21,6;13,6;21,9;21,5;13,7;13,6;61;60;60;31;,9;,6;
2021/06/26;0100 UTC;0;940,7;940,7;940,6;;21,7;13,7;22,1;21,4;13,8;13,6;62;59;60;93;1,6;,8;
2021/06/26;0200 UTC;0;940,8;940,9;940,7;;22,1;13,2;23,2;21,4;13,7;13,1;61;53;57;96;2,1;1;
2021/06/26;0300 UTC;0;940,8;940,9;940,8;;23;12,8;23,1;21,9;13,3;12,8;58;53;53;98;3,2;1,2;
2021/06/26;0400 UTC;0;940,7;940,9;940,6;;21,8;13,3;23,6;21,7;13,3;12,8;59;51;58;105;3,9;,8;
2021/06/26;0500 UTC;0;940,5;940,8;940,5;;22,3;13,7;22,4;21,6;13,8;13,3;60;58;58;96;3,6;1,4;
2021/06/26;0600 UTC;0;940;940,5;940;;22,5;13,1;22,7;22,1;13,7;13,1;58;55;56;80;3,9;1,5;
2021/06/26;0700 UTC;0;939,9;940,1;939,9;;21,1;13,4;22,5;21,1;13,4;13,1;61;56;61;91;3,9;1,6;
2021/06/26;0800 UTC;0;939,8;939,9;939,8;;21,2;13,5;21,6;21,1;13,5;13,4;62;60;62;80;5,8;2,5;
2021/06/26;0900 UTC;0;939,9;940;939,8;;21;13,7;21,2;20,8;13,7;13,5;63;62;63;73;6,9;2,7;
2021/06/26;1000 UTC;0;940,4;940,4;939,9;;20,8;13,9;21,1;20,7;14;13,7;65;63;65;65;6,9;2,7;
2021/06/26;1100 UTC;0;940,9;940,9;940,4;75,4;21,4;13;21,4;20,6;13,9;12,9;65;59;59;58;8,3;3,4;
2021/06/26;1200 UTC;0;941,5;941,5;940,9;657,5;22,4;12,8;22,4;21,3;13;12,6;59;54;55;62;8,6;3,5;
2021/06/26;1300 UTC;0;942,1;942,1;941,5;1347,4;23,9;13,1;23,9;22,4;13,1;12,4;55;50;51;52;7,2;3,1;
2021/06/26;1400 UTC;0;942;942,2;942;1915,9;25,1;13,4;25,1;23,8;13,5;12,7;51;47;48;35;7,9;3,4;
2021/06/26;1500 UTC;0;941,7;942;941,7;2269,4;26,1;13,5;26,1;24,9;13,6;12,7;48;44;46;41;8,2;3,2;
2021/06/26;1600 UTC;0;941;941,7;941;2372,1;27,2;13;27,3;26,1;13,7;12,6;46;41;42;31;7,8;2,9;
2021/06/26;1700 UTC;0;940,3;941,1;940,3;2242,6;27,8;12,9;27,8;27;13,4;12,5;42;40;40;42;6,7;2,7;
2021/06/26;1800 UTC;0;939,6;940,3;939,6;1948;28,4;12;28,6;27,5;13;11,8;40;36;36;49;6,1;2,4;
2021/06/26;1900 UTC;0;939,1;939,7;939,1;1476,6;28,3;11,4;28,8;28,1;12,4;11,2;38;34;35;40;5,7;2,1;
2021/06/26;2000 UTC;0;939,1;939,1;939;669,5;27,2;10,6;28,4;27,2;11,6;10,4;36;33;35;36;7,7;2;
2021/06/26;2100 UTC;0;939,3;939,3;939;96;25,5;11,1;27,2;25,5;11,1;10,5;40;35;40;45;5,3;1,5;
2021/06/26;2200 UTC;0;939,4;939,4;939,2;;24,7;10,8;25,5;24,6;11;10,7;42;40;42;54;4,1;1,6;
2021/06/26;2300 UTC;0;939,5;939,5;939,4;;24,5;10,7;24,7;24,5;10,8;10,6;42;41;42;50;4,1;1,6;
2021/06/27;0000 UTC;0;940,1;940,1;939,5;;24;10,7;24,7;23,8;10,7;10,6;44;41;43;48;4;1,5;
2021/06/27;0100 UTC;0;940,2;940,2;940,1;;24;10,6;24,1;23,7;10,8;10,6;44;43;43;38;3,6;1,5;
2021/06/27;0200 UTC;0;940,4;940,5;940,1;;24,2;10,7;24,4;23,8;10,7;10,6;43;42;42;28;4;1,6;
2021/06/27;0300 UTC;0;940,5;940,5;940,3;;23,1;10,8;24,2;23,1;10,8;10,6;46;42;46;37;4,1;1,6;
2021/06/27;0400 UTC;0;940,7;940,7;940,5;;22,7;10,9;23,3;22,7;10,9;10,8;47;45;47;46;4,5;1,8;
2021/06/27;0500 UTC;0;940,6;940,8;940,6;;22;11,3;22,7;21,8;11,3;10,9;51;47;51;55;5,4;2,6;
2021/06/27;0600 UTC;0;940,1;940,6;940,1;;21,3;11,6;22;21,1;11,7;11,3;55;51;54;45;6;2,7;
2021/06/27;0700 UTC;0;939,8;940,2;939,7;;20,3;11,9;21,3;20,2;11,9;11,6;59;54;58;49;7,2;2,9;
2021/06/27;0800 UTC;0;939,8;939,8;939,7;;20,2;11,6;20,9;20,2;11,9;11,6;59;56;58;45;9,2;3,1;
2021/06/27;0900 UTC;0;940,1;940,1;939,7;;19,7;11,4;20,2;19,5;11,7;11,4;61;58;59;30;9,7;2,8;
2021/06/27;1000 UTC;0;940,7;940,7;940,1;;19,3;11,3;19,7;19,2;11,4;11,3;60;59;60;41;7,4;2,2;
2021/06/27;1100 UTC;0;941;941;940,7;79,5;19,3;11,2;19,5;19,1;11,3;11,2;60;59;60;52;7,6;2,8;
2021/06/27;1200 UTC;0;941,6;941,7;941;631,8;20,2;11,2;20,2;19,3;11,3;11,1;60;56;56;34;9,1;2,7;
2021/06/27;1300 UTC;0;941,9;941,9;941,6;1369,3;21,6;11,6;21,6;20,2;11,7;10,9;56;53;53;43;8,5;3,2;
2021/06/27;1400 UTC;0;941,6;941,9;941,5;1969,9;22,9;12,1;22,9;21,4;12,3;11,4;54;51;51;31;8,4;3,6;
2021/06/27;1500 UTC;0;941,2;941,6;941,1;2330,1;24,9;12,3;24,9;22,8;12,5;11,8;51;45;45;20;8,1;3,4;
2021/06/27;1600 UTC;0;940,4;941,2;940,3;2449,6;26,4;11,3;26,5;24,7;12,4;11,3;46;39;39;33;8,4;3,3;
2021/06/27;1700 UTC;0;939,4;940,4;939,4;2347,9;27,7;11,9;27,8;26,1;12,3;11,1;41;37;37;21;8,5;2,5;
2021/06/27;1800 UTC;0;938,9;939,4;938,9;2028,7;27,8;11,4;28,1;27,1;12,2;10,8;38;35;36;9;7,5;2,7;
2021/06/27;1900 UTC;0;938,8;939;938,7;1504;27,7;10,8;28,2;27,4;11,7;10,2;37;33;35;349;6,7;2,3;
2021/06/27;2000 UTC;0;938,8;938,9;938,7;782,7;26,4;10,2;27,7;26,4;10,9;10,1;36;34;36;11;6,2;2,1;
2021/06/27;2100 UTC;0;939,2;939,2;938,8;74,4;25,1;10,5;26,5;25,1;10,7;10,2;40;36;40;12;6,2;1,3;
2021/06/27;2200 UTC;0;939,6;939,6;939,2;;23,6;10,7;25,3;23,5;10,8;10,5;45;39;44;28;3,6;1,2;
2021/06/27;2300 UTC;0;940;940,1;939,6;;23,6;10,2;23,8;23,5;10,7;10,2;44;42;43;36;3,8;1,6;
2021/06/28;0000 UTC;0;940,2;940,3;940;;23,3;9,3;23,7;23,2;10,2;9,3;43;41;41;39;5;2;
2021/06/28;0100 UTC;0;940,8;940,8;940,2;;23,2;8,6;23,3;23;9,4;8,6;42;39;39;36;5,3;2,3;
2021/06/28;0200 UTC;0;941;941;940,8;;22,7;8,1;23,2;22,7;8,6;8,1;40;39;39;37;5,6;2;
2021/06/28;0300 UTC;0;941,1;941,1;940,9;;21,9;8,5;22,7;21,9;8,6;8;42;39;42;39;6,1;2,2;
2021/06/28;0400 UTC;0;941,3;941,3;941;;20,7;8,7;21,9;20,6;8,7;8,5;46;42;46;338;6;2,1;
2021/06/28;0500 UTC;0;941,4;941,6;941,2;;18,5;9,7;20,8;18,3;9,8;8,7;57;46;57;318;5;1,6;
2021/06/28;0600 UTC;0;941,4;941,5;941,2;;15,6;11,3;18,6;15,6;11,3;9,2;76;55;76;297;5,8;2,3;
2021/06/28;0700 UTC;0;941,4;941,6;941,4;;14,6;13,8;15,6;14,4;13,8;11,3;95;76;95;278;5;1,1;
2021/06/28;0800 UTC;0;941,6;941,8;941,3;;13,8;13,5;14,6;13,8;13,9;13,5;98;95;98;240;2,6;,9;
2021/06/28;0900 UTC;0;941,3;941,7;941,3;;13,1;13,1;13,9;13;13,7;13;100;98;100;154;2,5;,4;
2021/06/28;1000 UTC;0;942;942;941,3;;13,3;13,3;13,5;13;13,5;13;100;100;100;112;1;,3;
2021/06/28;1100 UTC;0;942,7;942,7;942;91,4;14,5;14,5;14,5;13,3;14,5;13,3;100;100;100;229;2;,8;
2021/06/28;1200 UTC;0;943,3;943,4;942,7;738;15;13,9;16,2;14,5;15,6;13,9;100;90;93;152;2,8;1,1;
2021/06/28;1300 UTC;0;943,8;943,9;943,3;1367;16,1;14,6;17,3;14,6;15,6;14;98;85;91;328;3,2;1,1;
2021/06/28;1400 UTC;0;944,3;944,3;943,7;1553,6;16,2;14,7;18,1;16;15,4;14,3;91;82;91;281;4,9;2,5;
2021/06/28;1500 UTC;0;943,8;944,3;943,8;1449,3;17,9;15,1;18;15,5;15,5;14,2;95;83;84;353;5;,8;
2021/06/28;1600 UTC;0;943,7;943,8;943,6;2272,1;19,2;14,8;19,7;17,5;16;14,4;84;76;76;301;4,8;2,1;
2021/06/28;1700 UTC;0;942,6;943,7;942,6;2263,7;20,5;15,6;20,5;18,9;15,8;14,8;78;72;74;320;5,3;1,7;
2021/06/28;1800 UTC;0;942,7;942,8;942,5;1908,9;20,4;15,1;21;19,8;15,8;14,6;74;70;72;283;7,1;3;
2021/06/28;1900 UTC;0;942,8;942,8;942,5;1386;20,1;14,4;20,4;19,8;14,9;14,2;72;69;70;270;7,2;3,2;
2021/06/28;2000 UTC;0;943;943;942,8;537,8;18,9;12,8;20,4;18,9;14,7;12,8;71;67;68;284;7,6;3,1;
2021/06/28;2100 UTC;0;943,8;943,8;943;78,8;15,8;11,4;18,9;15,8;12,7;11,4;75;67;75;276;8;2,9;
2021/06/28;2200 UTC;0;944,2;944,2;943,7;;14,4;11,1;15,8;14,2;11,4;11;82;75;81;270;8,3;2,8;
2021/06/28;2300 UTC;0;944,5;944,5;944;;13,8;10,9;14,4;13,8;11,1;10,8;83;79;83;278;6,5;2,4;
2021/06/29;0000 UTC;0;945,4;945,4;944,5;;13,1;9,3;13,8;13,1;10,9;9,2;83;76;77;265;9,2;3,1;
2021/06/29;0100 UTC;0;946;946;945,4;;11,9;8,5;13,1;11,9;9,3;8,4;80;77;80;258;8,5;2,4;
2021/06/29;0200 UTC;0;946,4;946,5;946;;10,9;8,1;11,9;10,9;8,5;8,1;83;79;83;246;8,4;2,4;
2021/06/29;0300 UTC;0;946,6;946,8;946,4;;10,4;8,1;11;10,4;8,2;7,8;86;82;86;235;8,5;2,9;
2021/06/29;0400 UTC;0;946,6;946,8;946,3;;10,1;8,4;10,5;10;8,6;8,1;91;86;90;219;8,7;2,3;
2021/06/29;0500 UTC;0;946,7;946,9;946,4;;9,2;8,3;10,1;9,2;8,6;8,3;94;89;94;229;7,6;2,7;
2021/06/29;0600 UTC;0;946,1;946,8;946,1;;8,5;8,2;9,2;8,5;8,6;8,2;98;94;98;240;7,5;2,2;
2021/06/29;0700 UTC;,2;946,3;946,4;946,1;;7,4;7,3;8,5;7,4;8,2;7,3;100;98;99;236;8;2,7;
2021/06/29;0800 UTC;0;946,4;946,6;946,2;;6,7;5,7;7,4;6,7;7,3;5,7;99;93;94;223;9,2;2,2;
2021/06/29;0900 UTC;,2;946;946,4;945,7;;6,2;5,7;6,7;6,2;6,1;5,7;98;94;96;206;6,1;1,5;
2021/06/29;1000 UTC;0;946,5;946,5;945,5;;6;5,4;6,2;5,9;5,8;5,2;97;96;96;220;5,3;1,5;
2021/06/29;1100 UTC;0;947,4;947,4;946,5;54,5;5,9;5,3;6,1;5,8;5,6;4,9;96;93;96;220;6,6;1,5;
2021/06/29;1200 UTC;,2;948;948;947,3;195;6,2;5,9;6,2;5,9;5,9;5,3;98;96;98;235;4,1;1;
2021/06/29;1300 UTC;0;948,5;948,5;948;639,6;8,5;7,4;8,5;6,2;7,4;5,6;98;89;93;190;5,2;1,2;
2021/06/29;1400 UTC;0;948,9;948,9;948,5;1982,5;10,9;5,5;10,9;8,2;7,4;4,7;93;69;70;233;5,9;2,2;
2021/06/29;1500 UTC;0;948,5;948,9;948,5;2389,1;12,1;1,4;12,8;10,7;6,3;,1;74;42;48;180;7,7;1,6;
2021/06/29;1600 UTC;0;947,8;948,6;947,8;2148,6;12,4;2,4;13,4;11;2,8;,4;52;42;51;231;8,1;1,5;
2021/06/29;1700 UTC;0;947;947,9;947;2200,4;13,2;1,6;14,5;12,4;3,1;-,2;50;38;45;228;6,9;1,5;
2021/06/29;1800 UTC;0;946,7;947,2;946,6;1193,6;13,5;-1,3;14,5;12,9;1,9;-1,3;46;36;36;245;6,8;2,2;
2021/06/29;1900 UTC;0;946,9;946,9;946,6;542,2;10,7;1,3;13,6;10,7;1,6;-1,4;52;35;52;252;6,6;2,1;
2021/06/29;2000 UTC;0;947,1;947,3;946,8;414,6;9,9;1,2;10,7;9,9;2,1;,8;56;52;55;249;6;1,3;
2021/06/29;2100 UTC;0;947;947,3;947;97,8;9,2;1,9;9,9;9,2;2,5;1,3;63;55;60;263;4,7;1,4;
2021/06/29;2200 UTC;0;947,2;947,2;946,8;;9,2;1,5;9,4;9;2,2;1,3;62;57;58;267;4,2;1,6;
2021/06/29;2300 UTC;0;947,6;947,6;947,1;;8,8;1,6;9,2;8,7;1,9;1,3;62;58;61;261;4,7;2,1;
2021/06/30;0000 UTC;0;947,5;947,6;947,3;;7,5;,9;8,8;7,4;1,7;,8;63;60;63;254;4,8;1,7;
2021/06/30;0100 UTC;0;947,8;947,8;947,5;;6,4;1,1;7,5;6,3;1,2;,9;70;63;69;247;5,2;1,7;
2021/06/30;0200 UTC;0;947,9;948;947,8;;5,7;1,2;6,6;5,2;1,3;,9;75;68;73;240;4,8;1,7;
2021/06/30;0300 UTC;0;947,7;947,9;947,6;;5;,6;5,7;4,9;1,2;,5;74;72;73;234;5,4;1,3;
2021/06/30;0400 UTC;0;947,4;947,8;947,3;;4,5;,2;5,2;4,5;,7;,1;74;71;74;197;5,4;,9;
2021/06/30;0500 UTC;0;947,1;947,4;947,1;;4,4;,3;4,6;3,8;,5;,1;78;73;75;181;4,1;,8;
2021/06/30;0600 UTC;0;946,5;947,2;946,5;;3,9;,2;4,4;3,7;,4;0;78;74;77;182;3,8;,8;
2021/06/30;0700 UTC;0;946,3;946,6;946,2;;3,7;-,2;4,2;3,5;,3;-,2;78;75;76;139;3,3;,5;
2021/06/30;0800 UTC;0;946,1;946,3;946;;3;0;3,7;3;,1;-,3;81;76;80;191;2,1;,4;
2021/06/30;0900 UTC;0;946;946,2;945,9;;2,4;-,1;3,3;2,4;,2;-,2;83;78;83;146;2,8;,4;
2021/06/30;1000 UTC;0;946,4;946,5;946;;1,9;-,2;2,4;1,8;0;-,3;87;83;86;155;2,8;,6;
2021/06/30;1100 UTC;0;946,8;946,9;946,4;70,8;3,9;,2;3,9;1,9;,2;-,8;86;77;77;158;3,3;,9;
2021/06/30;1200 UTC;0;947,6;947,6;946,9;672,8;6,5;-,1;6,8;3,9;,9;-,1;77;63;63;155;3,6;1,5;
2021/06/30;1300 UTC;0;948,3;948,3;947,6;1344,1;8,4;,5;9,2;6,2;1,3;-,1;65;55;58;154;4,3;1,4;
2021/06/30;1400 UTC;0;948,3;948,5;948,3;2127,9;11,7;,5;11,7;8,3;1,8;-,5;61;46;46;166;3,8;1;
2021/06/30;1500 UTC;0;947,8;948,3;947,7;2538,6;13,4;,3;13,7;10,7;1,3;-,7;50;38;41;182;5,1;1,6;
2021/06/30;1600 UTC;0;946,9;947,8;946,9;2675,3;15,8;-,9;16,2;13,3;1,6;-1,3;43;32;32;162;4,1;1,3;
2021/06/30;1700 UTC;0;946,1;946,9;946,1;2573,7;16,6;-1,8;17,4;15;,6;-2,3;35;27;28;125;3,4;1,1;
2021/06/30;1800 UTC;0;945,6;946,1;945,6;2229,4;17,4;-2;17,7;16;-,4;-3,3;31;25;27;146;3,9;1,2;
2021/06/30;1900 UTC;0;945,4;945,6;945,4;1668,5;17,5;-2,1;18,3;17;-,9;-3,6;28;23;26;137;4,3;1,3;
2021/06/30;2000 UTC;0;945,2;945,5;945,2;909,8;15,6;-1,8;17,8;15,6;-1,1;-3,7;31;23;30;178;3,3;,7;
2021/06/30;2100 UTC;0;945,6;945,6;945,2;53,6;13;-1,1;15,6;12,9;-,3;-1,8;40;30;38;221;2,8;,5;
2021/06/30;2200 UTC;0;946;946;945,6;;10,5;-,1;13;10,5;0;-1,1;48;38;48;298;1,8;,3;
2021/06/30;2300 UTC;0;946,6;946,6;946;;9,8;,2;10,5;9,8;,3;-,1;51;48;51;205;1,7;,3;
2021/07/01;0000 UTC;0;946,9;947;946,6;;10;-,2;10;9,2;,6;-,2;55;49;49;153;3,7;1,4;
2021/07/01;0100 UTC;0;947,2;947,2;946,9;;10,3;,1;10,3;9,4;,3;-,3;53;48;49;131;4,3;1,6;
2021/07/01;0200 UTC;0;947,3;947,4;947,2;;9,3;,8;10,6;8,9;,9;,1;57;49;55;116;4;1,3;
2021/07/01;0300 UTC;0;947,2;947,5;947,2;;9,8;1,1;9,9;8,3;1,3;,6;60;54;55;119;6,1;3;
2021/07/01;0400 UTC;0;947,2;947,3;947,2;;8,6;-,3;9,8;8,5;1,1;-,4;57;52;54;138;6,8;2,5;
2021/07/01;0500 UTC;0;947,2;947,2;947;;8,1;1,5;8,8;7,8;1,5;-,3;64;53;63;143;7,8;2,4;
2021/07/01;0600 UTC;0;946,2;947,2;946,1;;7,2;2,2;8,1;7,1;2,3;1,4;71;63;70;152;7,4;2,2;
2021/07/01;0700 UTC;0;946,1;946,2;946,1;;6,5;2,6;7,3;6,5;2,6;2,1;76;70;76;133;7,5;3,3;
2021/07/01;0800 UTC;0;946,2;946,4;946,1;;6,2;3,3;6,6;6;3,4;2,5;82;76;81;134;6,6;2,6;
2021/07/01;0900 UTC;0;946,5;946,6;946,2;;6,1;4;6,6;5,7;4;3,3;87;81;86;148;9,4;2,6;
2021/07/01;1000 UTC;0;947;947,1;946,5;;6,4;4,1;6,4;6;4,2;3,8;86;85;85;142;8,8;3,1;
2021/07/01;1100 UTC;0;947,4;947,5;947;73,2;7,5;4,6;7,5;6,2;4,7;4,1;87;81;82;148;8,7;2,9;
2021/07/01;1200 UTC;0;947,9;947,9;947,4;840,8;9,6;5,1;9,6;7,5;5,3;4,4;82;73;74;137;8,9;3,7;
2021/07/01;1300 UTC;0;948,5;948,5;947,9;1578,6;12,3;4,6;12,5;9,6;5,9;4,6;74;59;59;124;9;4,8;
2021/07/01;1400 UTC;0;948,4;948,6;948,4;2164,1;15,2;4,4;15,3;12,3;5,2;4,1;61;48;49;118;9,7;4;
2021/07/01;1500 UTC;0;947,7;948,4;947,7;2540,6;17,7;2,7;18,2;15,1;4,9;2,7;49;37;37;114;9,7;3,4;
2021/07/01;1600 UTC;0;947;947,8;947;2664,8;19,5;2,7;19,9;17,5;3,9;2,1;38;33;33;120;8;2,8;
2021/07/01;1700 UTC;0;946,2;947,1;946,2;2567;20;1,2;20,4;19;3,1;,7;34;28;29;118;7,9;3;
2021/07/01;1800 UTC;0;945,6;946,3;945,6;2216,1;20,8;1,3;20,8;19,8;2,1;0;30;26;27;124;7;2,6;
2021/07/01;1900 UTC;0;945,3;945,6;945,3;1661,6;20,2;,7;20,9;20,2;1,7;-,2;29;25;27;129;6,3;2,6;
2021/07/01;2000 UTC;0;945,3;945,4;945,3;912,9;19;,4;20,2;19;1,4;,2;29;27;29;123;6;1,9;
2021/07/01;2100 UTC;0;945,3;945,4;945,3;63,5;16,3;1,5;19;16,3;1,7;,1;37;28;37;125;4,3;1,2;
2021/07/01;2200 UTC;0;945,6;945,7;945,3;;15,3;,9;16,3;14,5;1,7;,9;42;37;38;110;2,9;1,1;
2021/07/01;2300 UTC;0;946;946;945,6;;14,3;1,3;16,2;14,3;1,8;,8;41;35;41;120;3,3;1,2;
2021/07/02;0000 UTC;0;946,1;946,2;946;;14,2;1,3;15,4;13,7;1,5;,6;43;37;41;126;3,9;1,4;
2021/07/02;0100 UTC;0;946,2;946,2;946,1;;15;2,6;15,2;14;2,6;1,2;43;39;43;122;5,1;2,4;
2021/07/02;0200 UTC;0;946,2;946,3;946,1;;12,2;3;15,2;12,2;3,1;2,6;53;43;53;157;5,6;1,3;
2021/07/02;0300 UTC;0;946,5;946,5;946,2;;12,8;7,4;12,8;11,8;7,4;3;70;53;70;130;8,3;4;
2021/07/02;0400 UTC;0;946,3;946,5;946,2;;12;8,7;12,8;11,8;8,9;7,3;81;70;81;129;9,7;3,2;
2021/07/02;0500 UTC;0;946;946,4;945,9;;11,8;9;12;11,7;9,1;8,7;84;81;83;116;8;2,7;
2021/07/02;0600 UTC;0;945,7;946;945,6;;11,4;8,9;11,9;11,2;9,1;8,7;86;82;84;127;7,8;2,5;
2021/07/02;0700 UTC;0;945,5;945,7;945,5;;11,4;8,7;12;11,4;9;8,6;84;81;83;123;6,8;2,7;
2021/07/02;0800 UTC;0;945,5;945,5;945,4;;11,2;8,6;11,5;11,1;8,9;8,6;85;83;84;112;6,7;1,9;
2021/07/02;0900 UTC;0;945,7;945,8;945,4;;11,7;8,3;11,7;11,1;8,7;8,3;85;80;80;93;5,3;2;
2021/07/02;1000 UTC;0;946,1;946,1;945,7;;12;7,9;12,4;11,7;8,3;7,9;80;74;76;102;5,7;2,2;
2021/07/02;1100 UTC;0;946,4;946,4;946,1;73,9;13,3;7,9;13,3;12,1;7,9;7,8;76;70;70;97;7,3;2,7;
2021/07/02;1200 UTC;0;947;947;946,4;747,9;15,8;8,5;15,8;13,3;8,5;7,8;70;61;62;107;6,5;2,5;
2021/07/02;1300 UTC;0;947,6;947,6;946,9;1465;19;8,5;19,1;15,8;9,1;8,1;62;50;51;72;7,3;3,1;
2021/07/02;1400 UTC;0;947,8;947,8;947,6;2026,4;20,6;9,2;20,6;19;9,4;8,4;51;48;48;56;7,9;2,4;
2021/07/02;1500 UTC;0;947,1;947,8;947,1;2379,6;22,1;9,8;22,6;20,4;10,6;9;48;45;46;19;6,5;2,2;
2021/07/02;1600 UTC;0;946,5;947,1;946,4;2515,4;23,9;10,3;24;21,9;10,7;9,8;47;42;42;40;5,9;2,3;
2021/07/02;1700 UTC;0;945,8;946,5;945,8;2405,4;24,8;10,2;25,2;23,3;10,8;9,6;44;38;40;10;6;1,9;
2021/07/02;1800 UTC;0;945,2;945,9;945,2;2076;25,4;9,9;26,1;24,5;10,8;9,7;41;36;37;353;6;1,7;
2021/07/02;1900 UTC;0;944,9;945,2;944,9;1513,9;25,3;9;26,4;25;10;8,5;37;33;36;343;5,3;1,6;
2021/07/02;2000 UTC;0;944,9;945;944,8;842,1;24,1;8,2;26;24,1;9,8;8,2;37;34;36;334;5,2;1,7;
2021/07/02;2100 UTC;0;944,9;945;944,8;73,4;21,3;8,6;24,1;21,3;8,6;7,9;44;36;44;351;3,9;,8;
2021/07/02;2200 UTC;0;945,2;945,2;944,8;;19,9;8,6;21,4;19,6;8,8;8,4;49;44;48;24;2,1;1;
2021/07/02;2300 UTC;0;946;946;945,1;;18,9;8,6;20,4;18,8;8,7;8,1;52;45;51;308;2;,2;
2021/07/03;0000 UTC;0;946,4;946,4;946;;18,5;8,6;19;18,3;8,7;8,4;53;51;53;60;1,1;,3;
2021/07/03;0100 UTC;0;946,5;946,5;946,3;;17,4;8,6;18,5;17,3;8,7;8,3;57;52;56;240;3,9;,6;
2021/07/03;0200 UTC;0;946,3;946,5;946,2;;17,1;9,4;17,8;16,8;9,4;8,5;61;56;61;244;2,3;,7;
2021/07/03;0300 UTC;0;946,2;946,3;946,1;;16,4;9,2;17,1;16,4;9,5;9,2;63;61;63;155;1,6;,5;
2021/07/03;0400 UTC;0;945,8;946,2;945,8;;16,1;9;16,4;16,1;9,3;8,9;64;62;63;231;1,3;,3;
2021/07/03;0500 UTC;0;945,4;945,9;945,4;;16,1;9;16,2;15,9;9,1;8,9;64;63;63;225;1,3;,5;
2021/07/03;0600 UTC;0;945;945,4;945;;15,6;9,1;16,2;15,6;9,2;8,9;66;63;65;154;1,1;,4;
2021/07/03;0700 UTC;0;944,7;945;944,7;;15,9;8,9;15,9;15,5;9,2;8,8;66;63;63;105;1,8;1,1;
2021/07/03;0800 UTC;0;944,7;944,7;944,5;;16,6;8,6;16,6;15,7;9;8,6;64;59;59;111;2,3;1,4;
2021/07/03;0900 UTC;0;944,9;944,9;944,6;;16,4;8,6;16,7;15,2;9;8,5;66;59;60;96;3;1,3;
2021/07/03;1000 UTC;0;946;946;944,9;;15,5;8,7;17,2;15,3;8,8;8,5;65;57;64;79;3,4;1;
2021/07/03;1100 UTC;0;946,4;946,4;946;78,3;17,2;8,9;17,2;15;8,9;8,6;66;58;58;117;2,3;1;
2021/07/03;1200 UTC;0;946,8;946,8;946,4;723,9;20;9,6;20;17,2;9,8;8,9;59;50;51;57;3,5;1,5;
2021/07/03;1300 UTC;0;947,1;947,1;946,7;1424,4;21,7;9,8;21,7;20;10,1;9,1;51;45;47;69;4,5;1,9;
2021/07/03;1400 UTC;0;947,2;947,4;947,1;2008,3;22,8;9,8;23,2;21,4;10,4;9,3;47;43;44;352;4,7;2;
2021/07/03;1500 UTC;0;946,8;947,3;946,8;2372,5;24,5;9,8;24,6;22,6;10,3;8,9;45;38;39;37;4;1,5;
2021/07/03;1600 UTC;0;945,9;946,8;945,9;2506,4;25,2;8,8;25,8;24;9,9;8,5;40;34;35;313;4,9;2,1;
2021/07/03;1700 UTC;0;944,9;945,9;944,9;2401,3;25,9;7,9;26,6;24,9;10,1;7,3;37;30;32;234;6;1,6;
2021/07/03;1800 UTC;0;944,3;944,9;944,3;2073,6;26,7;6,8;26,9;25,7;8,8;6,8;33;28;28;230;3,9;1,1;
2021/07/03;1900 UTC;0;944,1;944,4;944;1546,4;26,4;6,8;26,8;25,6;8,5;5,7;33;27;29;229;3,8;1,1;
2021/07/03;2000 UTC;0;944,1;944,1;943,9;857,6;24,2;6,4;26,4;24,2;7,5;5,5;32;27;32;274;3,5;,3;
2021/07/03;2100 UTC;0;944,5;944,5;944,1;72;21,9;6,2;24,2;21,9;7,5;5,9;38;31;36;280;2,5;,8;
2021/07/03;2200 UTC;0;944,9;944,9;944,5;;19,5;7,9;21,9;19,5;8,1;5,9;47;36;47;196;1,9;,5;
2021/07/03;2300 UTC;0;945,2;945,3;944,9;;17,8;8;19,9;17,8;8,1;7,6;53;46;53;156;2,1;,3;
2021/07/04;0000 UTC;0;945,1;945,4;945,1;;17,1;6,9;17,8;16,9;8,1;6,7;55;50;51;121;1,2;,4;
2021/07/04;0100 UTC;0;945,2;945,2;945,1;;16,6;6,8;17,1;16,6;6,8;6,5;53;50;53;155;1,5;,4;
2021/07/04;0200 UTC;0;945,2;945,2;945;;16;7;16,6;16;7,2;6,8;56;53;55;243;1,4;,3;
2021/07/04;0300 UTC;0;945,1;945,3;945,1;;16,7;7,1;16,8;15,7;7,2;6,9;56;53;53;136;4,6;1,4;
2021/07/04;0400 UTC;0;944,7;945,1;944,7;;17,9;7,7;18,6;16,6;7,9;6,9;54;49;51;133;4,6;1,8;
2021/07/04;0500 UTC;0;944,5;944,7;944,5;;16,8;7,8;18,5;16,7;7,8;7,4;56;49;55;147;5,4;1,4;
2021/07/04;0600 UTC;0;944,7;944,7;944,4;;14,5;8;16,8;14,5;8,2;7,8;65;55;65;157;5,2;2;
2021/07/04;0700 UTC;0;944,4;944,7;944,2;;14;9,9;14,5;13,3;10;8;77;65;77;126;10,3;3,6;
2021/07/04;0800 UTC;0;944,3;944,4;944,2;;13,7;10,4;14,5;13,5;10,5;9,9;82;76;81;124;9,5;2,4;
2021/07/04;0900 UTC;0;944,7;944,8;944,3;;12,5;10,8;13,7;12,2;10,8;10,2;90;81;90;139;5,9;1,4;
2021/07/04;1000 UTC;0;945,3;945,3;944,7;;11,3;10,4;12,7;11,3;10,9;10,3;94;88;94;169;5,4;1,1;
2021/07/04;1100 UTC;0;946;946;945,3;82,5;12,6;11,3;12,6;11,2;11,3;10,4;97;91;92;162;5,6;1,9;
2021/07/04;1200 UTC;0;946,7;946,8;946;712,2;14,1;11,5;14,3;12,6;11,9;11,3;92;84;84;134;7,3;3;
2021/07/04;1300 UTC;0;947,2;947,2;946,7;1427,4;16,4;11,8;16,4;14,1;12;11,5;85;74;74;126;7,8;3,4;
2021/07/04;1400 UTC;0;947,1;947,2;947;2001,1;19,4;11,9;19,6;16,4;12,6;11,7;75;61;62;122;6,3;3;
2021/07/04;1500 UTC;0;946,8;947,2;946,8;2291,7;20,9;11,8;21,2;19,4;12,3;11;63;55;56;114;6,5;2,7;
2021/07/04;1600 UTC;0;945,9;946,8;945,9;2443,4;23,5;11,7;23,5;20,8;12,7;11,3;56;47;48;117;5,6;2,3;
2021/07/04;1700 UTC;0;944,9;945,9;944,9;2350,3;24,6;10;24,8;23;12,1;9,5;49;40;40;98;5,1;1,8;
2021/07/04;1800 UTC;0;944,6;945;944,5;1967,2;24,4;9,3;24,8;23,6;10,5;8,7;43;37;38;57;4,8;1,2;
2021/07/04;1900 UTC;0;944,4;944,6;944,3;1501,4;24;8,4;25,1;24;10,3;8,4;41;37;37;94;4,2;1,9;
2021/07/04;2000 UTC;0;944,3;944,4;944,3;868,6;22,7;9,8;24,4;22,7;10;8,5;45;37;44;130;4;1,4;
2021/07/04;2100 UTC;0;944,9;944,9;944,3;128,1;21,4;9,7;22,7;21,4;10,1;9,7;48;44;48;109;3,7;1,6;
2021/07/04;2200 UTC;0;945,1;945,1;944,9;;20,4;10;21,4;20,1;10,1;9,5;51;48;51;107;4;1,6;
2021/07/04;2300 UTC;0;945,5;945,5;945,1;;19,5;10,2;20,4;19,5;10,3;10;55;51;55;112;4,8;1,6;
2021/07/05;0000 UTC;0;945,7;945,8;945,5;;19,5;9,5;20,1;19,3;10,3;9,5;55;51;52;100;4,2;1,6;
2021/07/05;0100 UTC;0;946,1;946,1;945,7;;16,4;10,1;19,7;16,4;10,2;9,5;66;52;66;147;4,2;,7;
2021/07/05;0200 UTC;0;946,2;946,2;946,1;;15,9;10,5;16,5;15,5;10,5;9,8;71;66;70;113;3,6;1,5;
2021/07/05;0300 UTC;0;946,3;946,4;946,1;;15,5;11,7;16,2;15,1;11,8;10,5;78;69;78;132;8;2,8;
2021/07/05;0400 UTC;0;946,1;946,4;946,1;;14,9;12;15,6;14,9;12,2;11,7;83;78;83;123;7,3;2,9;
2021/07/05;0500 UTC;0;946;946,2;946;;14,5;11,8;15;14,2;12;11,8;86;82;84;124;8;2,7;
2021/07/05;0600 UTC;0;945,7;946;945,7;;13,6;11,6;14,5;13,6;11,9;11,6;89;84;88;136;8;1,9;
2021/07/05;0700 UTC;0;945,6;945,8;945,6;;13,1;11,5;13,6;13,1;11,8;11,5;91;88;90;129;5,7;2,5;
2021/07/05;0800 UTC;0;945,6;945,6;945,5;;12,6;11,3;13,3;12,5;11,6;11,2;93;89;92;127;5,7;2;
2021/07/05;0900 UTC;0;945,9;945,9;945,5;;12,3;11,1;12,8;12,2;11,4;11;93;91;93;132;4,8;1,3;
2021/07/05;1000 UTC;0;946,7;946,7;945,9;;11,6;10,8;12,3;11,6;11,2;10,6;95;92;95;133;3,7;1,3;
2021/07/05;1100 UTC;0;947,5;947,5;946,7;91,8;12,7;11,2;12,8;11,3;11,3;10,5;96;90;90;133;4,6;2,2;
2021/07/05;1200 UTC;0;947,9;947,9;947,5;639,9;14,6;11,5;14,7;12,7;11,9;11,2;91;82;82;117;5;2,4;
2021/07/05;1300 UTC;0;948,4;948,4;947,9;1339,9;16,9;11,9;17;14,6;12,1;11,5;83;71;72;120;5,6;2,2;
2021/07/05;1400 UTC;0;948,1;948,4;948,1;1859,2;20,5;10,4;20,6;16,9;12,8;10,4;73;52;52;101;4,7;2,3;
2021/07/05;1500 UTC;0;947,6;948,2;947,6;2255,3;22,4;9,3;22,5;20,4;10,7;9,3;52;43;43;41;5,4;1,9;
2021/07/05;1600 UTC;0;946,9;947,7;946,9;2445,1;22,7;9,1;23,7;22,2;10,2;8,5;46;40;42;12;5,3;2,3;
2021/07/05;1700 UTC;0;946,1;947;946,1;2357,7;24;8,7;24,1;22,5;10,1;8,3;44;37;38;50;5,1;1,5;
2021/07/05;1800 UTC;0;945,4;946;945,4;2053,1;24,5;8,4;25;23,7;9,1;7,6;38;35;36;75;3,6;1,2;
2021/07/05;1900 UTC;0;945,1;945,5;945;1309;23,7;8,3;24,9;23;9,2;7,4;38;34;37;137;3,5;1,1;
2021/07/05;2000 UTC;0;945,2;945,2;945;761,2;22,1;9,3;24,4;22,1;9,7;8,1;44;36;44;256;2,1;,4;
2021/07/05;2100 UTC;0;945,4;945,5;945,2;82,2;19,4;8,8;22;19,4;9,6;8,8;51;44;50;289;1,3;,2;
2021/07/05;2200 UTC;0;945,6;945,6;945,4;;19;8,3;19,4;18,9;8,9;8,3;51;50;50;61;,6;,1;
2021/07/05;2300 UTC;0;946,2;946,2;945,6;;18;8,8;19,1;18;8,8;8,1;55;49;55;208;1,7;,4;
2021/07/06;0000 UTC;0;946,4;946,5;946,2;;17,5;11;18;17,5;11;8,9;66;55;66;156;3,1;,8;
2021/07/06;0100 UTC;0;946,7;946,7;946,4;;17,1;11,5;17,9;16,8;11,6;11;71;64;70;139;3,1;1;
2021/07/06;0200 UTC;0;946,7;946,8;946,7;;16,2;11,4;17,3;16,2;11,6;11,2;73;69;73;137;3,2;1,1;
2021/07/06;0300 UTC;0;946,6;946,8;946,5;;17,5;11,3;17,5;16;11,4;11,1;74;67;67;114;4,7;2,1;
2021/07/06;0400 UTC;0;946,4;946,6;946,3;;17,1;10,8;18;16,6;11,3;10,6;70;63;66;119;6,1;2,1;
2021/07/06;0500 UTC;0;946,1;946,4;946,1;;16,4;10,8;17,2;15,9;11,3;10,7;73;66;70;121;6,5;3,6;
2021/07/06;0600 UTC;0;945,7;946,1;945,7;;15,3;11,4;16,4;14,9;11,5;10,7;79;70;77;123;8,5;3,2;
2021/07/06;0700 UTC;0;945,2;945,7;945,2;;14,8;11,6;15,5;14,2;11,7;11,4;84;77;81;127;8,5;2,1;
2021/07/06;0800 UTC;0;945,1;945,3;945,1;;13,8;11,6;14,8;13,7;11,8;11,5;87;81;87;132;6;1,6;
2021/07/06;0900 UTC;0;945,2;945,2;945;;13,2;11,6;14,2;13,1;11,9;11,5;91;85;90;134;5,5;1,1;
2021/07/06;1000 UTC;0;945,6;945,7;945,2;;12,4;11,6;13,6;12,2;11,8;11,1;96;88;95;138;3,6;1,2;
2021/07/06;1100 UTC;0;946,1;946,1;945,6;85,7;12,6;11,7;12,6;11,7;11,7;10,9;97;94;94;169;4,2;,9;
2021/07/06;1200 UTC;0;946,7;946,7;946,1;685,6;13,9;12,1;14,3;12,6;12,4;11,6;94;85;88;135;4;1,9;
2021/07/06;1300 UTC;0;947;947,1;946,7;1410,7;15,8;12,1;16,1;13,9;12,7;11,7;88;77;79;137;5;2,4;
2021/07/06;1400 UTC;0;946,8;947,1;946,8;1991,6;17,8;12,3;17,9;15,8;13,1;11,7;79;68;70;110;4,6;2,5;
2021/07/06;1500 UTC;0;946,1;946,8;946,1;2367,5;20,3;12,6;20,7;17,8;13,2;11,8;70;60;62;109;4,6;2,1;
2021/07/06;1600 UTC;0;945,2;946,2;945,2;2511;21,8;11;21,9;20,3;13,2;11;62;50;50;106;5,5;2,3;
2021/07/06;1700 UTC;0;944,2;945,2;944,2;2502,3;22,8;10,3;23,5;21,8;11,6;9,3;52;41;45;115;5,1;1,5;
2021/07/06;1800 UTC;0;943,6;944,2;943,6;1917,9;22,9;8,7;23,5;22;10;7,5;46;37;40;110;3,5;1,6;
2021/07/06;1900 UTC;0;943,2;943,6;943,2;1610;23,1;8,7;23,9;22,5;10;8,1;43;39;40;156;4,6;1,2;
2021/07/06;2000 UTC;0;943,1;943,2;943;874;21,4;8,3;23,1;21,4;9,3;8,1;44;40;43;139;3,6;1,5;
2021/07/06;2100 UTC;0;943,1;943,1;943;99,8;18,4;8,7;21,4;18,4;9;8,1;53;42;53;130;3,6;,7;
2021/07/06;2200 UTC;0;943,3;943,3;943;;17,1;8,7;18,4;17,1;8,9;8,6;58;53;58;156;2,6;,9;
2021/07/06;2300 UTC;0;943,8;943,8;943,3;;16,6;8,6;17,3;16,5;8,7;8,5;60;56;59;136;3,8;1,1;
2021/07/07;0000 UTC;0;944;944;943,8;;17,1;8,2;17,6;16,6;8,5;7,9;59;53;56;130;5,3;1,9;
2021/07/07;0100 UTC;0;944,2;944,2;943,9;;16,4;8,9;17,1;16,4;8,9;8,2;61;56;61;122;5,3;2,1;
2021/07/07;0200 UTC;0;944,4;944,5;944,2;;15,4;10,2;16,4;15,2;10,2;8,9;71;61;71;134;6,3;1,8;
2021/07/07;0300 UTC;0;944,3;944,5;944,3;;14,6;10,3;15,4;14,4;10,6;10,1;76;71;75;151;7,5;1,3;
2021/07/07;0400 UTC;0;943,9;944,3;943,9;;13,7;10,5;14,7;13,7;10,8;10,3;81;75;81;152;6,9;1,2;
2021/07/07;0500 UTC;0;943,6;944;943,6;;13,4;10,7;13,9;13,2;10,9;10,5;84;81;84;148;5,5;1,5;
2021/07/07;0600 UTC;0;943,3;943,6;943,3;;12,7;10,3;13,6;12,6;10,8;10,2;86;82;85;150;4,8;1,7;
2021/07/07;0700 UTC;0;943,1;943,3;943,1;;12,4;10,2;13,2;12,4;10,5;10,1;87;83;87;142;5,7;2,1;
2021/07/07;0800 UTC;0;943;943,1;942,9;;12,1;10,1;12,5;12;10,3;10;88;86;87;150;5,9;2,1;
2021/07/07;0900 UTC;0;943,2;943,2;943;;12;10;12,2;11,6;10,2;9,9;90;86;88;134;6,3;2,4;
2021/07/07;1000 UTC;0;944;944;943,2;;12;9,9;12,3;11,8;10,1;9,9;88;86;87;114;6,8;2,8;
2021/07/07;1100 UTC;0;944,8;944,8;943,9;85,7;12,2;10;12,3;11,8;10,2;9,9;89;86;86;121;7,8;2,8;
2021/07/07;1200 UTC;0;945,4;945,4;944,8;723,6;13,8;10,3;13,8;12,2;10,4;9,9;87;79;80;127;5,5;2,7;
2021/07/07;1300 UTC;0;945,9;945,9;945,4;1437,9;16,8;10,9;16,8;13,8;11,1;10,1;80;68;69;134;5,5;2,4;
2021/07/07;1400 UTC;0;945,7;945,9;945,7;2019,5;19,2;10,6;19,2;16,3;11;9,9;69;57;57;118;5,4;2,7;
2021/07/07;1500 UTC;0;945,3;945,7;945,3;2403,7;22,1;8,6;22,2;19,1;10,9;8,5;58;42;42;102;6;2,4;
2021/07/07;1600 UTC;0;944,6;945,3;944,6;2550,3;23,2;8,4;23,2;21,7;8,9;7,6;43;38;39;51;6,2;2,2;
2021/07/07;1700 UTC;0;943,7;944,6;943,7;2401,5;23,2;5,4;23,9;22,6;8,3;4,4;39;29;32;100;4,8;1,4;
2021/07/07;1800 UTC;0;942,9;943,7;942,9;2080,8;24,2;5,9;24,4;23,2;7,1;5,2;34;30;31;28;4,2;,8;
2021/07/07;1900 UTC;0;942,5;942,9;942,5;1544,3;24,1;6,5;24,8;23,7;7,9;5,5;36;30;32;106;3,3;,7;
2021/07/07;2000 UTC;0;942,5;942,5;942,4;865;21,7;7,8;24,1;21,7;7,9;6,1;41;32;41;158;2,5;,3;
2021/07/07;2100 UTC;0;942,6;942,7;942,5;81;18,9;7,2;21,7;18,9;8,1;6,5;47;39;46;52;1,1;,2;
2021/07/07;2200 UTC;0;942,8;942,8;942,6;;17,6;7,1;18,9;17,6;7,4;7;50;46;50;45;,9;,2;
2021/07/07;2300 UTC;0;943,1;943,1;942,8;;17,2;7,1;17,9;17,1;7,1;6,8;52;49;51;227;2,1;,5;
2021/07/08;0000 UTC;0;943,4;943,4;943,1;;16,2;7,1;17,2;16,1;7,2;6,9;55;51;55;158;3,1;,9;
2021/07/08;0100 UTC;0;943,4;943,4;943,3;;16,2;7,2;16,5;15,7;7,3;6,9;57;54;55;172;3,8;,8;
2021/07/08;0200 UTC;0;943,3;943,4;943,2;;16,1;6,9;16,4;15,2;7,2;6,8;59;53;54;108;3;,9;
2021/07/08;0300 UTC;0;943,1;943,4;943;;15,7;6,6;16,5;15;7;6,4;58;52;55;125;4,2;1,1;
2021/07/08;0400 UTC;0;943,3;943,4;943,1;;13,6;7,4;15,6;13,6;7,5;6,6;66;55;66;146;3;,5;
2021/07/08;0500 UTC;0;943;943,3;943;;14,9;9,2;14,9;13,2;9,4;7,4;73;64;69;130;5;2,2;
2021/07/08;0600 UTC;0;942,8;943,1;942,8;;12,4;9;15;12,4;9,6;8,8;80;69;80;172;5,5;,6;
2021/07/08;0700 UTC;0;942,5;942,8;942,5;;12,8;10;13,4;12;10,5;8,9;85;80;83;119;4;,9;
2021/07/08;0800 UTC;0;942,5;942,6;942,4;;11,9;10,2;13,8;11,4;10,6;9,5;91;81;89;148;5,2;1,4;
2021/07/08;0900 UTC;0;942,7;942,7;942,3;;11,4;10,8;12,4;10,9;10,8;9,9;96;88;96;152;4;1,3;
2021/07/08;1000 UTC;0;943,1;943,1;942,7;;10,7;10;12,1;10,7;11,3;9,9;97;91;95;187;4,7;,6;
2021/07/08;1100 UTC;0;943,7;943,7;943,1;84,6;12;11,4;12;10,2;11,4;9,7;99;95;96;209;2,4;,4;
2021/07/08;1200 UTC;0;944,2;944,2;943,7;738,3;14,5;11,8;14,6;12;12,1;11,2;96;83;84;109;3,9;1,8;
2021/07/08;1300 UTC;0;944,8;944,8;944,2;1470,6;15,9;11,6;16,3;14,6;12,2;11,4;84;74;76;135;4;2;
2021/07/08;1400 UTC;0;944,7;944,9;944,7;2053;19,1;12,6;19,2;15,8;12,8;11,7;78;64;66;172;3,8;1,4;
2021/07/08;1500 UTC;0;944,5;944,7;944,4;2426,2;20,8;12;20,9;18,6;12,7;11,3;66;56;57;163;4,5;1,2;
2021/07/08;1600 UTC;0;943,7;944,5;943,7;2566,2;21,9;9,2;22,2;20,5;12,2;9;57;44;44;144;5,8;2,3;
2021/07/08;1700 UTC;0;942,6;943,7;942,6;2473,7;22,9;9;23;21,2;9,6;7,6;45;38;41;145;5,7;1,1;
2021/07/08;1800 UTC;0;942;942,6;942;2109,7;23,3;8;23,5;22;9,3;7,3;42;37;38;229;5,3;1,1;
2021/07/08;1900 UTC;0;941,8;942;941,8;1584,6;22,8;7,8;23,5;22,5;8,5;7;39;35;38;140;3,4;,5;
2021/07/08;2000 UTC;0;941,6;941,8;941,6;897,1;21;6,9;22,8;21;8,4;6,7;41;36;40;206;2,4;,6;
2021/07/08;2100 UTC;0;941,8;941,8;941,6;75,1;17,9;7,3;21;17,9;7,7;6,8;50;40;50;202;1,9;,4;
2021/07/08;2200 UTC;0;942;942;941,7;;16,7;6,6;17,9;16,7;7,3;6,6;52;50;51;259;1,2;,5;
2021/07/08;2300 UTC;0;942,4;942,4;942;;16,2;6,6;16,8;16,2;6,7;6,5;53;51;53;212;1,2;,3;
2021/07/09;0000 UTC;0;942,9;942,9;942,4;;16;6,9;16,5;15,9;6,9;6,5;55;52;55;210;1,3;,4;
2021/07/09;0100 UTC;0;943,2;943,2;942,9;;14,6;6,8;16;14,6;7;6,6;60;54;60;152;2,2;,3;
2021/07/09;0200 UTC;0;943,2;943,3;943,1;;14,5;7,3;14,9;14,5;7,4;6,8;62;58;62;152;3,3;,9;
2021/07/09;0300 UTC;0;943,3;943,3;943,2;;13,9;7,9;14,6;13,7;7,9;7,3;68;62;67;145;2,8;,7;
2021/07/09;0400 UTC;0;943,1;943,4;943;;15,6;8;16,3;13,9;8,2;7,9;67;58;61;145;4,8;1,4;
2021/07/09;0500 UTC;0;942,8;943,1;942,7;;14,6;8,1;15,8;14,2;8,3;7,9;67;61;65;136;5,9;2,1;
2021/07/09;0600 UTC;0;942,3;942,8;942,3;;14,8;7,9;15,5;14,6;8,2;7,9;65;61;64;120;5,6;2;
2021/07/09;0700 UTC;0;941,8;942,3;941,8;;14,3;8;14,9;14,2;8,1;7,8;66;63;66;105;6,2;2,5;
2021/07/09;0800 UTC;0;941,7;941,8;941,7;;13,6;8,4;14,3;13,5;8,4;8;71;66;71;102;5,5;2,3;
2021/07/09;0900 UTC;0;941,9;941,9;941,6;;12,6;8,9;13,7;12,6;9;8,4;78;71;78;89;5,8;2,4;
2021/07/09;1000 UTC;0;942,3;942,3;941,9;;12,7;9,4;12,9;12,4;9,6;8,9;81;78;81;92;6,5;2,7;
2021/07/09;1100 UTC;0;942,8;942,8;942,3;86,3;13,6;9,7;13,7;12,6;9,7;9,4;81;77;77;90;5,6;2,6;
2021/07/09;1200 UTC;0;943,6;943,6;942,8;727,3;14,6;9,8;15;13,6;10,2;9,6;77;71;73;132;5,3;2,5;
2021/07/09;1300 UTC;0;944,2;944,2;943,6;1454,4;16,5;10,4;16,6;14,5;10,9;9,8;74;67;67;128;4,7;2,5;
2021/07/09;1400 UTC;0;944,2;944,3;944,2;2038,7;20;10,8;20,5;16,2;11,7;10,3;68;55;56;108;5,2;1,9;
2021/07/09;1500 UTC;0;944,1;944,3;944,1;2414,9;22,5;9,8;22,5;19,8;11,5;9,1;56;43;45;80;5,8;2,7;
2021/07/09;1600 UTC;0;943,5;944,2;943,5;2548;24;8,3;24,2;22,3;10,1;7,9;46;36;37;58;5,3;2;
2021/07/09;1700 UTC;0;942,5;943,5;942,5;2444,1;25,2;6,9;25,2;23,8;8,8;6,1;38;30;31;50;5,7;1,5;
2021/07/09;1800 UTC;0;941,9;942,6;941,9;2102,5;24,8;6,5;25,5;24,4;7,8;6,2;33;30;31;63;5,9;1,3;
2021/07/09;1900 UTC;0;941,6;941,9;941,5;1566,3;25,4;6,7;25,5;24,6;7,3;5,7;32;29;30;68;4,3;1,1;
2021/07/09;2000 UTC;0;941,4;941,6;941,4;886,8;23,2;7,1;25,5;23,2;7,1;5,5;36;29;36;107;4,5;,9;
2021/07/09;2100 UTC;0;941,5;941,5;941,4;82,9;20,5;6,8;23,2;20,5;7,2;5,9;41;33;41;47;2,6;,6;
2021/07/09;2200 UTC;0;941,6;941,7;941,5;;18,9;6,7;20,5;18,9;6,9;6,7;45;41;45;43;1,3;,5;
2021/07/09;2300 UTC;0;941,9;941,9;941,6;;18,4;6,3;18,9;18,3;6,7;6,3;46;44;45;91;,9;,3;
2021/07/10;0000 UTC;0;942,2;942,2;941,8;;18,3;6,6;18,5;18;6,7;6,3;47;45;46;79;1,7;,6;
2021/07/10;0100 UTC;0;942,6;942,6;942,2;;19,8;6,5;20,6;18,2;6,7;5,9;47;39;42;112;3,5;1,5;
2021/07/10;0200 UTC;0;942,8;942,8;942,6;;19,3;6,7;20;19,2;7;6,5;45;42;44;100;5;1,9;
2021/07/10;0300 UTC;0;942,9;943;942,8;;18,9;6,2;19,6;18,7;6,7;6,2;44;43;44;88;5,1;1,4;
2021/07/10;0400 UTC;0;942,8;942,9;942,8;;18,5;6,6;19,1;18,4;6,7;6;46;43;46;90;4,3;1,7;
2021/07/10;0500 UTC;0;942,6;942,9;942,6;;18;6,8;18,8;17,9;6,9;6,4;48;45;48;91;6,1;2,5;
2021/07/10;0600 UTC;0;942,2;942,7;942,2;;16,4;7,3;18;16,4;7,3;6,8;55;48;55;102;5,8;2,4;
2021/07/10;0700 UTC;0;941,7;942,2;941,7;;15,5;8,8;16,5;15,5;8,8;7,4;64;55;64;95;6,7;2,5;
2021/07/10;0800 UTC;0;941,8;941,8;941,7;;15;9,5;15,6;14,9;9,5;8,8;70;64;70;101;6,7;2,3;
2021/07/10;0900 UTC;0;942;942;941,7;;15;9,3;15,2;14,8;9,5;9,2;70;68;69;104;5,1;1,8;
2021/07/10;1000 UTC;0;942,8;942,8;942;;14,8;9,1;15,2;14,8;9,3;9;69;67;68;111;4,3;1,4;
2021/07/10;1100 UTC;0;943,3;943,3;942,8;85,3;16,3;8,9;16,3;14,2;9,2;8,9;71;62;62;91;5,1;1,9;
2021/07/10;1200 UTC;0;944,3;944,3;943,3;722,3;18,8;8,7;18,8;16,3;9;8,6;62;52;52;69;5,5;2,4;
2021/07/10;1300 UTC;0;944,8;944,8;944,3;1436,6;20,7;8,5;20,9;18,8;9,1;8,4;52;45;45;67;8,2;2,9;
2021/07/10;1400 UTC;0;944,9;945;944,8;2017,3;22,3;9;22,6;20,7;9,4;8,3;47;42;43;62;8,2;3,1;
2021/07/10;1500 UTC;0;944,7;944,9;944,7;2387,9;23,8;9,1;24,1;22,3;9,4;8,5;43;38;39;44;6,9;2,5;
2021/07/10;1600 UTC;0;944;944,7;944;2504,2;25,3;7,3;25,3;23,7;9,6;7,3;40;32;32;16;6,5;2;
2021/07/10;1700 UTC;0;943;944;943;2399;26,3;6,3;26,4;24,8;8,5;6,3;34;28;28;339;4,5;1,5;
2021/07/10;1800 UTC;0;942,4;943;942,4;2053,1;26,8;7,1;27,3;26,2;7,8;4,8;30;25;29;64;3,9;1,5;
2021/07/10;1900 UTC;0;942;942,5;941,9;1592,7;27;6,7;27,7;26,6;7,2;5,8;29;26;28;250;5,3;1,1;
2021/07/10;2000 UTC;0;942;942;941,9;696,8;24,2;8,4;27,1;24,2;8,4;5,9;37;27;37;225;3,3;,8;
2021/07/10;2100 UTC;0;942,1;942,1;942;128,6;21,8;7,7;24,2;21,8;8,6;7,6;40;37;40;272;2,2;,4;
2021/07/10;2200 UTC;0;942,3;942,3;942,1;;20,3;7,2;21,8;20,2;7,7;7,1;43;40;43;287;,8;,2;
2021/07/10;2300 UTC;0;942,9;942,9;942,3;;19,6;7,5;20,3;19,6;7,6;7,2;45;43;45;127;2,3;,4;
2021/07/11;0000 UTC;0;943,2;943,2;942,8;;18,8;7,9;19,6;18,7;8;7,5;49;45;49;153;1,9;,5;
2021/07/11;0100 UTC;0;943,6;943,6;943,2;;18,3;8,2;18,8;18,2;8,2;7,9;52;49;52;155;1,6;,6;
2021/07/11;0200 UTC;0;943,7;943,8;943,6;;18,2;8,6;18,5;18,1;8,6;8,1;54;51;53;143;2,3;,7;
2021/07/11;0300 UTC;0;943,5;943,7;943,5;;18,2;8,3;18,2;17,7;8,7;8,3;55;52;53;143;2,7;,7;
2021/07/11;0400 UTC;0;943,4;943,5;943,3;;17,4;8,5;18,5;17,4;8,6;8,2;56;52;56;164;2,3;,5;
2021/07/11;0500 UTC;0;943,2;943,4;943,2;;16,9;8,6;17,5;16,8;8,6;8,4;58;55;58;26;2,1;,3;
2021/07/11;0600 UTC;0;942,6;943,2;942,6;;15,8;8,6;16,9;15,7;8,7;8,4;62;58;62;149;2,5;,7;
2021/07/11;0700 UTC;0;942,3;942,7;942,2;;16,7;8,4;16,7;15,7;8,8;8,4;63;58;58;106;2,5;1;
2021/07/11;0800 UTC;0;942;942,3;941,9;;16,3;8,5;17,8;16,3;8,5;8;60;53;60;82;3;,8;
2021/07/11;0900 UTC;0;942,1;942,1;942;;15,7;8,3;16,5;15,7;8,7;8,3;62;59;62;116;1,9;,5;
2021/07/11;1000 UTC;0;942,6;942,6;942,1;;15,6;8,3;15,8;15,4;8,4;7,9;62;60;62;166;1,6;,4;
2021/07/11;1100 UTC;0;943,3;943,3;942,6;84,7;18,5;8,7;18,5;15,4;8,8;8,1;63;53;53;105;2;1,1;
2021/07/11;1200 UTC;0;944,2;944,3;943,3;712,4;19,8;9,1;19,9;18,5;9,3;8,6;53;49;50;121;3,1;1,6;
2021/07/11;1300 UTC;0;944,6;944,7;944,2;1421,3;21,4;9,4;21,4;19,8;10;8,7;51;46;46;114;3,1;1,8;
2021/07/11;1400 UTC;0;944,5;944,7;944,5;2004,7;23,3;9;23,7;21,1;9,9;8,7;47;39;40;140;4,5;1,8;
2021/07/11;1500 UTC;0;944,1;944,5;944;2377,1;24,4;8,2;24,8;22,9;9,5;7,5;42;34;36;132;3,8;1,3;
2021/07/11;1600 UTC;0;943,2;944,1;943,2;2491,7;25,7;8,1;26,5;24,4;9,3;6,8;37;29;33;196;3,5;,9;
2021/07/11;1700 UTC;0;942;943,3;942;2398,6;26;8,2;26,4;25;8,8;7,3;35;31;32;78;3,9;1,5;
2021/07/11;1800 UTC;0;941,6;942;941,5;2172,4;26,9;7,1;27,7;25,6;8,8;6,6;33;28;29;276;4,6;1,6;
2021/07/11;1900 UTC;0;941;941,6;941;1850,8;27;7,9;27,2;26,2;8,3;6,7;31;28;30;251;4,1;1,1;
2021/07/11;2000 UTC;0;941,1;941,1;941;965,1;24,6;7,5;27;24,6;8,5;6,9;34;29;33;306;3;1,4;
2021/07/11;2100 UTC;0;941,3;941,3;941,1;112,4;21,1;8,6;24,6;21,1;9;7,5;45;33;45;82;2,8;,3;
2021/07/11;2200 UTC;0;941,6;941,6;941,3;;20,1;7,3;21,1;20,1;8,6;7,3;45;44;44;221;1,2;,6;
2021/07/11;2300 UTC;0;941,8;941,8;941,5;;19,7;6,9;20,2;19,6;7,3;6,9;44;43;43;248;1,1;,4;
2021/07/12;0000 UTC;0;942,3;942,3;941,8;;18,4;7,5;19,8;18,4;7,7;6,8;49;43;49;143;1,9;,4;
2021/07/12;0100 UTC;0;942,4;942,5;942,3;;17,4;7,8;18,5;17,3;7,8;7,4;53;49;53;136;2,3;1,1;
2021/07/12;0200 UTC;0;942,8;942,8;942,4;;18,6;7,6;19;17,4;7,8;7,4;53;47;49;139;5,7;2;
2021/07/12;0300 UTC;0;942,8;942,8;942,7;;19,3;8,1;19,5;18,5;8,1;7,5;50;47;48;132;5,7;2,1;
2021/07/12;0400 UTC;0;942,5;942,8;942,4;;19,1;7,6;20,2;18,8;8;7,4;49;44;47;136;6,7;1,7;
2021/07/12;0500 UTC;0;942,3;942,5;942,3;;18,9;7,7;19,8;18,4;7,8;7,5;50;45;48;109;6;1,9;
2021/07/12;0600 UTC;0;942,1;942,3;942;;17,8;8,4;18,9;17,8;8,4;7,7;54;48;54;117;7,3;2,8;
2021/07/12;0700 UTC;0;941,7;942,1;941,6;;17,6;8,5;18;17,4;8,6;8,3;56;54;55;107;5,5;2,4;
2021/07/12;0800 UTC;0;941,6;941,7;941,5;;16,3;8,5;17,7;16,3;8,5;8,3;60;55;60;89;5,7;1,9;
2021/07/12;0900 UTC;0;942;942,1;941,6;;16,2;8,5;16,6;16;8,6;8,4;61;59;60;94;5,2;1,9;
2021/07/12;1000 UTC;0;942,7;942,7;942;;15,6;8,5;16,4;15,5;8,6;8,4;63;59;63;93;5,9;1,3;
2021/07/12;1100 UTC;0;943,5;943,5;942,7;80,5;17,4;8,1;17,4;15,5;8,5;8;63;55;55;88;4,8;1,8;
2021/07/12;1200 UTC;0;944,6;944,6;943,5;695,6;20;7,9;20;17,3;8,2;7,7;55;46;46;74;5,5;2,3;
2021/07/12;1300 UTC;0;945,4;945,4;944,6;1406,2;22,3;8,1;22,3;19,9;8,3;7,5;47;40;40;67;6,9;2,8;
2021/07/12;1400 UTC;0;945,6;945,6;945,4;1987,2;23,6;8;23,8;22,1;8,5;7,4;41;37;37;55;6,6;3,1;
2021/07/12;1500 UTC;0;945,1;945,6;945,1;2364,7;24,4;7,9;24,8;23,3;9;7,9;38;35;35;51;6,1;2,8;
2021/07/12;1600 UTC;0;944,5;945,1;944,4;2510;25,7;8,5;25,8;24,3;9,1;8,2;37;34;34;50;6,6;2,6;
2021/07/12;1700 UTC;0;943,4;944,5;943,4;2420,9;26,6;6,2;26,9;25,7;9,1;6;34;27;27;46;5,9;2,3;
2021/07/12;1800 UTC;0;942,8;943,4;942,8;2112,7;26,5;6,7;27,4;25,9;6,9;5,8;29;26;29;86;7;2,5;
2021/07/12;1900 UTC;0;942,3;942,8;942,2;1583,9;26,2;6,2;27;26,2;7;6;29;27;28;55;5,4;2,1;
2021/07/12;2000 UTC;0;942,3;942,3;942,1;898,7;25,3;5,8;26,5;25,3;6,5;5,6;29;27;29;49;5,1;1,4;
2021/07/12;2100 UTC;0;942,4;942,5;942,2;87,3;22,4;6,7;25,3;22,4;6,8;5,8;36;29;36;70;3,4;,5;
2021/07/12;2200 UTC;0;942,8;942,8;942,4;;20,7;6,8;22,4;20,7;7;6,7;41;36;40;36;1,3;,8;
2021/07/12;2300 UTC;0;943;943;942,8;;20,7;6,8;20,8;20,5;6,8;6,7;41;40;40;44;1,5;,7;
2021/07/13;0000 UTC;0;943,4;943,4;943;;21;6,3;21,3;20,3;6,9;6,2;42;38;38;37;1,7;,8;
2021/07/13;0100 UTC;0;943,9;943,9;943,4;;19,7;6,9;21;19,6;7;6,2;44;38;43;71;1,8;,8;
2021/07/13;0200 UTC;0;944;944,1;943,9;;19;6,9;20,6;18,9;7,1;6,7;46;41;45;72;2,3;,5;
2021/07/13;0300 UTC;0;943,9;944,1;943,8;;20,4;6,5;20,5;19;6,9;6,2;45;40;40;95;4;1,4;
2021/07/13;0400 UTC;0;943,8;943,9;943,7;;19,7;6,7;20,4;19,4;6,7;6,3;43;40;43;77;4;1,1;
2021/07/13;0500 UTC;0;943,8;943,9;943,7;;19,8;6,5;19,8;19,4;6,9;6,5;44;42;42;76;3,7;1,5;
2021/07/13;0600 UTC;0;943,6;943,8;943,5;;19,5;6,4;20,1;19,2;6,5;6,4;44;41;42;72;4,2;1,7;
2021/07/13;0700 UTC;0;943,5;943,6;943,4;;19,1;6,4;19,8;19;6,4;6,3;44;42;43;61;5,6;2,4;
2021/07/13;0800 UTC;0;943,6;943,6;943,4;;19,1;6,5;19,2;18,7;6,6;6,4;45;43;44;58;6,3;2,7;
2021/07/13;0900 UTC;0;943,7;943,7;943,6;;18,5;6,6;19,2;18,5;6,7;6,5;46;44;46;60;6,3;2,9;
2021/07/13;1000 UTC;0;944,1;944,1;943,7;;18,4;6,6;18,6;18,3;6,7;6,6;47;46;46;60;5,8;2,7;
2021/07/13;1100 UTC;0;944,6;944,6;944,1;78,4;19;6,7;19;18,4;6,7;6,6;46;45;45;66;6,1;2,3;
2021/07/13;1200 UTC;0;945,3;945,3;944,6;737,4;20,7;7;20,7;19;7,1;6,7;45;41;41;66;7,4;3,3;
2021/07/13;1300 UTC;0;945,7;945,7;945,3;1457,2;22,1;7,5;22,2;20,7;7,6;7;41;38;39;69;8,8;3,2;
2021/07/13;1400 UTC;0;945,6;945,8;945,6;2043,7;23,4;7,8;23,5;22,1;8;7,4;39;36;37;57;8,6;3,3;
2021/07/13;1500 UTC;0;945;945,7;945;2428,4;25;8,3;25,1;23,3;8,7;7,7;37;35;35;60;7,1;2,7;
2021/07/13;1600 UTC;0;944,3;945;944,3;2560;26,1;8,5;26,3;24,9;9,1;7,8;36;32;33;50;7,3;2,3;
2021/07/13;1700 UTC;0;943,3;944,3;943,3;2464,1;26,8;6,9;27,2;26;8,9;6,1;34;27;28;22;6,2;1,5;
2021/07/13;1800 UTC;0;942,9;943,3;942,8;2129,6;27,1;5,9;27,8;26,6;8;5,3;30;25;26;48;4,9;2;
2021/07/13;1900 UTC;0;942,3;942,9;942,3;1567,2;26,7;6,2;27,8;26,7;6,7;5,5;28;25;27;34;5,5;2,1;
2021/07/13;2000 UTC;0;942,5;942,5;942,3;800,3;25,9;5,8;27;25,9;6,6;5,7;28;26;28;67;5;1,5;
2021/07/13;2100 UTC;0;942,6;942,6;942,4;145;22,6;7,2;25,9;22,6;7,3;5,8;37;28;37;95;3,5;,6;
2021/07/13;2200 UTC;0;942,6;942,7;942,6;;21,5;6,9;22,6;21,5;7,1;6,8;39;36;39;52;1,2;,7;
2021/07/13;2300 UTC;0;943;943;942,6;;20,9;6,6;21,7;20,8;7;6,6;40;38;40;64;1,5;,8;
2021/07/14;0000 UTC;0;943,1;943,1;942,8;;22;6;22,1;20,7;6,8;6;40;35;36;38;2,3;1,1;
2021/07/14;0100 UTC;0;943,4;943,4;943,1;;21,7;6;22;20,6;6,5;5,8;39;35;36;50;3;1;
2021/07/14;0200 UTC;0;943,6;943,6;943,4;;21,5;6;21,8;21,4;6,2;6;37;36;37;35;2,9;1,1;
2021/07/14;0300 UTC;0;943,5;943,6;943,4;;21,5;5,9;21,6;21,1;6,1;5,8;37;36;36;71;4,3;1,4;
2021/07/14;0400 UTC;0;943,6;943,6;943,5;;20,3;6,3;21,5;20,3;6,3;5,9;40;36;40;84;5;1,4;
2021/07/14;0500 UTC;0;943,5;943,7;943,5;;20,2;6;20,5;20,1;6,4;5,9;41;39;40;73;5,1;1,8;
2021/07/14;0600 UTC;0;943,3;943,5;943,3;;19,5;5,7;20,2;19,5;6;5,7;41;39;40;67;5,3;2,1;
2021/07/14;0700 UTC;0;943;943,3;943;;19,1;6;19,6;19,1;6;5,6;42;40;42;60;5,7;2,6;
2021/07/14;0800 UTC;0;943;943,1;942,9;;19;6,4;19,3;18,9;6,4;6;44;42;44;54;7,8;3,2;
2021/07/14;0900 UTC;0;942,9;943;942,9;;19;6,5;19,1;18,9;6,5;6,4;44;44;44;58;6,9;3;
2021/07/14;1000 UTC;0;943,2;943,2;942,9;;18,8;6,5;19;18,6;6,5;6,5;45;44;45;47;7;3;
2021/07/14;1100 UTC;0;943,5;943,5;943,1;75,6;19,3;6,6;19,3;18,6;6,7;6,5;45;44;44;54;7,2;3,1;
2021/07/14;1200 UTC;0;944;944;943,5;732,3;20,4;6,9;20,4;19,2;7;6,6;44;42;42;46;8,4;3,1;
2021/07/14;1300 UTC;0;944,1;944,2;943,9;1467,5;21,3;7,3;21,8;20,4;7,6;6,8;42;39;40;47;8,3;3,5;
2021/07/14;1400 UTC;0;943,8;944,2;943,8;1870,2;22,7;8,1;23,2;21,3;8,4;7,4;41;38;39;15;8,4;2,5;
2021/07/14;1500 UTC;0;943,5;943,8;943,5;2305,7;24,3;8,6;24,6;22,7;9;7,8;40;36;37;28;6,4;2,5;
2021/07/14;1600 UTC;0;942,6;943,5;942,6;2461,8;25,6;8,6;26;24;9,7;8,1;37;34;34;37;6,4;2;
2021/07/14;1700 UTC;0;941,5;942,6;941,4;2408,6;26,7;8,6;27;25,4;9,5;8,1;36;31;32;19;5,1;1,9;
2021/07/14;1800 UTC;0;940,6;941,5;940,6;2151,5;27;8,6;27,6;26,4;9,1;7,9;33;30;31;1;5,7;2,5;
2021/07/14;1900 UTC;0;940,2;940,6;940,2;1641,5;26,9;7,4;27,7;26,8;8,7;7,2;31;28;29;1;5,8;2;
2021/07/14;2000 UTC;0;940,1;940,2;940,1;951,9;25,9;7,3;27,4;25,9;7,9;7,1;31;28;31;329;5,8;1,3;
2021/07/14;2100 UTC;0;940,1;940,2;940;92,4;22,8;8,4;25,9;22,8;8,4;7,3;40;31;40;34;4;,6;
2021/07/14;2200 UTC;0;940,1;940,2;940,1;;21,7;8;22,8;21,6;8,5;7,9;42;40;41;36;1,4;,8;
2021/07/14;2300 UTC;0;940,3;940,3;940,1;;22,3;7,5;22,9;21,6;8;7,3;41;37;38;41;2,2;,9;
2021/07/15;0000 UTC;0;940,4;940,4;940,2;;22,3;7,2;22,5;22,1;7,5;7,1;39;37;38;36;2,4;1,1;
2021/07/15;0100 UTC;0;940,5;940,5;940,4;;22,3;6,8;22,5;22;7,2;6,8;38;36;37;38;2,6;1,3;
2021/07/15;0200 UTC;0;940,9;941;940,5;;22,4;6,6;22,7;22,1;6,9;6,6;37;36;36;36;3,3;1,2;
2021/07/15;0300 UTC;0;941;941;940,7;;22,4;6,4;22,7;22,3;6,6;6,4;36;35;36;37;3,8;1,5;
2021/07/15;0400 UTC;0;941,1;941,2;940,9;;22,2;6,4;22,6;22,1;6,5;6,4;36;35;36;42;3,8;1,8;
2021/07/15;0500 UTC;0;940,9;941,1;940,9;;21,8;6,4;22,2;21,7;6,5;6,4;37;36;37;45;3,8;1,6;
2021/07/15;0600 UTC;0;940,6;940,9;940,6;;21,3;6,4;21,9;21,3;6,5;6,4;38;37;38;46;4,3;2,1;
2021/07/15;0700 UTC;0;940,4;940,6;940,4;;21,4;6,5;21,4;21,1;6,6;6,4;39;38;38;30;5,2;1,9;
2021/07/15;0800 UTC;0;939,8;940,4;939,8;;21;6,6;21,6;21;6,6;6,5;39;38;39;28;6,3;2,6;
2021/07/15;0900 UTC;0;939,9;940;939,8;;20,1;6,8;21;20,1;6,8;6,6;42;39;42;15;7,7;3,1;
2021/07/15;1000 UTC;0;940,4;940,4;939,9;;19,3;7;20,1;19,2;7;6,7;45;42;45;11;7,7;3;
2021/07/15;1100 UTC;0;941,4;941,5;940,4;73,4;19,1;7,5;19,5;18,9;7,6;7;47;44;47;16;7,8;3,3;
2021/07/15;1200 UTC;0;942,2;942,2;941,4;724,2;19,9;8,2;20,1;19;8,3;7,5;48;46;47;13;8,4;3,3;
2021/07/15;1300 UTC;0;942,7;942,7;942,1;1430,5;22,2;8,8;22,3;19,9;9,1;8,2;47;42;42;2;8,4;3,5;
2021/07/15;1400 UTC;0;942,6;942,8;942,6;1996,4;24,3;9,1;24,5;22,2;9,7;8,5;43;38;38;354;7,6;3;
2021/07/15;1500 UTC;0;942;942,6;942;2377;27,1;9,9;27,1;24,3;10,2;8,8;40;34;34;350;7,5;1,8;
2021/07/15;1600 UTC;0;940,4;942;940,4;2480,6;27,9;9,1;28,4;26,9;10;8,5;34;29;31;335;8,5;3,5;
2021/07/15;1700 UTC;0;939,3;940,4;939,3;2366,7;29,1;8,4;29,5;27,7;9,5;8,1;31;27;27;338;10;3,6;
2021/07/15;1800 UTC;0;938,6;939,3;938,6;1944,9;29,4;8,4;29,7;28,2;8,9;7,8;29;26;27;311;8,5;3;
2021/07/15;1900 UTC;0;938,4;938,7;938,4;1320;28,1;8,4;29,6;27,9;8,9;7,6;29;26;29;325;8,5;2,3;
2021/07/15;2000 UTC;0;938,6;938,6;938,4;834;27,7;7,9;28,9;27,7;8,8;7,8;29;27;29;324;6,7;2,6;
2021/07/15;2100 UTC;0;938,9;939;938,6;104,1;25,9;8,4;27,7;25,8;8,5;8;33;29;33;346;5,8;1,1;
2021/07/15;2200 UTC;0;939,1;939,2;938,9;;25,4;7,9;26,1;25,1;8,4;7,9;34;32;33;343;4,2;1,6;
2021/07/15;2300 UTC;0;939,3;939,3;939,1;;24,9;7,8;25,5;24,8;8;7,7;34;33;34;349;4,4;1,4;
2021/07/16;0000 UTC;0;939,4;939,4;939,3;;24,3;7,5;25;24,1;7,9;7,5;35;33;34;354;5,1;1,6;
2021/07/16;0100 UTC;0;939,4;939,5;939,3;;24;7,4;24,3;23,5;7,6;7,4;36;34;34;352;4,3;1,6;
2021/07/16;0200 UTC;0;939,3;939,4;939,3;;24,3;7,4;24,4;23,7;7,6;7,3;36;34;34;350;4,7;1,7;
2021/07/16;0300 UTC;0;939,2;939,3;939,1;;24,1;7,3;24,5;23,7;7,4;7,1;35;33;34;356;5,4;2;
2021/07/16;0400 UTC;0;939;939,2;939;;23,6;7;24,1;23,5;7,3;7;35;34;34;350;5,5;2;
2021/07/16;0500 UTC;0;938,8;939,1;938,8;;23,1;6,9;24;23,1;7;6,8;35;33;35;328;6,6;2;
2021/07/16;0600 UTC;0;938,6;938,8;938,5;;22,6;6,9;23,4;22,5;7,1;6,9;37;35;36;329;6,8;1,8;
2021/07/16;0700 UTC;0;938,2;938,7;938,2;;22;7,1;22,6;21,8;7,1;6,8;38;36;38;307;6,8;1,9;
2021/07/16;0800 UTC;0;938,6;938,6;938,2;;17,9;7,8;22;17,9;7,9;7,1;52;38;52;275;4,9;,9;
2021/07/16;0900 UTC;0;938,5;938,6;938,4;;18,1;8;18,1;17,5;8,1;7,8;54;52;52;9;1,7;,4;
2021/07/16;1000 UTC;0;938,5;938,5;938,4;;20,6;7,7;20,6;18,1;8;7,5;52;43;43;342;3,5;1,8;
2021/07/16;1100 UTC;0;939,4;939,4;938,4;62,7;19,2;9,3;20,9;18,6;9,3;7,6;53;42;53;343;4;,8;
2021/07/16;1200 UTC;0;940;940;939,4;643,8;22,3;9,2;22,5;19,2;9,5;7,7;52;39;43;282;1,8;,6;
2021/07/16;1300 UTC;0;940,1;940,3;940;1095,6;23,3;9,5;23,9;22;9,8;8;45;39;42;143;2,5;1,3;
2021/07/16;1400 UTC;0;940;940,2;939,9;1817,1;25,4;10,4;25,4;22,6;10,9;9,3;46;38;39;71;3,5;1,6;
2021/07/16;1500 UTC;0;939,7;940,1;939,7;2154,6;26,3;10,5;26,9;24,9;11,2;10;40;36;37;356;3,5;1,1;
2021/07/16;1600 UTC;0;938,9;939,7;938,9;1456,2;26,7;11;27;25,7;11,6;10,4;40;37;37;289;3,2;1,3;
2021/07/16;1700 UTC;0;937,9;938,9;937,9;1824,1;28,2;12;28,2;26,3;12;10,6;40;36;37;335;3,8;1,2;
2021/07/16;1800 UTC;0;937,6;937,9;937,6;1365;27,2;11,8;28,7;27;12,6;11,1;39;36;38;256;4;1,7;
2021/07/16;1900 UTC;0;937,6;937,7;937,4;1168;27,4;12,1;28,4;26,8;13;11,7;41;37;39;188;4;,9;
2021/07/16;2000 UTC;0;938,1;938,1;937,6;727,2;25,2;12,7;27,5;25,2;12,7;11,8;46;38;46;171;4,7;,9;
2021/07/16;2100 UTC;0;938,6;938,6;938,1;139,6;22,8;12,5;25,2;22,8;12,8;12,4;52;45;52;165;6,7;1,8;
2021/07/16;2200 UTC;0;939,1;939,1;938,6;;20,7;13,7;22,8;20,7;13,7;12,4;64;52;64;171;7,3;2;
2021/07/16;2300 UTC;0;939,7;939,7;939,1;;19,3;13,6;20,7;19,3;13,8;13,5;70;64;70;164;6,8;2,2;
2021/07/17;0000 UTC;0;940,2;940,2;939,7;;18,6;13,6;19,3;18,6;13,7;13,6;73;70;72;160;7,6;2,3;
2021/07/17;0100 UTC;0;940,7;940,7;940,2;;18,2;13,8;18,6;18,2;13,8;13,5;76;72;76;159;7,9;2;
2021/07/17;0200 UTC;0;941,2;941,2;940,7;;17,7;14,4;18,2;17,6;14,4;13,8;81;76;81;157;6,8;2,1;
2021/07/17;0300 UTC;0;941,1;941,3;941;;17,1;14,4;17,7;17,1;14,6;14,3;84;81;84;158;8,3;2,4;
2021/07/17;0400 UTC;0;941,1;941,6;941;;16,8;13,6;17,1;16,8;14,3;13,6;84;81;81;149;8;2,6;
2021/07/17;0500 UTC;0;941,1;941,3;940,9;;16;13,8;16,8;16;13,9;13,5;87;81;86;153;7,7;2,5;
2021/07/17;0600 UTC;0;940,4;941,1;940,4;;15,8;13,1;16;15,7;13,8;13,1;88;84;84;151;7,2;3,1;
2021/07/17;0700 UTC;0;940,1;940,5;940,1;;15,8;13;15,9;15,7;13,1;12,9;84;83;83;147;8;2,1;
2021/07/17;0800 UTC;0;940;940,2;939,9;;15,8;12,8;15,8;15,4;13,1;12,7;86;82;82;135;6,2;2,3;
2021/07/17;0900 UTC;0;940;940,3;939,8;;15,8;12,6;16;15,7;12,7;12,6;82;81;81;117;6;2,9;
2021/07/17;1000 UTC;0;940,6;940,6;940,1;;15,5;12,5;15,8;15,5;12,7;12,5;83;81;82;105;6,6;3;
2021/07/17;1100 UTC;0;940,9;940,9;940,4;49,2;16;12,5;16;15,5;12,5;12,4;82;79;80;96;6,4;2,9;
2021/07/17;1200 UTC;0;941,3;941,4;940,9;267,4;16,9;12,5;16,9;16;12,6;12,4;80;75;75;90;6,1;3,1;
2021/07/17;1300 UTC;0;941,5;941,5;941,3;783,7;19,2;12,5;19,3;16,9;12,9;12,4;76;65;65;62;5,9;2,5;
2021/07/17;1400 UTC;0;941,7;941,7;941,5;907,7;20,2;12,8;20,5;19,2;12,9;12,4;66;61;62;91;6,1;2;
2021/07/17;1500 UTC;0;941,5;941,8;941,5;1484,6;22,4;13,5;22,4;20,2;13,7;12,7;62;57;57;44;4,4;1,4;
2021/07/17;1600 UTC;0;940,9;941,5;940,9;2203,9;25,9;13,7;26;22,3;14,4;12,9;58;47;47;2;5,3;1,6;
2021/07/17;1700 UTC;0;940,3;941;940,3;1964,1;26,4;13,2;26,4;24,4;13,7;12,6;50;44;44;286;6;1,7;
2021/07/17;1800 UTC;0;940;940,3;939,9;1471,3;26,1;13,6;27,1;25,6;14,1;12,8;47;44;46;271;5;2,2;
2021/07/17;1900 UTC;0;939,9;940;939,8;780;25,1;13,6;26,1;25,1;14;13,3;49;46;49;246;6,8;1,5;
2021/07/17;2000 UTC;0;940,2;940,2;939,9;579;24;14,5;26;24;14,6;13,6;55;47;55;223;4,6;1;
2021/07/17;2100 UTC;0;940,8;940,8;940,2;138,7;21,7;15,2;24;21,7;15,3;14,3;67;55;67;207;4;1,1;
2021/07/17;2200 UTC;0;941,3;941,4;940,8;;20,1;15,6;21,7;20,1;15,8;15,2;75;67;75;149;3,4;,8;
2021/07/17;2300 UTC;0;942;942;941,3;;18,8;15,7;20,1;18,4;15,7;15,2;83;75;82;174;2,6;,4;
2021/07/18;0000 UTC;0;942,5;942,5;942;;18,4;15,4;19,2;18,4;15,8;15,4;83;80;83;186;2,2;,5;
2021/07/18;0100 UTC;0;942,6;942,7;942,5;;18,2;15,4;18,4;17,8;15,7;15,3;87;83;84;211;2,3;,5;
2021/07/18;0200 UTC;0;942,9;942,9;942,6;;18;15,2;18,4;17,9;15,4;15,1;85;82;84;195;2,3;,6;
2021/07/18;0300 UTC;0;943,2;943,3;942,9;;18,3;15,4;18,3;17,8;15,5;15;84;83;83;184;3,2;,9;
2021/07/18;0400 UTC;0;943;943,2;943;;17,3;15,5;18,3;17,3;15,6;15,3;90;83;89;176;3,2;,7;
2021/07/18;0500 UTC;0;942,8;943;942,8;;16,7;15,4;17,3;16,5;15,7;15,3;94;89;92;199;3,1;,6;
2021/07/18;0600 UTC;0;942,5;942,8;942,5;;16,5;15,4;16,8;16,4;15,6;15,3;93;92;93;194;2,5;,5;
2021/07/18;0700 UTC;0;942,4;942,6;942,3;;15,9;14,7;16,5;15,9;15,4;14,7;93;92;93;176;3;,5;
2021/07/18;0800 UTC;0;942,5;942,5;942,2;;15,7;14,4;15,9;15,6;14,7;14,3;94;91;92;184;3;,4;
2021/07/18;0900 UTC;0;942,9;942,9;942,4;;15,5;13,9;15,8;15,5;14,4;13,9;93;90;90;232;5;1,7;
2021/07/18;1000 UTC;0;943,3;943,3;942,6;;14,8;13,7;15,5;14,7;14;13,5;93;90;93;216;5;1,4;
2021/07/18;1100 UTC;0;943,9;943,9;943,2;52;14,7;14;14,8;14,7;14,1;13,7;96;93;96;221;5,6;1,9;
2021/07/18;1200 UTC;0;945;945;943,9;306,5;15,2;14,1;15,4;14,7;14,2;13,9;96;91;94;173;6,3;1;
2021/07/18;1300 UTC;0;945,3;945,5;945;1006,4;18,1;13,8;18,1;14,9;14,3;13,6;94;76;76;183;4;1;
2021/07/18;1400 UTC;0;945,3;945,6;945,3;1978,3;20,4;12,7;20,4;17,8;13,9;11,9;76;60;61;190;5,3;1,3;
2021/07/18;1500 UTC;0;944,9;945,3;944,9;2529,4;22,3;11,6;22,5;20;12,8;11;61;49;51;211;5,6;1,4;
2021/07/18;1600 UTC;0;944,3;944,9;944,3;2659,2;23,6;5,5;23,7;21,8;11,9;5,1;52;30;31;257;6,6;2,4;
2021/07/18;1700 UTC;0;943,6;944,3;943,6;2592,4;24,4;1,7;24,5;23,1;5,8;1,7;32;22;23;254;6,7;2,6;
2021/07/18;1800 UTC;0;943,3;943,6;943,3;2263,8;23,6;3;24,5;23,5;3,3;-,1;26;20;26;239;6,7;2,5;
2021/07/18;1900 UTC;0;943,3;943,4;943,2;1754,5;22,8;1,2;24,3;22,4;3,4;-1,5;27;20;24;268;9,3;2,8;
2021/07/18;2000 UTC;0;943,7;943,7;943,3;1051,6;20,7;-,7;23;20,7;2,5;-,7;28;22;24;259;9,3;2,4;
2021/07/18;2100 UTC;0;944;944;943,7;86,4;18,3;-1;20,7;18,3;-,6;-1,6;27;23;27;264;7,7;2,4;
2021/07/18;2200 UTC;0;944,5;944,5;944;;15,6;,9;18,3;15,6;,9;-,9;37;27;37;249;5,8;2,2;
2021/07/18;2300 UTC;0;945,1;945,1;944,5;;14,3;1,6;15,9;14,2;2,1;1;42;37;42;245;8,3;2,1;
2021/07/19;0000 UTC;0;945,7;945,8;945;;12,5;-,1;14,3;12,5;1,7;-,1;43;41;42;238;8,4;1,8;
2021/07/19;0100 UTC;0;946,2;946,3;945,7;;10,8;-,2;12,5;10,8;-,2;-,9;47;40;47;242;6,5;1,6;
2021/07/19;0200 UTC;0;946,1;946,4;946,1;;10,1;-,1;10,8;9,9;,2;-,2;51;47;49;212;6;1,7;
2021/07/19;0300 UTC;0;946;946,1;946;;9;-,6;10,1;8,9;-,1;-,6;52;49;51;223;5,9;1,8;
2021/07/19;0400 UTC;0;945,8;946;945,8;;8;-1,8;9;7,9;-,6;-1,9;52;49;50;210;6;1,3;
2021/07/19;0500 UTC;0;945,6;946;945,6;;7,5;-1,6;8,1;7,3;-1,6;-2,1;53;49;53;195;6;1,1;
2021/07/19;0600 UTC;0;945,3;945,7;945,3;;6,5;-2,1;7,5;6,1;-1,1;-2,1;60;53;54;183;6;1,3;
2021/07/19;0700 UTC;0;944,6;945,3;944,6;;4,8;-2,9;6,5;4,8;-2,1;-2,9;58;52;57;175;4,6;,9;
2021/07/19;0800 UTC;0;944,6;944,6;944,5;;4,4;-3,5;5;4,4;-2,9;-3,6;58;55;56;168;4;1,2;
2021/07/19;0900 UTC;0;944,9;944,9;944,5;;3,5;-4,5;4,7;3,5;-3,4;-4,5;57;54;56;163;4,3;1,1;
2021/07/19;1000 UTC;0;945,5;945,5;944,9;;2,8;-4,6;3,5;2,8;-4,2;-4,7;60;56;58;174;4,1;,8;
2021/07/19;1100 UTC;0;946,2;946,2;945,5;60,7;5,1;-4,5;5,1;2,3;-4,2;-4,8;61;49;50;170;3,1;,7;
2021/07/19;1200 UTC;0;946,9;946,9;946,2;902,6;8,4;-4,7;8,4;5,2;-4,1;-4,9;50;39;39;166;4,8;1,3;
2021/07/19;1300 UTC;0;947,3;947,4;946,9;1672,3;10,8;-4,8;10,8;8,4;-4,3;-5,6;39;33;33;181;5,1;1,3;
2021/07/19;1400 UTC;0;947,8;947,8;947,3;2275,2;12,4;-4,7;12,8;10,7;-4;-5,2;35;29;30;159;4,9;1,8;
2021/07/19;1500 UTC;0;947,8;947,8;947,7;2648,2;14,9;-4,1;15,2;12,4;-3,3;-4,7;31;26;27;161;5,6;1,4;
2021/07/19;1600 UTC;0;947,1;947,8;947,1;2518,4;16,7;-3;16,7;14,8;-2,6;-4,5;28;24;26;188;5,2;1,3;
2021/07/19;1700 UTC;0;946,4;947,1;946,4;2486,1;18,2;-3,1;18,2;16,2;-2,6;-4,1;26;23;23;210;6,4;1,3;
2021/07/19;1800 UTC;0;945,9;946,4;945,8;2260,2;18,3;-2,8;18,8;17,6;-2,3;-4;25;22;24;188;5,4;1,3;
2021/07/19;1900 UTC;0;945,6;945,9;945,6;1885,8;18,7;-4;19;17,7;-2,2;-4,3;25;21;21;215;5,8;1,5;
2021/07/19;2000 UTC;0;945,6;945,6;945,4;1201,5;17,1;-3,2;19,1;17,1;-2,2;-5,9;25;18;25;177;5,8;1,1;
2021/07/19;2100 UTC;0;945,8;945,9;945,5;121;13,6;-2,2;17,1;13,6;-1,5;-3,8;33;25;33;218;4,1;,8;
2021/07/19;2200 UTC;0;945,9;945,9;945,3;;11;-1,7;13,6;11;-1,2;-2,5;42;33;41;260;2,5;,5;
2021/07/19;2300 UTC;0;946,4;946,4;945,9;;10,7;-1,9;11,2;10,7;-1,6;-2,4;41;39;41;201;2,5;,6;
2021/07/20;0000 UTC;0;946,3;946,6;946,3;;9,1;-1,9;10,7;9,1;-1,4;-2,6;46;40;46;183;2;,4;
2021/07/20;0100 UTC;0;946,4;946,5;946,3;;9,2;-,9;9,7;8,9;-,8;-1,8;51;46;49;190;2;,4;
2021/07/20;0200 UTC;0;946,3;946,4;946,3;;8,1;-,3;9,3;8,1;0;-,9;56;49;55;158;1,9;,6;
2021/07/20;0300 UTC;0;945,9;946,3;945,9;;9;-,2;9,1;7,9;,3;-,4;57;52;53;148;3,3;1,4;
2021/07/20;0400 UTC;0;945,8;945,9;945,7;;8,4;,1;9,2;8,3;,3;-,3;56;52;56;104;3,5;,8;
2021/07/20;0500 UTC;0;945,4;945,8;945,4;;8,5;,1;9,6;8;,6;-,3;60;50;56;133;3,3;1,4;
2021/07/20;0600 UTC;0;944,9;945,4;944,9;;9,4;-,4;10;8,5;,3;-,4;56;49;51;118;4,6;1,1;
2021/07/20;0700 UTC;0;944,6;944,9;944,6;;8,3;-,3;9,4;8,1;0;-,6;56;51;55;115;2,4;1;
2021/07/20;0800 UTC;0;944,5;944,6;944,5;;8,7;-,4;8,8;7,6;-,2;-,6;57;52;53;131;4,3;1,7;
2021/07/20;0900 UTC;0;944,9;945;944,6;;8,8;-,6;9,9;8,7;-,1;-,8;53;48;52;129;4,7;2;
2021/07/20;1000 UTC;0;945,4;945,4;944,9;;8,1;-1,1;9;8,1;-,6;-1,1;54;51;52;111;4,1;1,4;
2021/07/20;1100 UTC;0;945,9;945,9;945,4;71;9,8;-2,1;9,8;8,1;-1,2;-2,2;52;43;43;127;4,9;2,1;
2021/07/20;1200 UTC;0;946,6;946,6;945,9;885,3;12,5;-2,1;12,5;9,8;-1,8;-2,7;43;36;36;115;4,8;1,8;
2021/07/20;1300 UTC;0;947;947;946,6;1749,2;14,5;-2,6;14,8;12,3;-1,4;-2,7;36;30;31;123;7,1;3,6;
2021/07/20;1400 UTC;0;946,6;947,1;946,6;2383,9;17,5;-1,3;17,5;14,5;-,9;-2,8;31;27;28;138;7,4;3;
2021/07/20;1500 UTC;0;946,4;946,8;946,4;2264,7;17,7;-4,2;18,7;17,1;-,9;-4,4;29;21;22;108;5,9;2,3;
2021/07/20;1600 UTC;0;945,6;946,4;945,6;2288,9;19,4;-,5;20,2;17,7;-,5;-4,9;27;19;26;156;5,3;1,8;
2021/07/20;1700 UTC;0;944,8;945,6;944,8;2396,7;19,8;-1,6;20,7;18,4;,1;-2,1;28;23;24;135;5,7;1,7;
2021/07/20;1800 UTC;0;944,2;944,8;944,1;2017,3;20,8;-1,4;21,6;19,8;-,4;-2,8;25;21;22;131;4,9;1,8;
2021/07/20;1900 UTC;0;944,3;944,3;944,1;1787,4;20,1;-2,9;21,8;20,1;-1;-3;23;20;21;122;5,5;2;
2021/07/20;2000 UTC;0;944,2;944,3;944,1;660,2;19,1;-2,8;20,1;19,1;-1,8;-3,4;24;21;23;148;4,4;1,9;
2021/07/20;2100 UTC;0;944,3;944,3;944,2;184,5;17,3;-2,3;19,1;17,1;-2,1;-3,3;27;22;26;150;5,4;1,3;
2021/07/20;2200 UTC;0;944,6;944,6;944,3;;14,9;-1,5;17,3;14,9;-1,4;-2,3;32;26;32;149;3,8;,7;
2021/07/20;2300 UTC;0;945,1;945,1;944,6;;15,2;1,6;15,3;13,6;1,6;-1,7;40;32;40;159;4,1;1,4;
2021/07/21;0000 UTC;0;945,6;945,6;945,1;;14,4;3,8;15,2;13,9;3,8;1,2;49;40;49;155;5;1,9;
2021/07/21;0100 UTC;0;945,6;945,7;945,5;;14;5,4;14,6;13,9;5,4;3,8;56;49;56;155;6,4;2,5;
2021/07/21;0200 UTC;0;945,6;945,8;945,3;;12,5;5,8;14,1;12,4;5,8;5,3;64;56;64;162;7,2;1,5;
2021/07/21;0300 UTC;0;945,6;945,8;945,6;;10,3;5,3;12,7;10,3;5,9;5,3;72;62;71;156;5,5;1,3;
2021/07/21;0400 UTC;0;945,2;945,7;945,2;;11,1;6,1;11,9;10,3;6,2;5,4;73;68;71;151;5,8;1,7;
2021/07/21;0500 UTC;0;944,9;945,2;944,9;;8,7;6,3;11,1;8,7;6,3;5,5;85;71;85;198;5,7;,5;
2021/07/21;0600 UTC;0;944,8;945,1;944,8;;9;6,5;9,6;7,9;6,7;5,7;88;81;85;157;3,7;1,3;
2021/07/21;0700 UTC;0;944,6;944,8;944,5;;8,9;6,7;9;8;6,8;5,8;90;84;86;159;3,7;1,4;
2021/07/21;0800 UTC;0;944,4;944,7;944,4;;8,8;6,6;9;8,6;6,8;6,4;87;85;86;149;3,7;1,5;
2021/07/21;0900 UTC;0;944,7;944,7;944,4;;8,1;6,4;8,8;8,1;6,7;6,3;90;86;89;162;3,2;1;
2021/07/21;1000 UTC;0;945,2;945,2;944,7;;8,1;6,4;8,8;7,9;6,6;5,9;89;85;89;189;3,8;,7;
2021/07/21;1100 UTC;0;945,6;945,6;945,2;117,5;10,9;7,1;10,9;7,7;7,1;5,9;90;76;77;174;2,2;,6;
2021/07/21;1200 UTC;0;946,7;946,7;945,6;696,1;13,1;6,8;13,2;10,9;7,2;6,4;78;66;66;139;3,7;1,6;
2021/07/21;1300 UTC;0;947,2;947,2;946,7;1560,8;15,8;6,2;16,3;13;7,6;6,2;66;52;53;131;3,9;2;
2021/07/21;1400 UTC;0;947,4;947,6;947,2;2120,2;18,7;6,5;19,1;15,6;7,5;5,7;54;43;45;140;5,6;2,3;
2021/07/21;1500 UTC;0;947;947,5;947;2411,8;22,3;6,2;22,3;18,4;7;5;46;34;35;159;4,6;1,5;
2021/07/21;1600 UTC;0;946,4;947;946,4;2662,6;23,2;4,8;23,4;21,8;6;3,6;35;29;30;166;5,1;1,5;
2021/07/21;1700 UTC;0;945,6;946,4;945,5;2599,6;23,9;3,7;24,6;23;6,8;2,5;34;25;27;132;4,4;1,8;
2021/07/21;1800 UTC;0;945;945,6;945;2262,6;24,5;3,3;24,8;23,4;4,4;2,9;28;25;25;121;4,2;1,2;
2021/07/21;1900 UTC;0;944,7;945,1;944,7;1741,8;25;2,6;25,5;24,3;4,6;2,1;27;23;23;93;4;,9;
2021/07/21;2000 UTC;0;944,9;944,9;944,7;1038,3;23,5;2,5;25,1;23,5;4;1,6;27;22;25;144;2,9;1,1;
2021/07/21;2100 UTC;0;945,2;945,2;944,9;91,9;20;2,5;23,5;20;3,1;2,3;31;25;31;149;2,9;,7;
2021/07/21;2200 UTC;0;945,8;945,9;945,2;;18,5;2,4;20;18,4;2,9;2,3;35;31;34;144;3;,8;
2021/07/21;2300 UTC;0;946,4;946,4;945,9;;17,6;2,3;18,5;17,5;2,7;2,3;36;34;36;121;2,6;,7;
2021/07/22;0000 UTC;0;946,8;946,8;946,4;;17,5;2,3;18;16,9;2,7;1,2;38;33;36;134;4,2;1,8;
2021/07/22;0100 UTC;0;947;947;946,8;;18,1;2,2;18,5;16,4;2,7;2,2;40;34;34;112;5;2;
2021/07/22;0200 UTC;0;947,4;947,4;946,9;;15,8;2,8;18,2;15,8;2,9;2,2;42;35;42;128;4,9;1;
2021/07/22;0300 UTC;0;947,2;947,4;947,2;;16,7;1,9;17,5;15;2,8;1,5;43;34;37;136;6,9;2,1;
2021/07/22;0400 UTC;0;946,8;947,2;946,8;;17,2;1,4;17,5;16,2;1,9;1,4;38;35;35;128;6,2;2,7;
2021/07/22;0500 UTC;0;946,4;946,9;946,4;;16,9;,5;17,7;14,8;1,8;,1;41;30;33;140;9,6;2,4;
2021/07/22;0600 UTC;0;946,1;946,4;946;;14,2;1;16,8;14,2;1;,4;41;33;41;155;7,2;1,1;
2021/07/22;0700 UTC;0;946,1;946,1;946;;15,4;-,1;15,9;13,8;,8;-,1;41;34;35;129;6,5;2,7;
2021/07/22;0800 UTC;0;946,4;946,4;946,1;;15,7;,1;15,7;15;,2;-,2;36;34;34;131;7,5;3,3;
2021/07/22;0900 UTC;0;946,9;947;946,4;;15,4;,7;16,5;15,4;,7;,1;37;33;37;120;8,1;3;
2021/07/22;1000 UTC;0;947,4;947,4;946,9;;15;1,5;15,4;14,6;1,5;,7;41;37;40;124;6,9;2,6;
2021/07/22;1100 UTC;0;948;948,1;947,4;65,4;15,4;1,9;15,4;14,8;1,9;1,5;41;39;40;113;6,9;2,4;
2021/07/22;1200 UTC;0;948,7;948,7;948;769,3;16,5;2,5;16,5;15,3;2,9;1,8;41;39;39;124;5,9;2,7;
2021/07/22;1300 UTC;0;949,1;949,1;948,7;1506,4;19,3;3,5;19,4;16,5;4;2,5;40;35;35;134;5,9;2,2;
2021/07/22;1400 UTC;0;949,2;949,3;949,1;2091,2;21,6;3,2;21,9;19,1;3,9;2,7;36;29;30;133;5,7;2,4;
2021/07/22;1500 UTC;0;948,6;949,2;948,6;2488,6;25,2;1,5;25,6;21,6;3,3;,1;30;21;21;132;5,9;2,3;
2021/07/22;1600 UTC;0;947,9;948,6;947,9;2639,4;26,6;4,3;26,8;25;4,6;1,4;24;21;24;121;6,1;2,3;
2021/07/22;1700 UTC;0;946,9;948;946,9;2536,4;28;3,7;28;26,2;5,6;3,7;25;21;21;53;5,6;2,6;
2021/07/22;1800 UTC;0;946,2;946,9;946,2;2211;28,2;3,5;28,7;27,5;4,6;3;22;20;21;117;5,8;2,6;
2021/07/22;1900 UTC;0;945,8;946,2;945,8;1689,2;28,1;4;28,7;28;4,6;2,9;22;20;21;124;4,9;1,8;
2021/07/22;2000 UTC;0;945,7;945,8;945,6;1000,5;26,7;4;28,3;26,6;4,4;3,2;23;20;23;127;4,9;1,4;
2021/07/22;2100 UTC;0;945,8;945,8;945,7;107,2;23,7;4;26,7;23,7;4,9;3,3;28;23;28;124;3,5;1;
2021/07/22;2200 UTC;0;946;946;945,8;;22,8;3,1;23,9;22,3;4,1;3,1;30;27;28;103;2,8;1,2;
2021/07/22;2300 UTC;0;946,6;946,6;946;;20,2;5,3;23;20,2;5,3;3,1;38;27;38;206;3;,8;
2021/07/23;0000 UTC;0;946,7;946,7;946,6;;20,4;4,7;20,4;19;5,6;4,7;41;36;36;152;5,3;1,9;
2021/07/23;0100 UTC;0;946,7;946,8;946,6;;20;3,1;20,5;18,5;4,7;2,8;38;32;33;128;6,4;2,9;
2021/07/23;0200 UTC;0;946,9;946,9;946,7;;19,4;2,5;20,8;19,4;3,2;2,5;34;30;33;118;8,2;2,4;
2021/07/23;0300 UTC;0;946,8;946,9;946,8;;19,5;2,1;20,3;19,3;2,6;1,7;33;29;31;113;8,1;3,5;
2021/07/23;0400 UTC;0;946,6;946,9;946,6;;17,9;3;20,1;17,9;3;1,8;37;30;37;150;9,7;1,9;
2021/07/23;0500 UTC;0;946,3;946,6;946,3;;15,2;5,8;17,9;14,8;5,9;3;54;37;54;165;4,9;1,1;
2021/07/23;0600 UTC;0;946;946,4;946;;15,6;7,2;16,2;14,8;7,2;5,8;57;52;57;127;6,7;2,1;
2021/07/23;0700 UTC;0;945,7;946;945,7;;14,4;8,3;15,6;14,2;8,3;7,2;67;57;67;96;8,4;2,8;
2021/07/23;0800 UTC;0;945,6;945,7;945,5;;13,8;8,5;14,4;13,7;8,5;8,3;70;67;70;98;7,1;3,2;
2021/07/23;0900 UTC;0;945,8;945,9;945,5;;13,4;8,3;13,9;13,3;8,5;8,2;72;70;71;108;6,8;2,6;
2021/07/23;1000 UTC;0;946,6;946,6;945,8;;13;8;13,5;12,8;8,3;8;73;71;72;116;7,1;2,9;
2021/07/23;1100 UTC;0;947,3;947,3;946,6;73,7;14,2;7,8;14,2;12,9;8;7,6;72;65;65;106;7,8;2,9;
2021/07/23;1200 UTC;0;947,9;947,9;947,3;761,9;16,2;8,1;16,2;14,1;8,2;7,8;66;58;58;114;6,4;2,9;
2021/07/23;1300 UTC;0;948,2;948,3;947,9;1505,3;20,1;8,2;20,1;16,2;8,7;7,9;59;46;46;89;8,9;3,4;
2021/07/23;1400 UTC;0;948,2;948,4;948,2;2102;21,9;8,2;21,9;19,9;8,4;7,7;46;41;42;93;8,4;3;
2021/07/23;1500 UTC;0;947,6;948,2;947,6;2493,5;24,1;7,8;24,2;21,3;8,7;7,7;42;35;35;58;7,2;2,8;
2021/07/23;1600 UTC;0;947;947,6;946,9;2652;25,8;8,2;25,8;23,9;8,7;7,7;36;33;33;84;7,6;2,6;
2021/07/23;1700 UTC;0;945,9;947;945,9;2565,1;26,4;5,6;26,8;25,2;8,4;5,4;34;26;26;84;7,4;2,9;
2021/07/23;1800 UTC;0;945;945,9;945;2252,5;26,9;5;27,1;26,2;6,7;4,2;28;23;25;60;7,4;2,6;
2021/07/23;1900 UTC;0;944,4;944,9;944,4;1741,9;26,8;3,7;27,4;26,7;5,3;3;25;21;23;123;6,7;2,1;
2021/07/23;2000 UTC;0;944,1;944,4;944;1035,6;25,6;1,4;27;25,6;4,3;1,4;24;20;21;122;6;2,2;
2021/07/23;2100 UTC;0;944;944,1;944;112,1;23,8;3,9;25,7;23,8;4,3;1,7;28;21;27;106;5,2;1,8;
2021/07/23;2200 UTC;0;944,1;944,1;944;;21,4;4,7;23,9;20,8;5;3,8;36;27;34;122;3,5;1,2;
2021/07/23;2300 UTC;0;944,3;944,4;944;;20,6;4,5;21,7;20,6;4,8;4,5;35;33;35;99;3,1;,9;
2021/07/24;0000 UTC;0;944,7;944,7;944,3;;20,9;4,4;21,2;20,6;4,5;4,3;35;33;34;115;3,1;1,3;
2021/07/24;0100 UTC;0;944,7;944,8;944,6;;21,1;4,5;21,2;20,2;4,5;4;35;33;34;116;5,5;2,3;
2021/07/24;0200 UTC;0;944,7;944,7;944,6;;21,1;4,3;21,3;20,7;4,7;4,3;35;33;33;90;6,3;2,5;
2021/07/24;0300 UTC;0;944,7;944,7;944,7;;20,1;4,3;21,1;20,1;4,3;4,2;35;33;35;90;5,9;2,2;
2021/07/24;0400 UTC;0;944,8;944,8;944,6;;20,1;4,5;20,3;19,9;4,5;4,2;36;35;36;84;5,7;2,6;
2021/07/24;0500 UTC;0;944,8;944,8;944,7;;19,5;6;20,3;19,5;6;4,5;41;36;41;77;7,6;2,7;
2021/07/24;0600 UTC;0;944,5;944,8;944,5;;19,2;6,5;19,6;19,2;6,6;6;44;41;44;72;7,5;2,9;
2021/07/24;0700 UTC;0;944,1;944,5;944,1;;18,7;6,6;19,4;18,7;6,7;6,5;45;43;45;69;8,1;2,5;
2021/07/24;0800 UTC;0;944,1;944,2;944,1;;18,6;6,9;18,9;18,5;6,9;6,7;46;45;46;55;7,6;3,3;
2021/07/24;0900 UTC;0;944,4;944,4;944,1;;18,2;7,1;18,7;18,2;7,1;6,8;48;46;48;60;8,1;3,5;
2021/07/24;1000 UTC;0;945;945;944,4;;18,1;7,4;18,2;18;7,4;7,1;50;48;49;57;8;3,2;
2021/07/24;1100 UTC;0;945,8;945,8;945;78,2;18,4;7,5;18,4;17,9;7,5;7,3;50;49;49;62;7,5;3,5;
2021/07/24;1200 UTC;0;946,7;946,7;945,8;792,3;19,4;7,5;19,4;18,4;7,8;7,5;49;46;46;57;8,1;3,7;
2021/07/24;1300 UTC;0;947,2;947,2;946,7;1548;20,7;8;20,9;19,4;8,2;7,5;46;44;44;43;8,9;3,4;
2021/07/24;1400 UTC;0;947;947,3;947;2127;21,8;8,2;22;20,7;8,6;8;44;41;42;34;8,9;3,9;
2021/07/24;1500 UTC;0;946,3;947;946,3;2522,5;23,3;8,3;23,6;21,8;8,9;8,2;42;38;38;34;9;3,6;
2021/07/24;1600 UTC;0;945,5;946,3;945,5;2676;25;8,6;25,2;23,3;8,8;8,1;39;35;35;25;8,3;2,6;
2021/07/24;1700 UTC;0;944,5;945,6;944,5;2583,8;25,6;7,9;26,1;24,5;8,8;7,2;35;31;32;86;6;2,3;
2021/07/24;1800 UTC;0;943,7;944,5;943,7;2245,9;26,2;6,1;26,7;25,4;8,1;6;33;27;28;82;5,9;2,2;
2021/07/24;1900 UTC;0;942,9;943,7;942,9;1712,9;26;6,6;26,5;25,8;7,6;5,7;31;27;29;101;5;1,9;
2021/07/24;2000 UTC;0;942,7;942,9;942,7;1012,3;25,3;6,5;26,5;25,3;7,2;6,2;30;28;30;82;4,8;1,7;
2021/07/24;2100 UTC;0;942,6;942,7;942,6;120,7;22,9;6,4;25,3;22,7;7;6,3;36;30;34;70;3,6;1,1;
2021/07/24;2200 UTC;0;942,7;942,7;942,5;;22,5;5,4;23,2;22,4;6,5;5,4;35;33;33;74;3,7;1,4;
2021/07/24;2300 UTC;0;943,1;943,1;942,7;;22,1;5,2;22,5;22;5,4;5,2;34;33;33;76;4,2;1,6;
2021/07/25;0000 UTC;0;943,1;943,2;943;;22;4,2;22,1;21,8;5,2;4,2;34;31;31;69;4,9;1,8;
2021/07/25;0100 UTC;0;943,2;943,4;943,1;;21,4;4,1;22,1;21,2;4,2;4;32;31;32;66;5,5;2,2;
2021/07/25;0200 UTC;0;943,2;943,3;943,1;;20,9;4,4;21,4;20,7;4,4;4,1;34;32;34;58;5,3;1,8;
2021/07/25;0300 UTC;0;943,2;943,2;943,1;;20,7;4,4;21,1;20,5;4,5;4,3;35;33;34;50;5,2;1,9;
2021/07/25;0400 UTC;0;942,8;943,2;942,8;;20,7;4,6;21;20,6;4,7;4,4;35;34;35;59;4,8;1,9;
2021/07/25;0500 UTC;0;942,3;942,8;942,3;;20,6;4,7;20,9;20,4;4,7;4,6;36;35;35;62;5,2;1,9;
2021/07/25;0600 UTC;0;942,3;942,4;942,2;;19,9;4,9;20,6;19,8;4,9;4,7;37;35;37;68;5,1;1,6;
2021/07/25;0700 UTC;0;942,5;942,5;942,3;;18,5;5,6;20,1;18,4;5,6;4,9;43;37;43;64;7,5;2,7;
2021/07/25;0800 UTC;0;942,3;942,5;942,2;;17,6;6;18,6;17,6;6;5,6;47;43;47;54;7,4;2,9;
2021/07/25;0900 UTC;0;942,7;942,7;942,3;;16,9;6,3;17,6;16,9;6,3;6;50;47;50;50;9,7;2,9;
2021/07/25;1000 UTC;0;942,9;943,1;942,7;;16,9;6,6;17,6;16,9;6,7;6,3;51;48;51;48;9;3,6;
2021/07/25;1100 UTC;0;943,6;943,6;943;82,5;17,7;6,8;17,7;16,8;6,8;6,6;52;48;49;49;9;2,8;
2021/07/25;1200 UTC;0;944,4;944,5;943,6;796,1;19;7,2;19;17,5;7,4;6,7;50;46;46;46;8,3;2,9;
2021/07/25;1300 UTC;0;944,9;945;944,4;1565,1;21,3;8,1;21,3;19;8,2;7,1;46;43;43;34;7,7;2;
2021/07/25;1400 UTC;0;944,6;945;944,5;2155,5;22,7;7,9;22,7;20,7;8,2;7,7;43;39;39;26;8,9;3,5;
2021/07/25;1500 UTC;0;944,1;944,6;944;2541,2;24,6;8;24,9;22,5;8,4;7,6;39;34;35;31;9,6;3,3;
2021/07/25;1600 UTC;0;943;944,1;943;2686,4;26,4;7,5;26,4;24,3;8,2;6,5;35;29;30;33;7,8;2,8;
2021/07/25;1700 UTC;0;941,7;943;941,7;2581,9;27,1;7,3;27,5;25,8;7,6;6,7;31;27;28;41;6,7;2,3;
2021/07/25;1800 UTC;0;940,9;941,7;940,9;2247,4;27,4;6,6;27,5;26,3;7,2;6,3;29;27;27;39;6,4;2,4;
2021/07/25;1900 UTC;0;940,8;941;940,7;1708,4;26,9;5,6;27,6;26,9;6,9;5,6;27;25;26;51;5,6;1,8;
2021/07/25;2000 UTC;0;940,5;940,8;940,5;1030,6;26,2;5,8;27,6;26,2;6,4;5,7;28;25;27;36;4,2;1,5;
2021/07/25;2100 UTC;0;940,8;940,8;940,5;117,7;24,3;6,1;26,3;24,2;6,4;5,5;32;27;31;34;3,9;,9;
2021/07/25;2200 UTC;0;941,3;941,3;940,8;;23,1;6,1;24,3;22,7;6,6;6,1;35;31;33;41;2,2;1;
2021/07/25;2300 UTC;0;941,8;941,8;941,3;;22,8;5,6;23,3;22,8;6,1;5,6;34;32;33;33;2,5;1,3;
2021/07/26;0000 UTC;0;941,9;942;941,8;;22,8;5,3;23,1;22,5;5,6;5,3;33;32;32;32;2,6;1,4;
2021/07/26;0100 UTC;0;941,9;942;941,9;;22,6;5,6;23;22,6;5,6;5,3;33;32;33;32;3;1,5;
2021/07/26;0200 UTC;0;941,9;942;941,9;;21,9;5,8;22,7;21,9;5,8;5,4;35;33;35;39;2,9;1,2;
2021/07/26;0300 UTC;0;941,8;941,9;941,8;;21,9;5,7;22;21,7;5,8;5,6;36;35;35;49;3,3;1,6;
2021/07/26;0400 UTC;0;941,5;941,9;941,5;;21,6;6;22;21,5;6,1;5,7;37;35;36;53;5;2;
2021/07/26;0500 UTC;0;941,1;941,5;941,1;;21,1;5,8;21,7;21;6;5,8;37;36;37;46;5;1,6;
2021/07/26;0600 UTC;0;940,8;941,2;940,8;;20,8;5,7;21,1;20,5;5,9;5,7;38;37;38;45;4,7;1,9;
2021/07/26;0700 UTC;0;940,7;940,8;940,6;;20,5;5,6;21;20,5;5,7;5,6;38;37;38;39;6,1;2,3;
2021/07/26;0800 UTC;0;940,6;940,7;940,4;;19,6;5,6;20,5;19,4;5,6;5,5;40;38;40;54;7,8;3,2;
2021/07/26;0900 UTC;0;940,9;940,9;940,5;;18,6;5,6;19,6;18,6;5,6;5,5;42;40;42;32;7,8;2,2;
2021/07/26;1000 UTC;0;941,2;941,2;940,8;;18,2;5,8;18,8;18,2;5,8;5,6;44;42;44;37;7,9;2,9;
2021/07/26;1100 UTC;0;941,9;942;941,2;87,1;18,7;6;18,7;18,1;6;5,8;45;43;43;32;7,9;2,3;
2021/07/26;1200 UTC;0;942,7;942,7;942;775,4;19,7;6,6;19,7;18,7;6,8;6;44;43;43;35;6,8;2,3;
2021/07/26;1300 UTC;0;943,1;943,1;942,7;1531;21,2;7,5;21,3;19,7;7,5;6,7;43;41;41;36;7,8;3,1;
2021/07/26;1400 UTC;0;942,9;943,2;942,9;2109,9;23,2;7,9;23,5;21,2;8,1;7,2;41;37;38;26;6,7;3,1;
2021/07/26;1500 UTC;0;942,3;942,9;942,3;2481,1;25,9;7,6;26;23,2;8,5;7,3;37;31;31;360;7,5;3,2;
2021/07/26;1600 UTC;0;941,4;942,3;941,3;2634,3;27,6;7,4;27,6;25,8;8,2;7,2;32;28;28;356;8,8;3,1;
2021/07/26;1700 UTC;0;940,1;941,4;940,1;2546,2;28,4;7,4;28,5;26,9;7,8;6,3;29;26;27;7;6,9;2,6;
2021/07/26;1800 UTC;0;939,1;940,2;939,1;2216,7;28,6;7,8;29,1;28;8,2;7,1;27;26;27;20;6,7;2,3;
2021/07/26;1900 UTC;0;938,6;939,1;938,6;1687,6;28,7;7,9;29,6;28,3;8,6;7,3;28;26;27;331;7,1;2,1;
2021/07/26;2000 UTC;0;938,4;938,6;938,3;1009,6;27,9;8,1;29,3;27,9;8,5;7,8;29;27;29;324;5,9;2;
2021/07/26;2100 UTC;0;938,4;938,4;938,3;131,8;26,1;8,1;27,9;26,1;8,4;7,9;32;29;32;341;5,9;1,2;
2021/07/26;2200 UTC;0;938,5;938,5;938,4;0;23,6;8,7;26,2;23,6;8,8;8,2;39;32;39;8;2,3;,7;
2021/07/26;2300 UTC;0;938,8;938,8;938,5;;23,8;8,3;23,9;23,4;8,7;8,2;39;37;37;8;2,3;1;
2021/07/27;0000 UTC;0;939,2;939,2;938,8;;23,5;8,2;23,9;23,3;8,4;8,2;38;37;38;18;2,7;1,3;
2021/07/27;0100 UTC;0;939,5;939,6;939,1;;23,9;8;24;23,5;8,2;8;38;36;36;25;3,3;1,4;
2021/07/27;0200 UTC;0;940,2;940,2;939,5;;23;8,1;24;23;8,2;8;38;36;38;360;3,7;1,4;
2021/07/27;0300 UTC;0;940;940,3;939,9;;22,3;8,2;23,2;22,2;8,3;8,1;41;38;40;10;3,1;1,3;
2021/07/27;0400 UTC;0;940;940,2;940;;22,4;8,1;22,9;22,2;8,2;8;40;39;40;13;3,6;1,6;
2021/07/27;0500 UTC;0;939,4;940;939,4;;22,8;8;22,8;22,3;8,1;8;40;39;39;14;4,6;2;
2021/07/27;0600 UTC;0;938,8;939,4;938,8;;22,6;7,7;22,8;22,5;8;7,7;39;38;38;30;5,3;2,2;
2021/07/27;0700 UTC;0;938,3;938,8;938,3;;22,4;7,5;22,7;22,3;7,7;7,5;39;38;38;28;5,8;2,3;
2021/07/27;0800 UTC;0;937,8;938,3;937,8;;21,1;7,6;22,4;21,1;7,6;7,5;42;38;42;39;6,9;2,9;
2021/07/27;0900 UTC;0;937,6;937,8;937,6;;20,6;7,3;21;20,5;7,6;7,2;43;42;42;30;7;2,6;
2021/07/27;1000 UTC;0;938,1;938,1;937,6;;19,6;7,4;20,7;19,5;7,5;7,3;45;42;45;12;7;2,4;
2021/07/27;1100 UTC;0;938,5;938,5;938,1;90;19,1;7,6;19,6;18,8;7,6;7,3;48;45;47;9;6,8;3;
2021/07/27;1200 UTC;0;939,1;939,1;938,5;777,1;21;8,2;21;19,1;8,3;7,6;47;43;44;18;7,2;2,5;
2021/07/27;1300 UTC;0;939,5;939,7;939;1505,6;22,9;8,5;22,9;20,8;8,8;7,9;44;40;40;19;6,8;2,1;
2021/07/27;1400 UTC;0;939,1;939,5;939,1;2098,3;24;8,7;24,3;22,7;9,2;8,3;40;38;38;9;9,6;3,9;
2021/07/27;1500 UTC;0;938,7;939,1;938,7;2469,1;26,9;9,1;26,9;24;9,7;8,6;38;32;33;6;8,6;3,4;
2021/07/27;1600 UTC;0;938;938,7;938;2080,2;29,6;10,1;29,6;26,9;10,2;8,9;33;29;30;321;7,8;2,4;
2021/07/27;1700 UTC;0;937;938;937;2267,5;30,8;10,1;30,9;28,9;10,6;9,4;30;28;28;319;9,6;3,2;
2021/07/27;1800 UTC;0;936,6;937;936,6;1137,3;28,8;10,7;30,9;28,8;10,9;10,1;32;28;32;277;10,6;4,3;
2021/07/27;1900 UTC;0;936,6;936,7;936,5;603,2;28,3;11,4;28,8;27,7;11,7;10,7;36;32;35;279;13;4;
2021/07/27;2000 UTC;0;936,6;936,7;936,5;772;27,2;11,8;28,5;27,2;12;11,3;39;35;39;274;10,6;3,7;
2021/07/27;2100 UTC;0;937,3;937,3;936,6;148,7;24,8;12,9;27,1;24,8;12,9;11,9;48;39;48;271;10;3,4;
2021/07/27;2200 UTC;0;937,6;937,6;937,2;;23;13,9;24,8;23;13,9;12,9;56;48;56;263;8,6;2,6;
2021/07/27;2300 UTC;0;938,1;938,1;937,6;;21,5;15;23;21,5;15;13,9;66;56;66;246;6,9;2,2;
2021/07/28;0000 UTC;0;939,2;939,2;938,1;;19,3;15,7;21,5;19,3;15,7;15;80;66;80;251;7,9;2,5;
2021/07/28;0100 UTC;0;939,5;939,6;939,2;;17,7;16,1;19,3;17,7;16,2;15,7;91;80;91;249;7,6;2,4;
2021/07/28;0200 UTC;0;939,5;940;939,4;;16,5;16,1;17,7;16,5;16,2;16;98;91;98;235;7,8;2,1;
2021/07/28;0300 UTC;,6;939,4;939,7;939,2;;16;16;16,5;16;16,4;16;100;98;100;241;5,8;1,5;
2021/07/28;0400 UTC;,4;939,6;939,8;939,4;;13,8;12,9;16;13,8;16;12,9;100;95;95;206;7,8;1,8;
2021/07/28;0500 UTC;0;940;940;939,3;,6;13,3;11,7;13,8;13,3;13;11,7;96;90;90;229;5,7;1,6;
2021/07/28;0600 UTC;0;940,2;940,7;940;,1;13;11,9;13,3;13;11,9;11,4;93;88;93;206;8,3;1,1;
2021/07/28;0700 UTC;,4;939,4;940,2;939,3;;11,9;11,7;13;11,9;12;11,6;99;92;99;177;5,2;,7;
2021/07/28;0800 UTC;0;939,9;940;939,3;;11,7;11,5;12;11,7;11,9;11,5;99;98;98;195;6,4;1;
2021/07/28;0900 UTC;0;939,5;940,3;939,5;;11,4;11,1;11,7;11,3;11,5;10,9;99;98;98;198;4,2;,8;
2021/07/28;1000 UTC;,2;940,3;940,3;939,3;;10,9;10,8;11,3;10,9;11;10,8;100;98;99;205;4,3;,9;
2021/07/28;1100 UTC;1,2;941,3;941,3;940,3;20,6;10,8;10,7;11;10,8;10,9;10,7;99;99;99;243;4,3;,9;
2021/07/28;1200 UTC;0;942,2;942,2;941,3;142,5;10,7;10,5;10,8;10,5;10,7;10,4;99;98;99;253;4,8;1,3;
2021/07/28;1300 UTC;,2;943,2;943,9;942,2;206,7;10,7;10,4;10,7;10,4;10,5;10;99;97;98;236;7,5;1,2;
2021/07/28;1400 UTC;0;944,1;944,1;942,8;438,3;11,2;10,5;11,3;10,4;10,7;10;98;95;95;255;6,2;1,7;
2021/07/28;1500 UTC;,2;943,6;944,4;943,6;281,2;10,4;9,7;11,2;10,4;10,5;9,7;97;94;96;243;5,7;2,3;
2021/07/28;1600 UTC;0;943,6;944;943,5;548,2;11,1;9,5;11,2;10,3;10,4;9,2;97;88;90;241;5,7;2,1;
2021/07/28;1700 UTC;0;943,2;943,6;943;709,4;12,1;9,6;12,2;11;9,8;8,8;90;81;84;277;5;2,2;
2021/07/28;1800 UTC;0;942,7;943,3;942,6;1234,8;13,5;9,3;13,5;11,7;9,7;8,4;84;73;76;257;6;2,4;
2021/07/28;1900 UTC;0;942,6;942,9;942,5;790,1;12,5;7,6;13,6;12,3;9,4;7;81;69;72;256;6;2;
2021/07/28;2000 UTC;0;943;943;942,6;464,2;12,4;7,9;12,8;12,3;7,9;6,6;74;67;74;289;5,6;2,5;
2021/07/28;2100 UTC;0;943,5;943,5;943;168,2;11,5;7,7;12,4;11,5;8,1;7,5;78;72;78;293;6,3;2,2;
2021/07/28;2200 UTC;0;944;944,1;943,5;1;11,1;5,5;11,5;10,9;7,8;5,5;80;68;68;282;6;2,1;
2021/07/28;2300 UTC;0;945,1;945,1;944;;10,2;,5;11,7;10,2;5;,4;68;50;51;267;8,6;2,5;
2021/07/29;0000 UTC;0;945,6;945,6;945,1;;9,4;,1;10,3;9,4;,8;,1;54;50;52;272;6,8;3,3;
2021/07/29;0100 UTC;0;946,2;946,2;945,6;;8,5;-,2;9,4;8,5;,3;-,4;55;52;54;263;7,3;2,8;
2021/07/29;0200 UTC;0;946,4;946,5;946,1;;8,5;-,6;8,6;8,1;,1;-,6;56;53;53;267;6,9;2,7;
2021/07/29;0300 UTC;0;946,8;946,8;946,4;;7,9;-,6;8,5;7,9;-,4;-,7;56;52;55;263;7,4;3;
2021/07/29;0400 UTC;0;946,9;946,9;946,7;;6,8;0;8;6,8;0;-,9;62;54;62;254;7,5;2,3;
2021/07/29;0500 UTC;0;946,5;946,9;946,5;;6,2;-,7;6,8;6,2;,1;-,9;63;60;61;254;6,8;2,1;
2021/07/29;0600 UTC;0;946,2;946,5;946,2;;5,4;-,9;6,3;5,4;-,6;-1,1;64;60;63;255;5,8;1,6;
2021/07/29;0700 UTC;0;945,8;946,2;945,8;;4,3;-1;5,4;4,3;-,8;-1,3;69;63;69;241;5,5;1,6;
2021/07/29;0800 UTC;0;945,7;945,9;945,5;;3,5;-,9;4,6;3,5;-,9;-1,2;73;67;73;227;5,1;1,1;
2021/07/29;0900 UTC;0;945,8;945,8;945,6;;3,1;-1,1;3,5;3,1;-,7;-1,3;76;72;74;216;4;,7;
2021/07/29;1000 UTC;0;946,2;946,2;945,9;;2,2;-,9;3,3;2,1;-,9;-1,3;80;73;80;221;3,8;,6;
2021/07/29;1100 UTC;0;946,8;946,8;946,2;109,8;4,2;-,1;4,2;1,7;-,1;-1,3;82;73;74;186;3,2;,6;
2021/07/29;1200 UTC;0;947,5;947,6;946,7;885,1;6;-,2;6;4,2;-,1;-1,2;74;62;64;169;4,7;1,5;
2021/07/29;1300 UTC;0;948,2;948,2;947,5;1708,6;7,8;,5;8,3;6;1,1;-,6;66;56;60;147;4,8;1,9;
2021/07/29;1400 UTC;0;948,4;948,5;948,2;2318;9,9;,4;10,2;7,7;2,1;0;62;50;52;187;4,8;1,3;
2021/07/29;1500 UTC;0;948;948,4;948;2710,2;11;-,6;11,3;8,4;1,7;-1,1;56;44;45;156;4,7;1,3;
2021/07/29;1600 UTC;0;946,9;948;946,9;2886;13,3;0;13,3;9,9;,7;-1,7;48;39;40;188;4,2;1,2;
2021/07/29;1700 UTC;0;945,9;946,9;945,9;2791,8;13,2;-4,9;13,5;11,7;-,6;-4,9;42;28;28;183;6;1,8;
2021/07/29;1800 UTC;0;945,4;945,9;945,4;2460,8;14;-3,9;14,4;12,8;-3,2;-6,2;31;25;29;188;6;1,2;
2021/07/29;1900 UTC;0;945,4;945,5;945,3;1895,9;14,2;-4,8;15,2;13,3;-2,8;-6,1;30;23;26;178;3,7;1;
2021/07/29;2000 UTC;0;945,5;945,6;945,4;1169;13,2;-4,8;14,7;13,2;-4,2;-6,3;29;24;28;212;3,8;,9;
2021/07/29;2100 UTC;0;945,6;945,8;945,5;151,4;10,5;-4,5;13,2;10,5;-3,5;-6,3;36;26;35;165;4,4;,5;
2021/07/29;2200 UTC;0;945,9;945,9;945,6;,4;8,7;-4;10,5;8,7;-3,4;-4,5;42;35;41;208;2,7;,6;
2021/07/29;2300 UTC;0;946,1;946,1;945,9;;7,3;-3,7;8,8;7,3;-3,6;-4,2;46;40;45;143;1,8;,4;
2021/07/30;0000 UTC;0;946,8;946,8;946;;7,4;-3,8;7,6;7,1;-3,6;-4,1;46;44;45;194;1,5;,3;
2021/07/30;0100 UTC;0;947;947,2;946,8;;6,9;-3,8;7,5;6,9;-3,6;-4,2;47;44;47;176;1,5;,4;
2021/07/30;0200 UTC;0;947,3;947,4;947;;6,2;-3,2;6,8;6,2;-3;-3,7;51;47;51;164;1,7;,4;
2021/07/30;0300 UTC;0;947,2;947,3;947,1;;5,7;-3;6,2;5,7;-2,8;-3,3;54;51;54;22;1,3;,2;
2021/07/30;0400 UTC;0;947;947,3;946,9;;6,1;-2,9;6,3;5,5;-2,8;-3,2;55;51;53;113;2,4;,4;
2021/07/30;0500 UTC;0;946,7;947;946,6;;5,6;-2,6;6,1;5,4;-2,6;-3,2;56;51;56;160;2,2;,5;
2021/07/30;0600 UTC;0;946,3;946,8;946,3;;4,7;-2,8;5,6;4,7;-2,7;-3,3;59;53;59;153;3;1;
2021/07/30;0700 UTC;0;945,9;946,3;945,9;;5,8;-2,9;5,9;4,2;-2,5;-3,1;61;53;54;142;5,5;1,8;
2021/07/30;0800 UTC;0;945,9;945,9;945,7;;5,7;-2,4;5,9;5,2;-2,2;-2,8;58;54;56;124;7;3,3;
2021/07/30;0900 UTC;0;946,1;946,2;945,9;;4,8;-1,8;5,8;4,6;-1,7;-2,4;64;55;62;128;7;2,5;
2021/07/30;1000 UTC;0;946,8;946,8;946,1;;4,9;-1,4;5,2;4,7;-1,4;-1,8;64;61;63;118;7,5;3,4;
2021/07/30;1100 UTC;0;947,4;947,4;946,8;89,1;6;-1,9;6;4,8;-1,4;-1,9;64;57;57;126;9,6;3,7;
2021/07/30;1200 UTC;0;948,4;948,4;947,4;897,6;8,3;-2,2;8,3;6;-1,2;-2,2;58;48;48;126;9,6;3,6;
2021/07/30;1300 UTC;0;949;949;948,3;1457,1;10,6;-1;10,6;7,8;-,9;-2,4;50;44;45;131;7,5;3,5;
2021/07/30;1400 UTC;0;949,2;949,3;949;2099,5;12,7;-4,8;12,8;9,5;-1;-5;45;29;29;104;9,5;3,9;
2021/07/30;1500 UTC;0;948,7;949,3;948,7;2473,9;14,2;-3,8;14,4;12,2;-3;-5,3;31;27;29;114;7,8;2,9;
2021/07/30;1600 UTC;0;947,9;948,7;947,9;2597,7;16,1;-2,3;16,1;13,3;-1,7;-4;31;28;28;128;6,5;2,3;
2021/07/30;1700 UTC;0;946,9;947,9;946,9;2517,6;17,2;-3,6;17,3;15,3;-2;-5,1;29;23;24;142;7,5;2,3;
2021/07/30;1800 UTC;0;946,4;946,9;946,4;2106,3;18,4;-3,6;18,9;16,4;-2,3;-4,5;26;22;22;164;6,3;1,4;
2021/07/30;1900 UTC;0;946,2;946,4;946,1;1510,3;17,4;-3,3;18,5;16,8;-2,4;-4,4;25;22;24;143;4,5;1,6;
2021/07/30;2000 UTC;0;946,1;946,2;945,9;954,4;16,4;-2,5;17,6;16,4;-2,2;-3,9;28;24;27;128;5,6;1,7;
2021/07/30;2100 UTC;0;946,2;946,4;946,1;185,8;14,3;-1,2;16,4;14,3;-,8;-2,9;35;26;34;131;4,3;1,2;
2021/07/30;2200 UTC;0;946,4;946,5;946,2;1,5;12,4;-,8;14,3;12,4;-,8;-1,7;40;34;40;124;2,6;,7;
2021/07/30;2300 UTC;0;946,9;946,9;946,4;;12,4;1,4;12,7;11,6;1,4;-1,1;47;39;47;140;4,8;1,8;
2021/07/31;0000 UTC;0;947,5;947,5;946,9;;11,3;2,1;12,5;11,3;2,2;1,4;53;47;53;138;4,8;1,7;
2021/07/31;0100 UTC;0;947,8;947,8;947,4;;10,7;3,2;11,7;10,7;3,2;2,3;60;53;60;142;6,7;2,4;
2021/07/31;0200 UTC;0;948,1;948,2;947,8;;9,4;3,6;11;9,4;3,7;3,2;67;59;67;139;6,3;2,5;
2021/07/31;0300 UTC;0;948,1;948,3;948,1;;8,3;4,1;9,5;8,3;4,2;3,7;75;67;75;145;8,2;2,6;
2021/07/31;0400 UTC;0;947,8;948,2;947,8;;7,6;4,1;8,3;7,6;4,3;4,1;79;75;78;154;7,8;2,6;
2021/07/31;0500 UTC;0;947,3;947,9;947,2;;7,2;4;7,6;7,1;4,2;3,9;81;78;80;148;7,9;3,4;
2021/07/31;0600 UTC;0;947,2;947,3;946,8;;6,9;3,9;7,2;6,8;4;3,7;81;80;81;148;8,5;2,8;
2021/07/31;0700 UTC;0;946,9;947,3;946,8;;6,4;3,9;7;6,4;3,9;3,7;84;80;84;137;9;3,3;
2021/07/31;0800 UTC;0;946,9;947,1;946,8;;6,8;4,3;6,8;6,3;4,3;3,9;85;83;84;146;9,6;4;
2021/07/31;0900 UTC;0;947,2;947,2;946,8;;6,9;4,5;7;6,6;4,6;4,2;85;84;85;143;10,7;3,2;
2021/07/31;1000 UTC;0;947,7;947,7;947;;7,1;4,6;7,3;6,8;4,8;4,4;86;84;84;131;9,8;4,4;
2021/07/31;1100 UTC;0;947,9;948;947,6;135,9;7,8;4,8;7,8;7,1;4,8;4,6;85;81;81;129;10,9;4,2;
2021/07/31;1200 UTC;0;948,5;948,5;947,9;826,5;10,1;5,2;10,1;7,8;5,3;4,7;82;72;72;134;8,9;3,9;
2021/07/31;1300 UTC;0;949;949,1;948,5;1568,2;13,3;5,6;13,3;9,9;5,7;4,9;72;60;60;133;8,1;3,4;
2021/07/31;1400 UTC;0;948,9;949,1;948,9;2180,7;16,3;5,8;16,3;12,9;5,8;4,9;60;49;50;118;7,2;3,8;
2021/07/31;1500 UTC;0;948,4;948,9;948,4;2595,9;19;4,9;19;16,3;5,9;4,8;50;39;39;107;8;3,7;
2021/07/31;1600 UTC;0;947,6;948,5;947,6;2756,3;20,7;4;21,6;18,6;5,3;4;39;33;33;118;8;3,5;
2021/07/31;1700 UTC;0;946,5;947,6;946,5;2682,6;22,3;3,6;22,5;20,4;4,7;3,3;34;29;29;109;7,4;2,5;
2021/07/31;1800 UTC;0;945,9;946,5;945,9;1917,5;22,3;2,7;22,5;21,6;3,7;2,1;31;27;28;127;6,7;2,5;
2021/07/31;1900 UTC;0;945,8;946;945,7;1507,9;22,5;2,9;23,3;22,2;3,4;1,2;29;24;28;128;5,9;1,9;
2021/07/31;2000 UTC;0;946;946;945,7;726,2;21,7;2,6;23,2;21,4;3,2;2,1;30;26;28;130;4,7;1,9;
2021/07/31;2100 UTC;0;946,8;946,8;946;255,2;20;2,8;21,9;20;3,5;2,5;33;28;32;138;4,7;1,7;
2021/07/31;2200 UTC;0;947,4;947,4;946,7;2,4;18;3,2;20;17,8;3,2;2,7;38;32;37;143;4,1;1,5;
2021/07/31;2300 UTC;0;948,1;948,1;947,4;;16,1;5,4;18;15,5;5,4;3,1;49;37;49;157;5,6;1,8;
2021/08/01;0000 UTC;0;948,3;948,3;948;;15,6;4,8;16,1;15,4;5,5;4,7;50;47;48;140;6,3;2;
2021/08/01;0100 UTC;0;948,2;948,3;948,1;;15,4;4,4;16,1;15,2;4,8;4,2;49;45;48;149;8,5;1,8;
2021/08/01;0200 UTC;0;948,3;948,5;948,2;;13,6;6,9;15,3;13,6;7;4,4;64;48;64;148;6;2,3;
2021/08/01;0300 UTC;0;948,3;948,4;948,2;;12,4;7,9;13,6;12,4;8,1;6,9;74;64;74;154;7,7;2;
2021/08/01;0400 UTC;0;948,4;948,5;948,2;;11,5;8,1;12,5;11,5;8,1;8;79;74;79;161;7,5;1,9;
2021/08/01;0500 UTC;0;948;948,5;948;;10,8;7,9;11,5;10,8;8,1;7,9;82;79;82;143;6,3;2,4;
2021/08/01;0600 UTC;0;947,9;948,1;947,9;;10,3;7,8;11;10,2;8;7,7;85;81;84;162;7,1;1,6;
2021/08/01;0700 UTC;0;948,5;948,5;947,9;;9,7;7,8;10,3;9,7;7,9;7,7;88;84;88;151;6,9;1,9;
2021/08/01;0800 UTC;0;948,7;948,7;948,2;;9,1;8;9,7;9;8;7,7;93;88;93;158;7;2;
2021/08/01;0900 UTC;0;949,4;949,4;948,7;;9;8,1;9,1;8,9;8,1;7,9;94;93;94;151;6,6;2,5;
2021/08/01;1000 UTC;0;950,5;950,5;949,4;;8,9;8,3;9,1;8,8;8,3;8;96;94;96;151;6,9;2,4;
2021/08/01;1100 UTC;0;951,2;951,2;950,5;85,2;9,2;8,5;9,2;8,9;8,5;8,3;96;95;95;147;6;2,1;
2021/08/01;1200 UTC;0;951,4;951,5;951,2;579,3;11,7;9,1;11,8;9,2;9,5;8,5;95;84;84;143;6,3;2,3;
2021/08/01;1300 UTC;0;951,6;951,7;951,3;386,2;12,3;8,9;12,3;11,4;9,2;8,8;85;80;80;131;5,6;2;
2021/08/01;1400 UTC;0;950,7;951,7;950,7;596,3;14,1;8,4;14,1;12,2;9,1;8,4;80;69;69;94;5;3,1;
2021/08/01;1500 UTC;0;950,3;950,7;950;1463,9;18,3;8,6;18,3;14,1;8,9;8,2;69;53;53;53;5,6;1,3;
2021/08/01;1600 UTC;0;949,4;950,4;949,4;1949,5;20,7;8,2;21,1;18,3;9,4;7,9;53;44;45;259;3,7;,9;
2021/08/01;1700 UTC;0;948,7;949,4;948,6;1779,1;21,3;8,8;22;20,2;9,7;7,5;48;43;45;209;3,5;1;
2021/08/01;1800 UTC;0;947,6;948,7;947,6;1589,6;22;8,9;22,4;21,1;9,5;8,5;46;42;43;138;3,2;1,2;
2021/08/01;1900 UTC;0;947,1;947,7;947,1;1757,3;22,8;8,9;23,1;22;9,1;7,8;43;39;41;147;3,6;1,3;
2021/08/01;2000 UTC;0;947,3;947,4;947,1;904,3;20,8;9,3;23;20,8;9,3;8,6;48;41;48;143;3,7;,7;
2021/08/01;2100 UTC;0;947,6;947,7;947,3;170,1;18,5;9,1;21,1;18,5;9,6;8,8;55;45;54;151;2,2;,5;
2021/08/01;2200 UTC;0;948,1;948,1;947,6;;17,5;8,7;18,5;17,4;9,1;8,7;57;54;57;207;2,1;,5;
2021/08/01;2300 UTC;0;948,3;948,3;948;;16,4;9;17,5;16,2;9;8,7;62;57;62;163;2;,7;
2021/08/02;0000 UTC;0;948,5;948,6;948,3;;15,6;8,8;16,5;15,4;9;8,7;65;61;64;158;2,6;,6;
2021/08/02;0100 UTC;0;948,9;948,9;948,5;;15,5;9,1;15,6;14,9;9,2;8,7;67;64;66;166;3,4;,6;
2021/08/02;0200 UTC;0;948,8;948,9;948,8;;15,1;8,5;16;15,1;9,2;8,4;66;63;64;152;3,1;1;
2021/08/02;0300 UTC;0;948,7;948,8;948,6;;15,2;8,5;16,1;14,7;8,5;8,2;65;61;65;149;4,5;1,3;
2021/08/02;0400 UTC;0;948;948,7;948;;14,9;9,1;15,3;14,8;9,1;8,5;68;64;68;150;5,4;1,5;
2021/08/02;0500 UTC;0;947,7;948,1;947,6;;14;9,4;14,9;14;9,5;9;73;68;73;164;4,7;1,2;
2021/08/02;0600 UTC;0;947,2;947,7;947,1;;13,1;9,6;14;13,1;9,7;9,2;79;73;79;152;4,6;1,4;
2021/08/02;0700 UTC;0;946,8;947,2;946,8;;12,4;9,8;13,2;12,4;9,9;9,6;84;79;84;150;4,6;1,9;
2021/08/02;0800 UTC;0;946,7;946,8;946,7;;12,2;9,9;12,4;12,1;10;9,8;86;84;86;147;4,7;2,3;
2021/08/02;0900 UTC;0;946,9;947;946,7;;10,9;9,8;12,2;10,8;9,9;9,3;92;86;92;158;4,7;1;
2021/08/02;1000 UTC;0;947,5;947,5;946,9;;11,1;9,6;11,8;10,7;10;9,4;93;88;91;167;4,3;,9;
2021/08/02;1100 UTC;0;948,1;948,2;947,5;135,7;12,4;10,2;12,4;10,8;10,3;9,5;93;86;86;156;2,9;1;
2021/08/02;1200 UTC;0;948,7;948,8;948,1;750,9;13,6;10,2;13,9;12,3;10,5;10,1;87;79;80;140;4,9;2,8;
2021/08/02;1300 UTC;0;948,9;949;948,7;1542,8;17;10,8;17;13,6;11,1;10;81;67;67;143;5,6;2,1;
2021/08/02;1400 UTC;0;948,7;949;948,7;2166,8;18,8;9,7;19,6;16,5;11,1;9,6;67;54;56;113;4,6;2,7;
2021/08/02;1500 UTC;0;948,1;948,8;948,1;2556,6;21,9;8,7;22,7;18,8;10,5;8,1;56;41;43;126;4,7;1,9;
2021/08/02;1600 UTC;0;947,2;948,1;947,2;2704;23,7;6,2;24,5;21,4;9,2;6,2;44;32;32;174;4,7;1,2;
2021/08/02;1700 UTC;0;946,2;947,2;946,2;2630,6;24,6;8,3;25,2;23,6;8,7;5,8;36;31;35;213;3,4;1,1;
2021/08/02;1800 UTC;0;945,4;946,2;945,4;2308,2;25,3;8,9;25,7;23,7;9,2;7,7;37;34;35;176;4,2;1,1;
2021/08/02;1900 UTC;0;945,1;945,4;945;1767;24,9;9,1;25,7;24,4;9,5;8,2;37;34;37;166;4,3;1,2;
2021/08/02;2000 UTC;0;944,9;945,1;944,9;1087,5;24;9,3;24,9;23,8;9,5;8,5;40;36;39;129;2,9;,7;
2021/08/02;2100 UTC;0;945,3;945,3;944,9;148,2;20,8;9,7;24,1;20,8;9,7;9;49;39;49;206;3;,4;
2021/08/02;2200 UTC;0;945,5;945,5;945,3;1,8;19,4;9,4;20,8;19,2;9,6;9,2;53;48;52;204;2,3;,5;
2021/08/02;2300 UTC;0;945,8;945,8;945,5;;17,8;9,3;19,4;17,8;9,4;9,1;58;52;58;197;1,8;,3;
2021/08/03;0000 UTC;0;946,3;946,3;945,8;;16,5;9;17,8;16,5;9,3;9;62;57;62;152;1,8;,5;
2021/08/03;0100 UTC;0;946,2;946,3;946,2;;15,7;9,1;16,5;15,7;9,1;8,9;65;61;65;152;2;,7;
2021/08/03;0200 UTC;0;946,3;946,4;946,2;;15,6;8,9;15,9;15,3;9,3;8,9;67;64;64;179;2;,4;
2021/08/03;0300 UTC;0;946,2;946,4;946,2;;15,1;8,6;15,6;14,9;8,9;8,6;67;64;65;154;2,2;,4;
2021/08/03;0400 UTC;0;946;946,2;946;;14,9;8,7;15,2;14,8;8,7;8,2;66;64;66;136;4;1,2;
2021/08/03;0500 UTC;0;945,8;946;945,8;;14,5;8,4;16,2;14,5;8,8;8,3;67;61;67;159;5,9;,7;
2021/08/03;0600 UTC;0;945,5;945,8;945,4;;12,9;8,4;14,5;12,9;8,7;8,2;74;67;74;155;3,4;1,1;
2021/08/03;0700 UTC;0;945,1;945,5;945;;13,8;9,4;14,4;12,6;9,7;8,5;78;72;75;137;5,5;1,8;
2021/08/03;0800 UTC;0;945,2;945,2;945,1;;12,7;8,9;14;12,7;9,4;8,9;78;74;78;164;4,3;,9;
2021/08/03;0900 UTC;0;945,5;945,5;945,2;;10,8;8,9;12,7;10,8;9,1;8,5;88;78;88;156;3,2;,8;
2021/08/03;1000 UTC;0;946,1;946,2;945,5;;11,2;9,6;11,3;10,1;9,6;8,5;93;88;90;153;3,9;1,6;
2021/08/03;1100 UTC;0;946,7;946,7;946,1;160,6;12,8;9,8;12,8;10,9;9,8;9,4;91;82;82;150;6,5;1,7;
2021/08/03;1200 UTC;0;947,6;947,6;946,7;851,6;13,7;10,5;14;12,8;10,7;9,7;84;78;81;145;5,6;2,3;
2021/08/03;1300 UTC;0;948;948,1;947,6;1705,6;16,1;10,9;16,1;13,6;10,9;9,9;81;70;71;132;6,4;2,4;
2021/08/03;1400 UTC;0;947,9;948,1;947,9;2309,5;18,4;9,3;19,4;15,9;10,9;9,2;71;54;55;138;7,8;2,8;
2021/08/03;1500 UTC;0;947,5;947,9;947,5;2714,8;20,2;8,9;21,4;18,4;10,3;8,5;56;47;48;122;7,8;2,7;
2021/08/03;1600 UTC;0;946,9;947,5;946,8;2873,1;22,6;7,5;22,7;20,2;9,4;5,8;49;35;38;135;6,5;2,6;
2021/08/03;1700 UTC;0;946,1;946,9;946;2768,6;22,3;6,3;23,9;21,4;8;5,8;40;33;36;135;6,5;1,7;
2021/08/03;1800 UTC;0;945,2;946,1;945,2;2422,6;22,4;6,2;23,4;21,9;7,1;5,6;37;33;35;119;6,6;2,7;
2021/08/03;1900 UTC;0;944,9;945,2;944,9;1862,7;22,7;6,2;23,8;22,3;7;5,3;36;32;35;128;6,6;2,3;
2021/08/03;2000 UTC;0;945,2;945,2;944,9;1191,2;21,6;4,9;23,1;21,6;6,4;4,8;35;32;34;150;5,5;1,6;
2021/08/03;2100 UTC;0;945,7;945,7;945,2;166,7;19,3;4,1;21,6;19,3;5,1;4,1;37;34;37;153;6,4;1,8;
2021/08/03;2200 UTC;0;946,3;946,4;945,7;2,6;17,2;5,1;19,4;17;5,1;4,1;45;36;45;159;5,4;1,4;
2021/08/03;2300 UTC;0;946,9;946,9;946,3;;16,2;5,8;17,3;15,7;5,8;5,1;51;45;50;149;5,2;1,5;
2021/08/04;0000 UTC;0;947,3;947,4;946,9;;15,6;6,2;16,6;15,6;6,2;5,7;54;49;54;141;6,9;2;
2021/08/04;0100 UTC;0;947,5;947,5;947,3;;14,5;6,7;15,7;14,5;6,8;6,2;59;53;59;151;8,5;2,4;
2021/08/04;0200 UTC;0;947,6;947,6;947,4;;13,9;6,4;14,7;13,9;6,7;6,4;61;59;61;166;9,3;2,2;
2021/08/04;0300 UTC;0;947,5;947,6;947,4;;12,6;7,1;13,9;12,6;7,1;6,4;69;61;69;163;7,4;1,9;
2021/08/04;0400 UTC;0;947,7;947,7;947,3;;11,8;7,5;12,7;11,7;7,5;7;75;69;75;151;6,1;1,6;
2021/08/04;0500 UTC;0;947,3;947,7;947,3;;11,5;7,4;12;11,4;7,6;7,3;77;74;76;161;6,7;2,4;
2021/08/04;0600 UTC;0;947,1;947,3;947,1;;11;7,5;11,5;10,9;7,5;7,3;79;76;79;159;7,1;2,5;
2021/08/04;0700 UTC;0;946,9;947,1;946,8;;10,4;7,5;11;10,3;7,5;7,3;82;79;82;137;7,8;3,2;
2021/08/04;0800 UTC;0;946,9;946,9;946,8;;9,6;7,6;10,4;9,6;7,7;7,4;87;82;87;130;7,1;2,9;
2021/08/04;0900 UTC;0;947,1;947,1;946,9;;9,1;7,8;9,7;9,1;7,8;7,5;92;87;91;129;6,9;3;
2021/08/04;1000 UTC;0;947,6;947,7;947,1;;9,2;8,1;9,3;9;8,1;7,8;93;91;93;141;7,9;2,9;
2021/08/04;1100 UTC;0;947,9;948;947,6;170,7;10,6;8,6;10,6;9,2;8,6;8;93;88;88;144;8;3,2;
2021/08/04;1200 UTC;0;948,4;948,4;947,9;861,4;12,5;8,9;12,6;10,5;9,2;8,4;88;78;78;134;9;3,9;
2021/08/04;1300 UTC;0;948,8;948,8;948,3;1677,8;14,8;9,1;15,1;12,3;9,4;8,7;80;67;69;132;9,3;3,7;
2021/08/04;1400 UTC;0;948,7;948,9;948,7;2283,3;17,8;9,4;17,8;14,8;9,7;8,8;69;58;58;134;9,4;3,6;
2021/08/04;1500 UTC;0;947,9;948,7;947,9;2553,3;19,6;9,1;19,9;17,4;9,8;8,6;59;50;51;116;8,7;2,9;
2021/08/04;1600 UTC;0;947,3;947,9;947,3;2258,3;20,9;9;21,1;18,9;10;8,9;53;46;47;105;7,5;3;
2021/08/04;1700 UTC;0;946,7;947,4;946,7;2078,6;21,7;8,8;22,3;20,7;9,7;8,8;48;43;44;120;8,1;2,8;
2021/08/04;1800 UTC;0;946;946,7;946;1486,6;21,2;9,3;21,8;21;9,8;8,4;47;44;46;107;6,6;2,2;
2021/08/04;1900 UTC;0;945,7;946;945,6;1688,9;22,2;9;22,9;21,2;9,3;8,3;46;41;43;95;6,7;2,6;
2021/08/04;2000 UTC;0;946,1;946,1;945,7;978,6;21,7;8,9;22,7;21,4;9,1;8,3;45;41;44;101;6,4;2,5;
2021/08/04;2100 UTC;0;946,6;946,6;946,1;214,6;20,4;8,9;21,8;20,4;9,3;8,9;48;44;48;113;6,3;1,5;
2021/08/04;2200 UTC;0;946,5;946,6;946,5;2,1;19,4;9;20,5;19;9;8,9;52;47;51;126;4;1,5;
2021/08/04;2300 UTC;0;946,8;946,8;946,5;;19,3;9,3;19,4;18,5;9,3;8,9;54;51;52;135;6;2,6;
2021/08/05;0000 UTC;0;947,7;947,7;946,7;;16;9,8;19,3;16;9,8;9;67;52;67;152;9,6;3,1;
2021/08/05;0100 UTC;0;948,1;948,1;947,7;;14,5;9,7;16;14,5;9,8;9,6;73;67;73;168;9,6;1,6;
2021/08/05;0200 UTC;0;948,2;948,3;948,1;;13,6;9,6;14,4;13,5;9,8;9,5;77;73;77;166;6,1;1,6;
2021/08/05;0300 UTC;0;948,5;948,5;948,2;;13,5;9,2;13,8;13,3;9,6;9,2;78;75;75;162;6,6;2,3;
2021/08/05;0400 UTC;0;948;948,5;948;;13,2;9;13,6;13,2;9,2;9;77;75;76;158;8,2;2,4;
2021/08/05;0500 UTC;0;947,4;948;947,4;;13,1;9,1;13,4;13,1;9,2;9;77;75;77;141;8,2;2,6;
2021/08/05;0600 UTC;0;947;947,4;947;;13;9;13,3;12,9;9,1;9;77;76;77;145;7,8;2,5;
2021/08/05;0700 UTC;0;946,6;947;946,5;;12,8;9,1;13;12,6;9,1;9;79;77;78;138;9,9;3,5;
2021/08/05;0800 UTC;0;946,7;946,7;946,6;;12,5;9,1;12,8;12,4;9,2;9;80;78;80;154;9,9;2,7;
2021/08/05;0900 UTC;0;947;947,1;946,6;;12,4;9,6;12,7;12,1;9,6;9,2;84;80;83;142;8,3;3,2;
2021/08/05;1000 UTC;0;947,8;947,9;947;;12,3;9,9;12,4;12,1;9,9;9,5;86;83;86;139;9,6;3,3;
2021/08/05;1100 UTC;0;948,4;948,4;947,8;223;13,1;10,1;13,1;12,1;10,1;9,8;86;81;82;131;8,1;3,2;
2021/08/05;1200 UTC;0;949;949,1;948,4;591,1;14,4;10,2;14,4;13,1;10,3;10;82;76;76;116;8,3;3,1;
2021/08/05;1300 UTC;0;949,3;949,3;949;726,9;16,4;10,4;16,4;14,4;10,5;10,1;76;67;67;117;7;3,2;
2021/08/05;1400 UTC;0;949,7;949,7;949,3;1403,4;19,2;10,9;19,2;16,3;11;10,2;68;58;59;105;9,1;2,5;
2021/08/05;1500 UTC;0;948,5;949,8;948,4;2437,2;21,1;10,5;21,9;19,1;11,3;10,3;58;50;51;96;8,5;4,5;
2021/08/05;1600 UTC;0;948;948,7;948;2305,1;22,9;10,7;23,2;21,1;11,5;10,2;51;45;46;98;8,5;3;
2021/08/05;1700 UTC;0;947;948;947;2329,4;23,7;10,4;24,4;22,9;10,9;10,1;46;42;43;87;6,5;2,2;
2021/08/05;1800 UTC;0;946,4;947;946,3;2206,1;24,6;9,7;24,8;23,5;10,9;9,6;43;39;39;107;6,5;2,9;
2021/08/05;1900 UTC;0;946,3;946,4;946,1;1565,5;24,1;9;24,8;23,5;9,8;8,4;40;37;38;108;7,6;2,8;
2021/08/05;2000 UTC;0;946,6;946,6;946,2;889,8;23,2;8,7;24,2;23,2;9,3;8,6;40;38;40;121;6,7;2,7;
2021/08/05;2100 UTC;0;946,8;946,8;946,6;153,1;22,4;8,4;23,2;22,3;8,8;8,3;41;39;41;113;5,9;2,4;
2021/08/05;2200 UTC;0;947,1;947,1;946,7;1;21,6;8,6;22,4;21,4;8,7;8,4;44;41;43;120;5,3;1,9;
2021/08/05;2300 UTC;0;947,6;947,6;947,1;;20,1;8,8;21,6;19,9;8,8;8,6;49;43;48;138;5,3;1,3;
2021/08/06;0000 UTC;0;948;948;947,6;;19,6;9;20,2;19,5;9;8,8;50;48;50;130;6,4;2,3;
2021/08/06;0100 UTC;0;948,2;948,2;948;;18,6;9,3;19,9;18,5;9,3;9;55;50;55;116;7,9;2,2;
2021/08/06;0200 UTC;0;948,7;948,7;948,2;;16,8;11,1;18,6;16,8;11,1;9,4;69;55;69;145;5,9;1,6;
2021/08/06;0300 UTC;0;948,9;949;948,7;;15,8;11,2;16,8;15,7;11,3;11;75;69;74;153;5,8;1,9;
2021/08/06;0400 UTC;0;948,6;948,9;948,6;;15,4;11,3;15,9;15,3;11,3;11,1;77;74;77;147;7,1;2,2;
2021/08/06;0500 UTC;0;948,1;948,7;948,1;;15,2;11,4;15,5;15,1;11,4;11,2;78;76;78;123;7,1;2,7;
2021/08/06;0600 UTC;0;947,2;948,1;947,2;;15,1;11,3;15,3;15,1;11,4;11,2;78;77;78;117;7,1;2,4;
2021/08/06;0700 UTC;0;946,9;947,4;946,9;;14,9;11,1;15,3;14,8;11,3;11;79;77;78;107;7;3,3;
2021/08/06;0800 UTC;0;946,6;947;946,5;;14,9;10,9;14,9;14,5;11,2;10,9;80;77;77;94;9,3;3,7;
2021/08/06;0900 UTC;0;947,6;947,6;946,4;;14,6;10,6;15,2;14,6;10,9;10,6;77;75;77;143;8,9;2;
2021/08/06;1000 UTC;0;948,1;948,1;947,5;;14,6;11;14,8;14,1;11;10,6;81;77;79;114;6;2,9;
2021/08/06;1100 UTC;0;949,1;949,1;948,1;204,5;15,2;11,1;15,2;14,5;11,2;10,9;80;77;77;114;6,9;3;
2021/08/06;1200 UTC;0;949,4;949,5;949,1;576,7;16,4;11,2;16,5;15,2;11,3;11;77;71;71;114;6,6;3,1;
2021/08/06;1300 UTC;0;949,9;950;949,4;1509,9;19,9;11,1;20,4;16,4;11,7;10,9;71;56;57;92;8,5;3,9;
2021/08/06;1400 UTC;0;949,6;950,1;949,6;1984,4;20,6;11;21,9;19,9;11,6;10,8;57;51;54;85;9,4;3,8;
2021/08/06;1500 UTC;0;949,4;949,9;949,4;2165,5;22,9;11,4;23;20,6;11,6;11;54;48;48;80;9,4;3,4;
2021/08/06;1600 UTC;0;948,5;949,4;948,5;1881,8;23,7;11,2;24,3;21,9;11,7;10,9;50;44;45;53;7,5;3,3;
2021/08/06;1700 UTC;0;947,4;948,5;947,4;2014,7;24,5;10,5;25,6;23;11,6;10,2;47;39;41;71;7,5;2,6;
2021/08/06;1800 UTC;0;946,5;947,4;946,5;1605,6;25,2;10,6;25,6;23,5;10,8;9,6;43;38;40;78;6,6;2,3;
2021/08/06;1900 UTC;0;945,8;946,5;945,8;1860,4;24,8;9,7;25,7;24,7;10,7;9,4;40;36;39;86;6,8;2,9;
2021/08/06;2000 UTC;0;945,6;946;945,6;1018,1;24,3;10,5;25,2;24;10,5;9,3;42;38;42;91;7,1;2,2;
2021/08/06;2100 UTC;0;945,6;945,7;945,6;212,1;22,9;10,4;24,4;22,9;10,6;10,2;45;41;45;109;4,8;1,3;
2021/08/06;2200 UTC;0;945,6;945,6;945,5;2,9;22;10,5;22,9;22;10,7;10,4;49;45;48;108;4,3;1,6;
2021/08/06;2300 UTC;0;946,1;946,1;945,6;;21,2;10,7;22,1;21,2;10,8;10,5;51;48;51;127;4,6;1,2;
2021/08/07;0000 UTC;0;946,4;946,4;946,1;;20,9;11;21,2;20,7;11,1;10,7;54;51;53;112;5,5;2,1;
2021/08/07;0100 UTC;0;946,5;946,5;946,3;;20,6;11,2;21;20,6;11,3;11;55;53;55;122;5,5;2;
2021/08/07;0200 UTC;0;946,8;946,8;946,5;;20,8;11,2;21;20,6;11,3;11,2;55;54;54;111;6,1;2,6;
2021/08/07;0300 UTC;0;946,8;947;946,8;;19;11,5;20,8;18,9;11,5;11,2;62;54;62;131;6,1;2,2;
2021/08/07;0400 UTC;0;946,4;946,8;946,4;;18,1;12,4;19;18,1;12,4;11,4;69;62;69;115;6,1;2,3;
2021/08/07;0500 UTC;0;945,9;946,4;945,9;;18;12,9;18,2;17,9;12,9;12,4;72;69;72;121;7,4;2,7;
2021/08/07;0600 UTC;0;945,5;945,9;945,4;;17,2;13,1;18;17,2;13,1;12,9;77;72;77;114;6,2;2,2;
2021/08/07;0700 UTC;0;945;945,5;945;;17,3;12,9;17,4;17;13,1;12,9;77;75;75;107;6;2,6;
2021/08/07;0800 UTC;0;944,8;945;944,8;;16,9;12,8;17,4;16,8;13;12,8;78;75;77;102;7,2;2,7;
2021/08/07;0900 UTC;0;945,2;945,2;944,7;;16,5;12,8;16,9;16,4;12,8;12,7;79;77;79;107;5,6;1,9;
2021/08/07;1000 UTC;0;945,7;945,7;945,2;;16,4;12,7;16,6;16,3;12,8;12,7;79;78;79;120;4,7;1,5;
2021/08/07;1100 UTC;0;946;946;945,6;115,5;17,7;11,5;17,7;16,4;12,6;11,5;79;67;67;81;7,2;3;
2021/08/07;1200 UTC;0;946,5;946,5;946;652,8;19,1;11;19,6;17,7;11,5;10,9;67;58;60;73;9,2;3,8;
2021/08/07;1300 UTC;0;947,2;947,3;946,5;1675,8;21,4;11;21,4;19;11,4;10,7;60;51;51;60;9,5;3,7;
2021/08/07;1400 UTC;0;946,9;947,3;946,9;2271,8;23;10,7;23,3;21,4;11,2;10,2;51;45;46;68;9,3;3,9;
2021/08/07;1500 UTC;0;946,1;947;946,1;2661,4;24,9;10,6;24,9;22,8;10,7;10,1;46;40;41;63;8,7;3,2;
2021/08/07;1600 UTC;0;945,4;946,2;945,3;2805,4;25,6;10,2;26;24,3;10,8;9,9;42;37;38;34;7,7;3,3;
2021/08/07;1700 UTC;0;944,3;945,4;944,3;2720,2;26,2;9,9;26,6;25;10,5;9,6;39;35;36;30;7,4;2,4;
2021/08/07;1800 UTC;0;943,5;944,3;943,4;2213,7;26,2;9,3;27;25,4;10,3;8,8;37;32;35;82;7,6;2;
2021/08/07;1900 UTC;0;942,8;943,5;942,8;1487,4;25,4;8,7;27;25,4;9,4;8,2;35;32;35;89;5,7;2,6;
2021/08/07;2000 UTC;0;942,8;942,8;942,7;616,3;25,4;8,7;26,1;24,8;9,1;8,2;36;33;35;92;5,4;1,3;
2021/08/07;2100 UTC;0;943;943;942,8;152,1;24;9,2;25,4;23,1;10;8,6;43;35;39;79;3;1,4;
2021/08/07;2200 UTC;0;943;943,1;943;4,6;22,6;9,1;24;22,6;9,3;9,1;42;39;42;81;3,9;1,1;
2021/08/07;2300 UTC;0;943,4;943,4;943;;22,2;9,5;23;22,2;9,5;9,1;44;42;44;85;5,1;1;
2021/08/08;0000 UTC;0;943,7;943,7;943,4;;21,9;9,5;22,2;21,9;9,5;9,4;45;44;45;81;3,8;1,6;
2021/08/08;0100 UTC;0;943,9;943,9;943,7;;22,1;9,6;22,1;21,9;9,6;9,4;45;45;45;88;4,7;2,2;
2021/08/08;0200 UTC;0;944;944;943,8;;21,6;9,7;22,2;21,5;9,8;9,6;47;45;47;103;6,5;3,1;
2021/08/08;0300 UTC;0;944,1;944,2;944;;21,1;10,2;21,8;21;10,2;9,7;50;46;50;101;9,8;3,4;
2021/08/08;0400 UTC;0;944,1;944,3;944,1;;20,3;10,4;21,1;20,1;10,4;10,2;54;50;53;106;9,8;3,8;
2021/08/08;0500 UTC;0;944;944,3;944;;19;10,9;20,3;19;10,9;10,4;59;53;59;87;9;2,9;
2021/08/08;0600 UTC;0;943,7;944,1;943,7;;18,8;10,8;19;18,5;11;10,8;62;59;60;81;7;3,1;
2021/08/08;0700 UTC;0;943,4;943,7;943,4;;18,6;10,6;19;18,6;10,8;10,6;60;59;60;72;8,7;3;
2021/08/08;0800 UTC;0;943,3;943,5;943,3;;18,4;10,3;18,6;18,3;10,7;10,3;60;59;59;65;8,7;3,4;
2021/08/08;0900 UTC;0;943,6;943,6;943,3;;18,2;10,2;18,5;18,2;10,3;10,2;60;59;60;73;8;2,9;
2021/08/08;1000 UTC;0;944,3;944,3;943,6;;17,9;10,3;18,2;17,9;10,3;10,2;61;60;61;71;8;3,2;
2021/08/08;1100 UTC;0;945;945;944,3;170,2;18,6;10,2;18,6;17,9;10,3;10,1;61;58;58;72;9,6;3,1;
2021/08/08;1200 UTC;0;945,6;945,7;945;873,8;20;9,9;20,1;18,6;10,3;9,9;58;52;52;68;8,9;4,1;
2021/08/08;1300 UTC;0;946;946,1;945,6;1712,3;21,6;9,9;21,6;20;10,2;9,6;53;47;47;59;11;4,4;
2021/08/08;1400 UTC;0;946;946,2;946;2262,3;23,5;9,8;24;21,6;10,6;9,5;47;41;42;24;10,6;2,4;
2021/08/08;1500 UTC;0;945,6;946,1;945,6;2632,9;24,2;9,7;24,7;23,2;10,4;9,5;43;39;40;22;7,6;2,5;
2021/08/08;1600 UTC;0;944,7;945,6;944,7;2801,3;25,7;9,9;26,6;24,1;10,3;9,5;41;35;37;39;5,9;2,1;
2021/08/08;1700 UTC;0;943,7;944,7;943,7;2699,5;27;9,7;27,2;25,2;10,3;9,4;38;34;34;345;5,4;1,3;
2021/08/08;1800 UTC;0;942,8;943,7;942,8;2288,6;26,7;8,8;27,7;26,4;10,1;8,4;34;32;32;41;5;1,4;
2021/08/08;1900 UTC;0;942,4;942,9;942,4;1756,6;28;7,8;28,9;25,7;9,6;7,8;35;27;28;36;4,7;1,7;
2021/08/08;2000 UTC;0;942,2;942,5;942,1;1138,2;26,4;8,1;28,2;26,3;8,4;7,2;32;27;31;38;4,6;1,3;
2021/08/08;2100 UTC;0;942,4;942,6;942,2;175,3;24,3;8,3;26,6;24,3;8,7;7,7;36;31;36;111;3;1,5;
2021/08/08;2200 UTC;0;942,3;942,5;942,3;4,4;22,5;8,4;24,4;21,8;8,6;8,2;43;36;40;81;2,8;1;
2021/08/08;2300 UTC;0;942,4;942,4;942,3;;22,2;7,9;22,5;21,4;8,6;7,8;44;40;40;98;2,8;1,1;
2021/08/09;0000 UTC;0;943;943;942,4;;21;8,3;22,5;21;8,5;7,8;44;40;44;102;2,7;,9;
2021/08/09;0100 UTC;0;943,5;943,5;943;;21,5;8;22,2;21;8,2;7,9;44;40;42;85;4,2;1;
2021/08/09;0200 UTC;0;943,8;943,9;943,5;;21,5;8,2;21,8;21,1;8,3;8;44;41;43;93;3,2;1,3;
2021/08/09;0300 UTC;0;943,9;943,9;943,7;;21,4;8,5;21,8;21,3;8,6;8,2;44;42;44;77;4,7;1,8;
2021/08/09;0400 UTC;0;943,9;944;943,9;;20,9;8,6;21,5;20,8;8,7;8,5;46;44;45;81;5,1;1,8;
2021/08/09;0500 UTC;0;943,5;943,9;943,5;;20,8;8,3;21,2;20,7;8,7;8,3;46;44;45;72;5,7;1,8;
2021/08/09;0600 UTC;0;943,4;943,5;943,2;;20,6;8;20,9;20,4;8,3;7,9;45;44;44;58;5,8;2,5;
2021/08/09;0700 UTC;0;943,3;943,4;943,3;;19,9;7,6;20,6;19,8;8;7,6;45;44;45;60;5,5;2,2;
2021/08/09;0800 UTC;0;943,5;943,5;943,3;;19,3;7,7;19,9;19,2;7,7;7,5;47;45;47;46;5,5;2;
2021/08/09;0900 UTC;0;943,7;943,7;943,3;;19,2;7,9;19,4;19,1;7,9;7,6;48;47;48;45;5,4;2,2;
2021/08/09;1000 UTC;0;944,3;944,3;943,7;;18,8;8,2;19,3;18,8;8,2;7,9;50;48;50;45;5,4;2,3;
2021/08/09;1100 UTC;0;944,8;944,9;944,3;186,8;19,7;8,4;19,7;18,7;8,4;8,2;50;48;48;47;5,8;2,6;
2021/08/09;1200 UTC;0;945,5;945,5;944,8;826,7;21,2;8,9;21,2;19,7;8,9;8,4;48;45;45;39;6,2;2,5;
2021/08/09;1300 UTC;0;946;946,1;945,5;1685,9;23,3;9,1;23,3;21,3;9,2;8,6;45;40;40;18;6,1;2,6;
2021/08/09;1400 UTC;0;946;946,1;945,9;2253,1;25;9,6;25;23;9,8;8,6;41;36;38;33;5,8;2,5;
2021/08/09;1500 UTC;0;945,3;946;945,3;2651;26,6;9,3;26,6;24,9;9,9;8,6;38;33;34;32;5,8;1,6;
2021/08/09;1600 UTC;0;944,4;945,3;944,3;2793;28,6;7,6;28,6;26,7;9,1;5,1;33;23;27;62;5,2;1,2;
2021/08/09;1700 UTC;0;943,5;944,4;943,5;2714;28,3;5,6;29,6;27,4;7,7;5,6;27;23;24;11;4,2;1,4;
2021/08/09;1800 UTC;0;942,8;943,5;942,8;2386,8;29,3;5,1;29,9;28,3;6,3;4,4;24;21;22;50;3,5;,8;
2021/08/09;1900 UTC;0;942,1;942,8;942,1;1822,7;28,9;5;29,6;28,3;5,7;4,3;23;21;22;249;3,1;,9;
2021/08/09;2000 UTC;0;942;942,1;942;1126,3;28,1;4,9;29,5;27,9;5,9;4,5;24;21;23;155;2,8;1;
2021/08/09;2100 UTC;0;942,1;942,1;941,9;166;24,6;6,1;28,1;24,6;6,3;4,6;31;23;31;78;2,5;,4;
2021/08/09;2200 UTC;0;942,1;942,2;942,1;3;24,7;5,5;25,2;24,4;6,1;5,3;31;28;29;25;3,1;1,2;
2021/08/09;2300 UTC;0;942,4;942,4;942,1;;24,5;4,9;24,7;24,2;5,5;4,9;29;28;28;31;2,9;1,3;
2021/08/10;0000 UTC;0;942,8;942,8;942,4;;23,9;5;24,6;23,7;5,1;4,8;30;28;29;54;3,8;1,8;
2021/08/10;0100 UTC;0;943;943;942,8;;24,3;5,2;24,3;23,9;5,2;5;30;29;29;51;5,7;2,7;
2021/08/10;0200 UTC;0;943,2;943,2;943;;23,3;5,3;24,3;23,3;5,4;5,2;31;29;31;54;5,2;1,9;
2021/08/10;0300 UTC;0;943;943,2;943;;22,9;5;23,3;22,8;5,4;5;32;31;31;36;4,4;1,4;
2021/08/10;0400 UTC;0;942,9;943,1;942,9;;23,1;4,4;23,2;22,8;5;4,3;31;30;30;47;4,4;1,6;
2021/08/10;0500 UTC;0;942,4;942,9;942,4;;22,7;4,5;23,1;22,7;4,5;4,2;31;29;31;28;4,2;1,6;
2021/08/10;0600 UTC;0;942,1;942,4;942,1;;22;5;22,6;22;5;4,5;33;31;33;43;4,1;1,5;
2021/08/10;0700 UTC;0;941,8;942,1;941,8;;22,3;5,4;22,3;21,7;5,4;5;34;33;33;42;4,8;2,2;
2021/08/10;0800 UTC;0;941,7;941,8;941,7;;21,8;5,8;22,3;21,7;5,8;5,5;35;33;35;38;5,2;1,8;
2021/08/10;0900 UTC;0;942;942;941,7;;21,3;5,9;22;21,3;6;5,8;37;35;37;34;4,9;1,9;
2021/08/10;1000 UTC;0;942,4;942,4;942;;21,5;6;21,5;21,1;6;5,9;37;36;36;29;5,2;2,1;
2021/08/10;1100 UTC;0;943;943;942,4;202;22,3;6,1;22,3;21,1;6,1;5,9;37;35;35;34;5,3;2,2;
2021/08/10;1200 UTC;0;943,5;943,5;943;847,6;24,6;6,2;24,7;22,3;6,4;6;35;30;31;48;5,3;2;
2021/08/10;1300 UTC;0;943,8;943,8;943,5;1711,1;25,3;6,5;25,9;24,6;7,2;6,1;31;29;30;42;6,8;2,8;
2021/08/10;1400 UTC;0;943,8;943,9;943,8;2316;26,4;7,1;27,1;25,2;8,1;6,4;31;28;29;12;6,8;2,4;
2021/08/10;1500 UTC;0;943,2;943,8;943,2;2711,7;29;6,8;29;26,2;7,7;6,4;30;25;25;26;5,7;2;
2021/08/10;1600 UTC;0;942,5;943,2;942,5;2860;29,1;3,9;29,5;28,2;6,5;3;25;19;20;21;5,3;1,6;
2021/08/10;1700 UTC;0;941,6;942,5;941,6;2738,7;30,4;4,2;30,5;28,6;4,8;3,2;21;18;19;65;4,3;1;
2021/08/10;1800 UTC;0;940,8;941,6;940,8;2382;30,3;3,6;30,6;29,3;4,6;3,2;20;18;18;345;3,7;1,4;
2021/08/10;1900 UTC;0;940,3;940,8;940,3;1841,7;30,1;4;31,2;29,6;4,5;3,5;20;18;19;126;4,3;1,1;
2021/08/10;2000 UTC;0;940,3;940,4;940,3;1121,4;29,7;4,1;31,2;29,6;5,5;3,5;21;18;20;319;3,2;1,2;
2021/08/10;2100 UTC;0;940,5;940,6;940,3;184;27,4;4,5;29,9;26,9;5,6;3,9;25;19;23;320;2,7;1;
2021/08/10;2200 UTC;0;940,5;940,5;940,1;3,8;24,7;4,4;27,4;24,7;4,7;4,1;27;23;27;359;2,3;,9;
2021/08/10;2300 UTC;0;940,9;940,9;940,5;;24,6;4;25,6;24,5;4,5;3,9;27;25;26;355;2,1;,9;
2021/08/11;0000 UTC;0;941,2;941,3;940,9;;24,5;4;24,9;23,8;4,1;3,8;28;25;27;356;2,1;1,1;
2021/08/11;0100 UTC;0;941,5;941,5;941,2;;23,9;3,8;24,5;23,7;4,3;3,8;28;27;27;11;2,2;1;
2021/08/11;0200 UTC;0;941,8;941,8;941,5;;24,1;3;24,4;23,6;3,8;3;27;25;25;359;2,9;1,4;
2021/08/11;0300 UTC;0;941,6;941,8;941,6;;23,5;3,2;24,7;23,5;3,2;2,7;27;24;26;358;2,9;1,4;
2021/08/11;0400 UTC;0;941,4;941,6;941,4;;22,3;3,7;23,7;21,6;3,8;3,1;31;26;30;351;3;1,2;
2021/08/11;0500 UTC;0;941,3;941,5;941,3;;21,1;4;22,7;21,1;4;3,4;33;28;33;300;2,2;1,3;
2021/08/11;0600 UTC;0;940,9;941,3;940,9;;21,2;3,8;21,8;21,1;4,1;3,5;33;30;32;291;2,3;1,3;
2021/08/11;0700 UTC;0;940,2;940,9;940,2;;20,8;4,2;21,3;20,5;4,2;3,7;34;32;33;310;2,3;1,2;
2021/08/11;0800 UTC;0;940,2;940,2;940;;21,7;3,7;21,7;20,5;4,3;3,7;34;31;31;308;1,7;1;
2021/08/11;0900 UTC;0;940,7;940,7;940,2;;20,2;4,2;21,7;20,2;4,2;3,7;35;31;35;300;2,1;1,1;
2021/08/11;1000 UTC;0;941,4;941,4;940,7;;18,8;4,4;20,3;18,1;4,4;4;40;34;39;289;3;1,3;
2021/08/11;1100 UTC;0;941,7;941,7;941,4;188,4;20,7;6,2;20,7;18,8;6,6;4,3;40;38;39;304;2,5;,7;
2021/08/11;1200 UTC;0;942,7;942,7;941,7;818,6;22,3;5,5;22,3;20,1;7,4;4,6;41;32;34;178;1,9;,6;
2021/08/11;1300 UTC;0;943,1;943,1;942,7;1607,6;25,5;6,7;25,5;22,3;6,7;4,3;34;28;30;159;3,9;1,3;
2021/08/11;1400 UTC;0;943,4;943,4;943,1;2191,9;27,6;7,8;27,7;25,4;7,8;6,1;30;28;29;179;3,5;1,2;
2021/08/11;1500 UTC;0;942,8;943,4;942,8;2581,9;28,8;8,7;28,8;26,6;8,7;7,2;31;28;28;212;3,7;1,1;
2021/08/11;1600 UTC;0;941,9;942,9;941,9;2733,3;29,5;7,3;30,3;28,4;8,6;7,2;28;24;25;151;3,9;1,3;
2021/08/11;1700 UTC;0;941,1;941,9;941,1;2605,4;31,4;6,5;31,8;29,2;8,3;6,1;26;21;21;250;5,4;1,7;
2021/08/11;1800 UTC;0;940,3;941,1;940,3;2268,8;31,2;7,6;32;30,3;7,7;6,2;23;21;23;262;5,4;2,4;
2021/08/11;1900 UTC;0;940,1;940,3;940;1698;30,9;7,9;31,9;30,2;8,7;6,9;25;22;24;217;5,3;1,2;
2021/08/11;2000 UTC;0;940;940,1;939,9;1212;30,7;8,6;31,5;30,3;8,9;7,7;26;23;25;225;4,3;1,1;
2021/08/11;2100 UTC;0;940,3;940,3;940;310;27,8;8,6;30,7;27,8;8,7;7,9;30;25;30;255;4,5;1,4;
2021/08/11;2200 UTC;0;940,9;940,9;940,3;7,7;25,3;11,5;27,8;25,3;11,5;8,5;42;30;42;159;4,5;1,3;
2021/08/11;2300 UTC;0;941,4;941,4;940,9;;22,8;12;25,3;22,8;12;11,5;51;42;51;149;6;2,2;
2021/08/12;0000 UTC;0;942,1;942,1;941,4;;20,1;12,6;22,8;20,1;12,7;12;62;51;62;155;6,1;1,9;
2021/08/12;0100 UTC;0;942,7;942,7;942,1;;18,5;12,2;20,1;18,5;12,7;12,2;67;62;67;155;5,5;2,2;
2021/08/12;0200 UTC;0;943,2;943,2;942,6;;17;11,9;18,5;17;12,3;11,9;72;67;72;149;7,4;2,4;
2021/08/12;0300 UTC;0;943,2;943,2;943;;16,1;11,5;17;16,1;11,9;11,5;75;72;75;148;7,6;2,2;
2021/08/12;0400 UTC;0;942,8;943,2;942,8;;15;11,2;16;15;11,5;11,1;78;75;78;166;6,7;1,7;
2021/08/12;0500 UTC;0;942,6;942,9;942,6;;14,4;11,1;15;14,4;11,2;11;81;78;81;156;7,9;2,2;
2021/08/12;0600 UTC;0;942,2;942,6;942,2;;13,6;11;14,4;13,6;11,2;11;84;81;84;153;7,2;2,4;
2021/08/12;0700 UTC;0;941,8;942,2;941,8;;13,1;10,9;13,6;13,1;11;10,8;86;84;86;147;8;2,6;
2021/08/12;0800 UTC;0;942,2;942,2;941,8;;13;10,8;13,1;12,9;10,9;10,8;87;86;86;146;10;3,4;
2021/08/12;0900 UTC;0;942,3;942,3;942,1;;12,5;10,6;13;12,5;10,8;10,6;88;86;88;146;10;2,2;
2021/08/12;1000 UTC;0;943;943;942,3;;12,4;10,6;12,7;12,4;10,7;10,6;89;87;88;152;6,8;2,2;
2021/08/12;1100 UTC;0;943,8;943,8;943;206,6;13,5;10,8;13,5;12,4;10,9;10,6;89;83;83;153;6,6;2,4;
2021/08/12;1200 UTC;0;944,3;944,3;943,7;778,8;14,7;10,9;15;13,5;11,3;10,6;84;77;78;131;6,6;3,1;
2021/08/12;1300 UTC;0;944,6;944,7;944,2;911,4;16,4;11,5;16,4;14,5;11,5;10,7;79;72;73;131;8,7;3,9;
2021/08/12;1400 UTC;0;944,9;944,9;944,7;1296,3;18,1;11,6;18,1;16,4;11,8;11,1;72;66;66;124;8,2;3,2;
2021/08/12;1500 UTC;0;944,6;944,9;944,6;2148,4;20,6;11,9;21,3;17,8;12,3;11,2;67;56;58;136;7;3;
2021/08/12;1600 UTC;0;943,7;944,6;943,7;2738,7;23,4;12,1;23,8;20,4;12,7;11,6;58;48;49;140;6,4;2,5;
2021/08/12;1700 UTC;0;942,6;943,7;942,6;2619,6;25,5;12,3;25,7;23;12,9;11,8;51;44;44;110;5,7;2;
2021/08/12;1800 UTC;0;941,7;942,6;941,7;2277,1;26,3;12,4;26,6;24,8;12,9;11,8;46;41;42;109;5;1,9;
2021/08/12;1900 UTC;0;941,4;941,7;941,4;1710,8;26,3;11,4;27;26;12,6;11,3;43;39;39;110;4,2;1,4;
2021/08/12;2000 UTC;0;941,3;941,4;941,1;802,9;26;11,7;26,9;25,7;12,2;11,4;43;38;41;132;3,4;1;
2021/08/12;2100 UTC;0;941,4;941,4;941,2;208,1;23,9;11,9;26;23,7;12,2;11,4;48;41;47;159;3,5;1,2;
2021/08/12;2200 UTC;0;941,5;941,5;941,3;5,8;21,1;12;23,9;21,1;12,1;11,8;56;47;56;172;4,2;1,1;
2021/08/12;2300 UTC;0;941,8;941,8;941,5;;19,5;11,7;21,1;19,5;12;11,7;61;56;61;141;6,1;2,3;
2021/08/13;0000 UTC;0;942,3;942,3;941,8;;18,9;11,7;19,5;18,6;11,8;11,6;64;61;63;147;6,1;2,5;
2021/08/13;0100 UTC;0;943;943;942,3;;16,3;11,2;18,9;16,3;11,7;11,2;72;63;72;152;6,8;2,5;
2021/08/13;0200 UTC;0;943,5;943,5;942,9;;15,4;11,1;16,3;15,4;11,2;11;76;72;75;151;7,5;2,8;
2021/08/13;0300 UTC;0;943,8;943,8;943,5;;14,3;10,8;15,4;14,3;11;10,7;79;75;79;148;8,1;3,1;
2021/08/13;0400 UTC;0;943,9;944;943,8;;13,5;10,5;14,3;13,4;10,8;10,5;83;79;82;154;7,5;2,5;
2021/08/13;0500 UTC;0;943,7;943,9;943,7;;12,9;10,3;13,4;12,9;10,5;10,3;84;82;84;156;8,4;2,6;
2021/08/13;0600 UTC;0;943,1;943,8;943,1;;12,2;10,2;12,9;12,1;10,3;10,1;88;84;87;148;6,8;2,7;
2021/08/13;0700 UTC;0;943;943,1;942,7;;12,3;10,4;12,4;12,2;10,4;10,2;88;87;88;152;7,7;3,1;
2021/08/13;0800 UTC;0;942,7;943;942,7;;12,3;10,5;12,4;12,1;10,5;10,3;89;87;89;151;9,1;2,9;
2021/08/13;0900 UTC;0;942,8;942,9;942,7;;12,1;10,6;12,3;12,1;10,6;10,5;90;89;90;153;7,4;2,6;
2021/08/13;1000 UTC;0;943,3;943,3;942,8;;11,9;10,6;12,2;11,9;10,7;10,4;92;90;92;154;6,7;1,9;
2021/08/13;1100 UTC;0;943,7;943,7;943,3;187,8;13,2;10,9;13,3;11,9;11;10,6;92;86;86;154;6,8;2,3;
2021/08/13;1200 UTC;0;944,3;944,3;943,7;832,7;15,3;11,1;15,7;13,2;11,8;11;87;76;76;141;6,6;2,4;
2021/08/13;1300 UTC;0;944,7;944,7;944,3;1573,8;18,1;11,9;18,2;15,3;12,3;11,3;78;67;67;129;7,1;3,5;
2021/08/13;1400 UTC;0;944,7;944,8;944,7;2164,8;20,5;12,5;20,7;17,7;12,9;11,8;69;60;60;117;7,8;3,2;
2021/08/13;1500 UTC;0;944,1;944,7;944,1;2555,2;23,2;13;23,2;20,5;13,4;12,5;61;53;53;126;6,5;2,9;
2021/08/13;1600 UTC;0;943,3;944,1;943,3;2701,9;25,6;13,4;25,8;23,2;13,4;12,6;53;45;47;115;6;2;
2021/08/13;1700 UTC;0;942,5;943,4;942,5;2615,5;27;12,3;27,2;24,9;13,2;12,2;47;40;40;127;5,6;1,8;
2021/08/13;1800 UTC;0;941,7;942,5;941,7;2279,3;27,6;11,8;27,6;26,5;12,6;11,4;42;38;38;7;4,3;1,2;
2021/08/13;1900 UTC;0;941,2;941,8;941,2;1731,5;27,9;11,8;28,3;27;12,3;11,3;39;36;37;118;3,9;,7;
2021/08/13;2000 UTC;0;941,1;941,2;941;1045,7;27,2;12;28,2;27,1;12,5;11,4;40;37;39;165;4,1;,8;
2021/08/13;2100 UTC;0;941,3;941,3;941,1;197,6;24,2;11,8;27,3;24,2;12,5;11,5;46;39;46;123;2,4;,5;
2021/08/13;2200 UTC;0;941,8;941,8;941,3;5,9;22,3;12,6;24,2;22,3;12,6;11,6;54;46;54;185;4,9;1;
2021/08/13;2300 UTC;0;942,3;942,3;941,8;;20,9;13,2;22,3;20,3;13,3;12,6;63;54;61;157;5;1,7;
2021/08/14;0000 UTC;0;943;943;942,3;;19,2;12,8;20,9;19,2;13,2;12,8;67;61;67;150;7;2,6;
2021/08/14;0100 UTC;0;943,2;943,3;942,9;;17;12,6;19,2;17;12,8;12,6;75;67;75;151;8,4;2,4;
2021/08/14;0200 UTC;0;943,5;943,6;943,2;;15,6;12,2;17;15,6;12,7;12,2;81;75;81;146;8,1;2,7;
2021/08/14;0300 UTC;0;943,6;943,7;943,5;;14,3;11,9;15,6;14,3;12,2;11,9;85;81;85;147;7,4;3,1;
2021/08/14;0400 UTC;0;943,7;943,8;943,6;;13,7;11,8;14,4;13,7;12;11,8;88;85;88;149;7,9;2,7;
2021/08/14;0500 UTC;0;943,3;943,7;943,3;;13,2;11,7;13,7;13,2;11,9;11,7;91;88;91;151;8,3;2,1;
2021/08/14;0600 UTC;0;942,5;943,3;942,5;;13,4;11,8;13,5;13,2;11,8;11,6;91;89;90;154;7,4;2,6;
2021/08/14;0700 UTC;0;942,5;942,5;942;;13,1;11,6;13,4;13,1;11,8;11,6;91;90;90;159;6,7;2,1;
2021/08/14;0800 UTC;0;942,9;942,9;942,5;;12,6;11,5;13,1;12,6;11,7;11,5;93;90;93;153;6,6;2;
2021/08/14;0900 UTC;0;942,8;942,9;942,7;;13,4;11,7;13,4;12,6;11,8;11,5;93;90;90;153;8,7;2;
2021/08/14;1000 UTC;0;943,5;943,5;942,8;;13,5;11,7;13,5;13,2;11,8;11,6;90;89;89;149;6,1;2,2;
2021/08/14;1100 UTC;0;943,9;943,9;943,5;101;14,1;11,9;14,1;13,4;11,9;11,7;90;87;87;134;7,2;3,2;
2021/08/14;1200 UTC;0;944,5;944,5;943,8;399,6;15,1;12,2;15,1;14,1;12,3;11,8;87;82;83;150;7,2;1,8;
2021/08/14;1300 UTC;0;944,8;944,8;944,5;1234,8;18,1;12,6;18,5;15,1;13;12,1;83;69;70;131;6,7;2,6;
2021/08/14;1400 UTC;0;944,6;944,8;944,6;2163;22;13,5;22;17,4;13,5;12,1;72;59;59;141;6,7;2,6;
2021/08/14;1500 UTC;0;943,9;944,6;943,9;2567,5;24;13,6;24;21,3;13,8;12,7;59;52;52;128;5,6;2,2;
2021/08/14;1600 UTC;0;942,9;943,9;942,9;2769,5;25,8;13,2;26,1;23,3;14;12,9;54;45;46;131;5,3;1,8;
2021/08/14;1700 UTC;0;942,2;943;942,2;2638,2;27;12,7;27,2;25,7;13,7;12,4;46;41;41;144;4,5;1,4;
2021/08/14;1800 UTC;0;941,4;942,2;941,4;2287,7;28,5;12,4;28,5;26,5;13,3;12,2;43;37;37;75;4,1;1;
2021/08/14;1900 UTC;0;941,3;941,5;941,2;1700;28,1;11,9;28,5;27,4;12,8;11,5;39;36;37;141;3,4;,7;
2021/08/14;2000 UTC;0;941,1;941,3;941,1;1013,4;27,2;12;29;27,2;12,9;11,4;39;35;39;175;2,4;,7;
2021/08/14;2100 UTC;0;941,2;941,2;941,1;202,8;24,9;11,4;27,6;24,9;12,5;11,4;43;38;43;198;2;,4;
2021/08/14;2200 UTC;0;941,3;941,3;941,2;6,1;22,8;11,2;24,9;22,8;11,4;11,1;48;43;48;261;1,6;,3;
2021/08/14;2300 UTC;0;941,8;941,8;941,3;;21,6;11,8;22,9;21,6;11,8;11,2;54;48;54;156;2,6;,9;
2021/08/15;0000 UTC;0;942,2;942,2;941,8;;21,7;12,7;22,3;21,4;12,7;11,7;57;53;56;158;3,7;1,4;
2021/08/15;0100 UTC;0;942,3;942,4;942,2;;20,7;13,2;21,8;20,5;13,2;12,5;62;56;62;140;4,7;1;
2021/08/15;0200 UTC;0;942,4;942,4;942,3;;21,1;13,3;21,4;20;13,5;13;66;61;61;130;6,7;3;
2021/08/15;0300 UTC;0;942,3;942,5;942,3;;20,4;13,6;21,2;20,3;13,7;13,4;65;61;65;132;8,6;3,1;
2021/08/15;0400 UTC;0;942,1;942,4;942;;19,3;13,6;20,4;19,3;13,7;13,5;70;65;69;124;7,1;1,6;
2021/08/15;0500 UTC;0;941,7;942,1;941,7;;18,4;13,6;19,4;18,3;13,7;13,4;74;69;74;109;6;2,3;
2021/08/15;0600 UTC;0;941;941,7;941;;17,7;13,6;18,4;17,5;13,7;13,4;78;74;77;128;5,3;1,8;
2021/08/15;0700 UTC;0;940,7;941;940,7;;16,9;13,5;17,8;16,8;13,7;13,4;80;77;80;153;4,8;1,1;
2021/08/15;0800 UTC;0;940,6;940,7;940,5;;16,3;13,4;17;16,1;13,6;13,3;84;80;83;129;3,9;1,6;
2021/08/15;0900 UTC;0;940,6;940,6;940,5;;15,9;13,4;16,3;15,9;13,6;13,3;85;83;85;109;4,1;1,5;
2021/08/15;1000 UTC;0;941;941;940,6;;15,5;13,1;16,2;15,5;13,4;13,1;86;83;86;122;3,3;1,2;
2021/08/15;1100 UTC;0;941,5;941,5;941;135,2;16,3;13,2;16,3;14,9;13,4;13;90;82;82;89;4,2;1,7;
2021/08/15;1200 UTC;0;942;942;941,5;593,5;18,4;13,4;18,4;16,3;13,6;13,2;82;72;73;104;5,4;2,4;
2021/08/15;1300 UTC;0;942,5;942,5;942;963;20,4;13,7;20,4;18,4;13,9;13,2;73;65;66;89;5,3;2,1;
2021/08/15;1400 UTC;0;942,1;942,5;942,1;1443;23,3;13,4;23,3;20,4;14;13,1;66;54;54;84;4,8;2;
2021/08/15;1500 UTC;0;941,5;942,1;941,5;2042,4;26;12,7;26;23,3;13,6;12,7;54;44;44;58;4,8;1,6;
2021/08/15;1600 UTC;0;940,5;941,5;940,5;2672,4;28;12;28,4;26;13,3;12;45;37;37;33;4,3;1,9;
2021/08/15;1700 UTC;0;939,5;940,5;939,5;2673,8;30,4;11,2;30,4;28;12,2;10,2;37;30;31;328;4;1,3;
2021/08/15;1800 UTC;0;938,7;939,5;938,6;2339,3;31,4;9,9;31,7;29,6;11,5;9,7;32;26;27;275;5,9;1,9;
2021/08/15;1900 UTC;0;938,4;938,7;938,3;1495,2;30,3;9,4;31,8;29,6;10,4;8,8;28;25;27;258;6,4;1,8;
2021/08/15;2000 UTC;0;938,4;938,4;938,3;559,3;29,3;8,8;30,3;29,3;10,7;8,8;31;27;28;272;5;2;
2021/08/15;2100 UTC;0;938,6;938,6;938,4;199,7;27,4;9,6;29,6;27,4;9,7;8,8;33;28;33;294;5;1;
2021/08/15;2200 UTC;0;938,9;938,9;938,6;7,4;25,1;9,6;27,4;25,1;9,8;9,6;38;33;38;302;2,2;,9;
2021/08/15;2300 UTC;0;939,4;939,4;938,9;;24,1;9,6;25,1;24,1;9,7;9,4;40;37;40;217;1,5;,6;
2021/08/16;0000 UTC;0;939,7;939,7;939,4;;23,6;10,2;24,1;23,1;10,4;9,5;44;40;43;136;2,7;,4;
2021/08/16;0100 UTC;0;939,7;939,8;939,7;;24,6;10,7;25,2;23,4;11;10,2;44;40;42;110;3,6;1,3;
2021/08/16;0200 UTC;0;939,7;939,8;939,7;;23,9;11,2;25,1;23,9;11,4;10,6;45;41;45;104;3,9;1,1;
2021/08/16;0300 UTC;0;939,4;939,8;939,4;;23,6;11,4;23,9;23,4;11,5;11,1;47;45;47;89;3,6;1,2;
2021/08/16;0400 UTC;0;939,1;939,5;939,1;;23,8;11,5;24,1;23,5;11,6;11,4;47;45;46;107;4,5;2;
2021/08/16;0500 UTC;0;938,7;939,1;938,7;;23,1;11,5;24;22,8;11,5;11,3;49;45;48;86;4,6;1,8;
2021/08/16;0600 UTC;0;938,3;938,7;938,3;;23,1;11,2;23,5;23;11,5;11,2;48;47;47;107;4,7;1,6;
2021/08/16;0700 UTC;0;938;938,3;938;;22,3;10,7;23,1;22,3;11,2;10,7;48;46;48;106;4,3;1,9;
2021/08/16;0800 UTC;0;937,9;938;937,8;;22,4;10,8;22,5;22;10,8;10,6;49;47;48;98;6,2;2,4;
2021/08/16;0900 UTC;0;938,2;938,2;937,9;;22,2;11;22,5;22,1;11;10,8;49;48;49;98;5;1,9;
2021/08/16;1000 UTC;0;938,5;938,5;938,2;;22,4;10,9;22,6;21,9;11;10,8;50;47;48;63;7;2,7;
2021/08/16;1100 UTC;0;939,1;939,1;938,5;200,3;23,3;10,5;23,3;22,2;10,9;10,5;48;44;44;55;8,5;3,3;
2021/08/16;1200 UTC;0;939,7;939,7;939,1;747,8;24,3;10,6;24,3;23,3;10,7;10,4;44;42;42;57;8,5;3,6;
2021/08/16;1300 UTC;0;940,6;940,6;939,7;982,8;25,9;11,2;25,9;24,3;12;10,1;43;39;40;104;8,3;1,1;
2021/08/16;1400 UTC;0;940,4;940,6;940,4;1747,4;27,9;10,5;28;25,9;11,2;10,1;40;33;34;5;5,6;1,9;
2021/08/16;1500 UTC;0;940;940,5;940;2605,9;29,8;10,1;30,1;27,9;11;9,8;34;29;29;14;5,8;2,7;
2021/08/16;1600 UTC;0;939,2;940;939,2;2747,6;31,3;9,4;31,4;29,6;10,5;8,7;30;26;26;20;7,5;2,6;
2021/08/16;1700 UTC;0;938,2;939,2;938,1;2393,2;31,5;8,7;32,2;31;9,4;8;26;23;24;351;6,9;2,6;
2021/08/16;1800 UTC;0;937,1;938,2;937,1;2187;32,6;8,4;33,1;31,2;9,2;7,8;25;22;22;313;7,7;2,5;
2021/08/16;1900 UTC;0;936,7;937,2;936,7;1775;32,6;7,9;33,4;32,3;9;7,3;23;21;22;337;7,6;1,9;
2021/08/16;2000 UTC;0;936,9;936,9;936,6;1094,6;31,8;6,9;32,9;31,6;8;6;22;19;21;305;8;1,4;
2021/08/16;2100 UTC;0;937,3;937,3;936,9;194,9;30,1;6,5;31,8;30,1;7;5,8;23;21;23;283;5,7;1,5;
2021/08/16;2200 UTC;0;937,8;937,8;937,3;15,5;26,7;7,1;30;26,7;7,3;6,3;29;23;29;294;3,6;,9;
2021/08/16;2300 UTC;0;938,6;938,6;937,8;;25;9,1;26,8;24,5;9,2;7,2;38;29;36;98;2,6;1,1;
2021/08/17;0000 UTC;0;939,4;939,4;938,6;;23,3;11,1;25,3;23,3;11,1;9;46;36;46;96;7,6;3,5;
2021/08/17;0100 UTC;0;939,8;939,9;939,4;;20,9;12,8;23,3;20,9;12,8;11,2;60;46;60;100;7,1;3,2;
2021/08/17;0200 UTC;0;940,3;940,3;939,8;;19,8;12,8;20,9;19,7;13;12,8;64;60;64;96;7,2;3;
2021/08/17;0300 UTC;0;940,2;940,4;940,2;;19,3;12,6;19,8;19,2;12,8;12,5;65;63;65;102;6,6;3,4;
2021/08/17;0400 UTC;0;939,9;940,2;939,8;;19,1;12,1;19,3;19;12,5;12;65;63;63;102;6,7;3;
2021/08/17;0500 UTC;0;939,5;939,9;939,5;;18,8;11,6;19,2;18,8;12;11,6;64;62;63;103;6;2,5;
2021/08/17;0600 UTC;0;939,4;939,6;939,3;;19,3;11,2;19,3;18,6;11,6;11,2;63;60;60;100;6,9;2,8;
2021/08/17;0700 UTC;0;939,5;939,5;939,3;;19,6;10,9;19,9;18,6;11,4;10,9;63;56;57;99;6,6;3;
2021/08/17;0800 UTC;0;939,3;939,5;939,2;;20;10,5;20,1;19,6;10,9;10,5;57;54;54;76;7,7;2,9;
2021/08/17;0900 UTC;0;939,7;939,7;939,3;;20,6;10,5;20,7;19,9;10,7;10,5;55;52;52;61;7,2;3,1;
2021/08/17;1000 UTC;0;940,4;940,4;939,7;;21;10,3;21,2;20,6;10,5;10,3;52;50;51;56;8,2;3,3;
2021/08/17;1100 UTC;0;941,1;941,1;940,4;199,7;22,2;10,3;22,2;21;10,3;10,2;51;47;47;53;7,8;3,2;
2021/08/17;1200 UTC;0;941,5;941,5;941,1;875,3;23,1;10,6;23,1;22,2;10,7;10,3;48;45;45;47;9;4,2;
2021/08/17;1300 UTC;0;942,2;942,2;941,5;1677,7;24,7;11,1;24,7;23,1;11,2;10,5;45;42;42;49;9,8;3,3;
2021/08/17;1400 UTC;0;942,5;942,6;942,2;2273,3;27,2;10,8;27,2;24,7;11,4;10,6;42;36;36;18;7,7;2,9;
2021/08/17;1500 UTC;0;942,2;942,6;942,1;2637,6;28,7;10,5;28,8;27,1;11,1;10,2;37;32;32;38;7,9;3,3;
2021/08/17;1600 UTC;0;941,5;942,2;941,5;2758,9;31,2;10,1;31,2;28,6;10,9;9,8;33;27;27;30;7,9;2,3;
2021/08/17;1700 UTC;0;940,9;941,5;940,9;2630,9;32,3;9;32,4;31,2;10,4;8,8;27;24;24;360;5,8;2,2;
2021/08/17;1800 UTC;0;940,4;941;940,4;2244;32,7;9,1;33,5;32,1;9,4;7,9;24;22;23;5;7;2,3;
2021/08/17;1900 UTC;0;940,1;940,5;940;1669,3;33,3;8,4;33,3;32,2;9,1;8;23;22;22;348;6;,9;
2021/08/17;2000 UTC;0;940,1;940,1;940;1058,7;31,8;7,8;33,3;31,8;8,5;7,5;23;21;23;118;3,9;,8;
2021/08/17;2100 UTC;0;940,4;940,4;940,1;228,5;28,7;8,5;31,9;28,7;9,2;8;28;23;28;55;2,3;,4;
2021/08/17;2200 UTC;0;940,8;940,8;940,4;6,3;26,7;8,6;28,7;26,7;8,7;8,4;32;28;32;104;,9;,3;
2021/08/17;2300 UTC;0;941,3;941,4;940,8;;27,8;7,9;27,8;26,5;8,7;7,9;32;29;29;50;2,3;,9;
2021/08/18;0000 UTC;0;941,8;941,8;941,3;;27,6;7,3;28;27,5;7,9;7,3;29;27;28;74;2,9;1,3;
2021/08/18;0100 UTC;0;942,1;942,1;941,7;;27,1;8,2;27,7;27,1;8,3;7,3;30;27;30;92;4;1,3;
2021/08/18;0200 UTC;0;942,3;942,4;942,1;;26,3;8,7;27,2;26,3;8,7;8,2;33;30;33;90;4;1,4;
2021/08/18;0300 UTC;0;942,3;942,5;942,3;;26,8;8,8;27;26,3;8,9;8,8;33;32;32;73;5,6;2,4;
2021/08/18;0400 UTC;0;942,4;942,5;942,3;;26,2;9,1;26,9;26,2;9,1;8,7;34;32;34;73;6;2,5;
2021/08/18;0500 UTC;0;942,2;942,4;942,1;;26,1;9,7;26,4;26,1;9,8;9,1;36;34;36;64;6,2;2,5;
2021/08/18;0600 UTC;0;941,9;942,2;941,9;;26;9,9;26,1;25,9;9,9;9,7;36;36;36;55;8,1;3,2;
2021/08/18;0700 UTC;0;941,8;942;941,7;;25;10,2;26;25;10,2;9,8;39;36;39;52;8,4;3,1;
2021/08/18;0800 UTC;0;941,9;941,9;941,8;;24,7;10,4;25;24,6;10,4;10,2;41;39;41;46;7,5;3;
2021/08/18;0900 UTC;0;942,3;942,3;941,9;;24,1;10,6;24,7;24;10,6;10,4;43;41;43;47;7,9;3,4;
2021/08/18;1000 UTC;0;943;943;942,3;;23,7;11;24,1;23,7;11;10,6;45;43;45;47;7,8;2,9;
2021/08/18;1100 UTC;0;943,7;943,7;943;205,7;24,2;11,5;24,2;23,7;11,5;11;45;45;45;45;7,4;3,5;
2021/08/18;1200 UTC;0;944,2;944,2;943,6;865,3;25,5;11,8;25,5;24,2;11,9;11,5;45;42;42;41;8,5;3,1;
2021/08/18;1300 UTC;0;944,5;944,5;944,2;1606;28;12,2;28;25,5;12,3;11,7;43;38;38;40;7,9;2,9;
2021/08/18;1400 UTC;0;944,3;944,6;944,3;2226,7;29,7;12,3;30,1;28;12,6;11,8;38;33;34;38;7,8;3,1;
2021/08/18;1500 UTC;0;943,6;944,3;943,6;2626,1;31,2;11,9;31,3;29,6;12,5;11,5;34;30;31;41;7,4;3,3;
2021/08/18;1600 UTC;0;942,9;943,6;942,8;2772,8;32,4;10,5;32,9;31,1;11,9;9,9;31;25;26;46;7,8;3,1;
2021/08/18;1700 UTC;0;941,9;942,9;941,9;2660;33,1;8,9;33,5;32,3;10,8;8,7;26;22;23;24;7;2,5;
2021/08/18;1800 UTC;0;941,1;941,9;941,1;2289,3;33,2;8,7;34,2;32,6;9,5;8;23;21;22;73;4,9;1,8;
2021/08/18;1900 UTC;0;940,7;941,2;940,7;1783,5;32,8;8,3;34,5;32,7;9,2;8;22;21;22;112;4,6;1,6;
2021/08/18;2000 UTC;0;940,8;940,8;940,6;1053,2;32,2;8,7;33,6;32,2;8,9;7,8;23;21;23;78;4,1;1,7;
2021/08/18;2100 UTC;0;941,2;941,2;940,8;228,1;29,7;8,6;32,4;29,7;8,8;8,1;27;22;27;78;3,4;,6;
2021/08/18;2200 UTC;0;941,3;941,3;941,1;5,7;28,3;8,4;29,6;28,2;8,6;8,1;29;26;29;36;1,7;,9;
2021/08/18;2300 UTC;0;941,4;941,4;941,3;;28,3;8,1;28,7;28,2;8,4;8;29;27;28;40;2,3;1;
2021/08/19;0000 UTC;0;941,7;941,7;941,4;;27,9;8;28,5;27,8;8,2;8;29;28;29;53;2,5;1;
2021/08/19;0100 UTC;0;942;942;941,7;;27,8;7,8;28,3;27,6;8,2;7,8;29;28;28;41;3,2;1,3;
2021/08/19;0200 UTC;0;942,1;942,1;941,9;;27,6;7,3;28;27,5;7,8;7,3;29;27;28;57;4,6;1,4;
2021/08/19;0300 UTC;0;941,9;942,1;941,9;;27,5;6,9;27,9;27,5;7,4;6,9;28;27;27;45;3,5;1,6;
2021/08/19;0400 UTC;0;941,8;942;941,7;;26,9;7,3;27,5;26,8;7,3;6,9;29;27;29;75;5,1;2,1;
2021/08/19;0500 UTC;0;941,2;941,8;941,1;;26,4;7,6;27,1;26,4;7,6;7,3;30;29;30;72;6,6;2,4;
2021/08/19;0600 UTC;0;940,9;941,2;940,8;;26;7,6;26,4;26;7,7;7,6;31;30;31;75;7,5;3,2;
2021/08/19;0700 UTC;0;940,7;940,9;940,7;;24,5;7,8;26;24,4;7,8;7,6;34;31;34;64;7,7;2,9;
2021/08/19;0800 UTC;0;940,5;940,7;940,5;;24,4;8,3;24,5;24,3;8,3;7,8;36;34;36;52;6,4;3,1;
2021/08/19;0900 UTC;0;940,9;941;940,5;;24,1;8,6;24,5;24;8,6;8,3;37;36;37;53;6,7;3;
2021/08/19;1000 UTC;0;941,7;941,7;940,9;;23,2;8,8;24,1;23,2;8,8;8,5;40;37;40;55;9,7;4;
2021/08/19;1100 UTC;0;942,2;942,2;941,7;237,3;23,1;9,3;23,2;22,7;9,3;8,8;42;40;41;54;9,6;4;
2021/08/19;1200 UTC;0;942,8;942,8;942,2;967,4;24,1;10;24,1;23,1;10;9,3;42;41;41;45;10,5;3,8;
2021/08/19;1300 UTC;0;943,1;943,2;942,8;1729,6;25,9;9,8;25,9;24,1;10;9,6;41;36;36;43;10,1;3,8;
2021/08/19;1400 UTC;0;942,8;943,2;942,8;2343,5;27,4;9,9;27,6;25,9;10,3;9,5;36;33;34;38;9,9;3,9;
2021/08/19;1500 UTC;0;942,1;942,9;942,1;2730,4;28,8;10;29,2;27,1;10,5;9,7;34;31;31;44;9,8;3;
2021/08/19;1600 UTC;0;941,1;942,1;941,1;2847,1;31,1;10,3;31,1;28,7;10,5;9,6;31;28;28;39;8,1;2,6;
2021/08/19;1700 UTC;0;940;941,1;940;2746,5;30,9;9,8;31,6;30,3;10,5;9,1;29;26;27;57;6,9;2,2;
2021/08/19;1800 UTC;0;939;940;939;2385,5;31,6;8,6;32,3;30,7;9,8;8,6;27;24;24;64;6,2;2,1;
2021/08/19;1900 UTC;0;938,4;939;938,4;1829,8;31,7;8,3;32,7;31,4;9;7,8;25;22;24;64;7,3;2,2;
2021/08/19;2000 UTC;0;938,4;938,4;938;1089,3;30,8;7,5;31,8;30,8;8,5;7,4;25;23;23;69;13,5;2,3;
2021/08/19;2100 UTC;0;938,6;938,6;938,4;249,7;29,5;8;30,8;29,5;8;7,2;26;23;26;50;4,7;1,3;
2021/08/19;2200 UTC;0;938,8;938,8;938,6;7,3;28,2;7,4;29,5;28,1;8,1;7,4;27;26;27;61;4,2;1,6;
2021/08/19;2300 UTC;0;939;939;938,8;;27,4;7,4;28,2;27,3;7,5;7,3;28;27;28;40;3,6;1,1;
2021/08/20;0000 UTC;0;939,2;939,2;939;;26,8;7,7;27,4;26,7;7,7;7,3;30;28;30;21;2,7;1,1;
2021/08/20;0100 UTC;0;939,5;939,5;939,2;;26,2;8;26,8;25,8;8;7,7;32;30;31;32;2,7;1,2;
2021/08/20;0200 UTC;0;939,6;939,6;939,4;;25,9;7,8;26,6;25,7;8;7,7;32;31;32;19;3,1;1,2;
2021/08/20;0300 UTC;0;939,7;939,8;939,5;;25,1;8,1;25,9;24,4;8,2;7,7;36;32;34;39;6,1;1,5;
2021/08/20;0400 UTC;0;939,7;939,8;939,7;;25,3;7,5;25,8;25,1;8,1;7,4;34;32;32;35;4;1,4;
2021/08/20;0500 UTC;0;939,5;939,7;939,3;;25,3;6,9;25,6;25,1;7,5;6,8;32;31;31;51;5,9;2,2;
2021/08/20;0600 UTC;0;939,3;939,5;939,3;;24,1;7,5;25,5;23,9;7,6;6,8;35;30;35;48;7,6;3;
2021/08/20;0700 UTC;0;938,9;939,3;938,9;;22,4;7,8;24,1;22,4;7,8;7,5;39;35;39;49;7,2;3;
2021/08/20;0800 UTC;0;938,8;938,9;938,8;;21,9;8;22,4;21,8;8,1;7,8;41;39;41;45;6,6;2,8;
2021/08/20;0900 UTC;0;939,2;939,3;938,8;;21,7;8,4;21,9;21,5;8,4;8;43;41;43;43;7,1;2,7;
2021/08/20;1000 UTC;0;940,1;940,1;939,2;;21,5;8,9;21,7;21,1;8,9;8,4;45;43;45;43;7,8;2,8;
2021/08/20;1100 UTC;0;940,9;940,9;940,1;274;22,1;9;22,1;21,3;9;8,8;45;43;43;48;7,8;3,2;
2021/08/20;1200 UTC;0;941,5;941,6;940,9;994,1;23,1;9,3;23,2;22;9,3;9;43;41;41;44;8,9;3;
2021/08/20;1300 UTC;0;942,2;942,2;941,5;1709,1;24,7;9,4;24,8;23,1;9,6;9,1;41;38;38;20;9;3,2;
2021/08/20;1400 UTC;0;942,4;942,5;942,2;2273,6;26,3;9,8;26,3;24,6;9,8;9,2;38;35;35;33;8,3;3,5;
2021/08/20;1500 UTC;0;941,8;942,4;941,8;2644,3;28,7;9,5;28,8;26,3;10;9,2;35;30;30;24;7,5;2,8;
2021/08/20;1600 UTC;0;940,7;941,8;940,6;2771,1;30,3;8,5;30,3;28,5;9,9;7,8;31;25;26;37;6,9;2,4;
2021/08/20;1700 UTC;0;939,4;940,7;939,4;2668,7;30,5;5,2;31,6;29,7;8,4;5;26;20;20;18;5,4;1,7;
2021/08/20;1800 UTC;0;938,3;939,4;938,3;2438;30,9;4,1;31,4;30,5;5,8;4;21;18;18;33;7,2;1,9;
2021/08/20;1900 UTC;0;937,8;938,3;937,8;1869,6;30,6;5,5;32,4;30,5;5,9;3,8;21;17;21;98;5;2,2;
2021/08/20;2000 UTC;0;938,1;938,1;937,8;1129;30,4;4,9;31,5;30,4;5,9;4,5;21;19;20;357;5,7;1,2;
2021/08/20;2100 UTC;0;938,5;938,5;938,1;270;29;5,5;30,4;29;5,6;5,1;23;20;23;33;4,2;1,5;
2021/08/20;2200 UTC;0;939,2;939,2;938,5;7;26,4;5,7;29;26,4;5,8;5,3;27;23;27;24;2,9;1;
2021/08/20;2300 UTC;0;939,7;939,7;939,2;;26,3;4,9;27,4;26,2;5,4;4,8;27;24;25;21;3,8;1,3;
2021/08/21;0000 UTC;0;940,4;940,4;939,7;;25,6;4,7;26,4;25,6;4,9;4,5;26;25;26;40;2,9;1,2;
2021/08/21;0100 UTC;0;940,9;940,9;940,4;;25,3;4,6;25,7;24,8;5;4,5;27;26;26;27;2,7;1,1;
2021/08/21;0200 UTC;0;941,4;941,4;940,9;;25,4;4,4;25,4;24,4;4,8;4,4;28;26;26;23;3;1,5;
2021/08/21;0300 UTC;0;941,6;941,6;941,3;;25,1;3,9;25,6;25,1;4,4;3,8;26;25;25;26;3,7;1,4;
2021/08/21;0400 UTC;0;941,5;941,6;941,5;;25;4,3;25,2;24,8;4,3;4;26;25;26;31;3,8;1,6;
2021/08/21;0500 UTC;0;940,8;941,5;940,7;;24,3;4,9;25;24,2;4,9;4,3;29;26;29;35;4;1,7;
2021/08/21;0600 UTC;0;940,5;940,8;940,5;;24,3;5;24,3;23,9;5,1;4,9;29;29;29;36;4,3;2;
2021/08/21;0700 UTC;0;940,2;940,5;940,2;;23,9;4,8;24,5;23,9;5;4,8;29;28;29;32;4,7;1,6;
2021/08/21;0800 UTC;0;940,2;940,3;940,2;;23,7;4,6;24,1;23,7;4,8;4,6;29;28;29;27;3,3;1,3;
2021/08/21;0900 UTC;0;940,7;940,7;940,2;;24,3;4,2;24,4;23,7;4,6;4,2;29;27;27;24;3,7;1,6;
2021/08/21;1000 UTC;0;941,7;941,7;940,7;;22,5;5,3;24,4;22;5,3;4,2;34;27;33;44;5,6;1,8;
2021/08/21;1100 UTC;0;942,4;942,4;941,7;194,8;23,2;6;23,2;22,5;6;5,3;33;32;33;39;5,4;1,6;
2021/08/21;1200 UTC;0;942,7;942,7;942,4;793,8;23,9;6,7;24,4;23,2;6,8;6;33;32;33;30;5,6;2,3;
2021/08/21;1300 UTC;0;943,1;943,1;942,7;1478,8;25,2;7,5;25,5;23,9;7,6;6,8;33;32;32;38;5,6;2,3;
2021/08/21;1400 UTC;0;943,1;943,1;943;2069,5;27,2;7,9;27,4;25,2;8,3;7,4;33;30;30;34;6,7;2,5;
2021/08/21;1500 UTC;0;942,6;943,1;942,6;2586,7;28,7;8,2;29,1;27;8,7;7,5;30;27;28;18;6;2,2;
2021/08/21;1600 UTC;0;941,5;942,6;941,5;2747,2;30;6,7;30,4;28,3;8,5;6,7;28;23;23;354;6,3;2;
2021/08/21;1700 UTC;0;940,2;941,5;940,2;2633,4;30,2;6,8;31,2;29,6;7,4;6,1;24;21;23;104;7,7;2,2;
2021/08/21;1800 UTC;0;939,2;940,3;939,2;2307,4;30,9;6,2;31,2;29,9;7,4;6,1;23;21;21;18;6,1;1,7;
2021/08/21;1900 UTC;0;938,7;939,2;938,7;1761,7;30,4;6,3;31;30,1;7,1;5,9;23;21;22;85;6,2;2,6;
2021/08/21;2000 UTC;0;938,5;938,7;938,4;1026,7;29,5;6,5;30,6;29,5;6,8;5,9;24;22;23;90;5,2;1,9;
2021/08/21;2100 UTC;0;938,6;938,6;938,4;268,4;27,8;6,2;29,5;27,8;6,6;6,1;25;23;25;85;5,5;1,5;
2021/08/21;2200 UTC;0;938,7;938,7;938,6;7,2;25,5;6,3;27,8;25,5;6,4;6,1;29;25;29;76;3;,6;
2021/08/21;2300 UTC;0;939,1;939,1;938,7;;26,3;6,2;26,3;24,6;6,4;6;31;28;28;117;2,9;1,5;
2021/08/22;0000 UTC;0;939,6;939,6;939,1;;24,6;6,7;26,4;24,5;6,9;6,1;32;28;32;86;3,1;,8;
2021/08/22;0100 UTC;0;939,8;939,8;939,6;;24,3;6,2;24,6;23,4;7,1;6,2;34;31;31;88;2,6;1;
2021/08/22;0200 UTC;0;940;940;939,7;;24,4;6,2;25,1;24;6,3;6,1;32;30;31;96;3,1;1,4;
2021/08/22;0300 UTC;0;940,1;940,1;940;;24,3;6,3;24,8;24,1;6,3;6,2;32;30;31;95;4,8;1,8;
2021/08/22;0400 UTC;0;939,7;940,1;939,7;;24,8;6,2;25,3;24,3;6,3;6,1;31;29;30;94;6,5;2;
2021/08/22;0500 UTC;0;939;939,7;939;;23,3;6,3;24,8;23,3;6,3;6,2;33;30;33;95;5;1,6;
2021/08/22;0600 UTC;0;938,5;939;938,5;;23,1;6;23,3;22,4;6,4;6;35;33;33;65;4,4;1,9;
2021/08/22;0700 UTC;0;938;938,5;938;;22,5;5,8;23,2;22,4;6;5,8;34;33;34;68;6,2;2,3;
2021/08/22;0800 UTC;0;938;938,1;937,9;;21,8;6;22,5;21,7;6,1;5,8;36;34;36;66;6,9;2,4;
2021/08/22;0900 UTC;0;938,1;938,1;938;;21,8;6,3;22;21,7;6,3;6;37;36;37;60;7,7;3,6;
2021/08/22;1000 UTC;0;938,6;938,6;938,1;;21,3;6,6;21,8;21,3;6,6;6,3;38;37;38;51;7,7;3,2;
2021/08/22;1100 UTC;0;939,1;939,1;938,5;278,4;22,3;7;22,3;21,2;7;6,6;39;37;37;48;7;3,3;
2021/08/22;1200 UTC;0;939,7;939,7;939,1;1070,8;23,6;7,1;23,9;22,3;7,2;6,9;37;34;35;48;9,1;3,9;
2021/08/22;1300 UTC;0;940;940;939,6;1851,7;25;7,6;25,5;23,4;7,9;7;35;32;33;45;9,1;3,4;
2021/08/22;1400 UTC;0;940,3;940,3;940;2457,4;27,4;7,9;27,9;24,9;8,3;7,5;33;28;29;34;8;2,5;
2021/08/22;1500 UTC;0;940;940,3;940;2827;29,2;7,7;29,4;27,3;8,3;7,5;30;26;26;40;7,6;2,5;
2021/08/22;1600 UTC;0;939,1;940;939,1;2925,2;30,6;6,2;31,3;28,9;8;6,1;26;21;22;336;8,1;2,7;
2021/08/22;1700 UTC;0;938,1;939,1;938,1;2836,4;31;6;31,4;29,9;6,8;5,7;23;20;21;24;7,3;2,6;
2021/08/22;1800 UTC;0;936,9;938,1;936,9;2491,7;31,5;6,1;31,9;30,2;6,6;5,5;22;20;20;312;7,8;1,5;
2021/08/22;1900 UTC;0;936,3;936,9;936,3;1911,5;31,4;6,5;32;30,7;6,7;5,7;21;20;21;5;7,1;1,5;
2021/08/22;2000 UTC;0;936,2;936,4;936,2;1191,2;30,4;6,6;31,6;30,3;6,9;6,1;23;21;23;63;5,7;1,5;
2021/08/22;2100 UTC;0;936,3;936,3;936,1;317;28,5;6,7;30,5;28,5;6,8;6,1;25;22;25;64;5,7;1,6;
2021/08/22;2200 UTC;0;936,5;936,5;936,3;8,8;27,3;6,7;28,5;27,3;6,8;6,6;27;25;27;66;4,7;2;
2021/08/22;2300 UTC;0;937;937;936,5;;26,4;6,8;27,3;26,4;6,9;6,7;29;27;29;51;4,4;1,7;
2021/08/23;0000 UTC;0;937,4;937,4;937;;26,4;6,6;26,5;26,2;6,9;6,6;29;28;28;59;4,2;1,7;
2021/08/23;0100 UTC;0;937,6;937,6;937,4;;25,7;6,7;26,4;25,7;6,7;6,6;30;28;30;48;3,8;1,4;
2021/08/23;0200 UTC;0;937,6;937,6;937,6;;25,2;6,6;25,7;25,2;6,7;6,5;30;30;30;41;3,7;1,3;
2021/08/23;0300 UTC;0;937,7;937,7;937,6;;25,1;6,5;25,5;25,1;6,6;6,5;31;30;30;36;3,9;1,5;
2021/08/23;0400 UTC;0;937,5;937,7;937,4;;24,8;6,3;25,2;24,7;6,6;6,3;31;30;31;39;3,8;1,7;
2021/08/23;0500 UTC;0;937;937,5;937;;24,7;6,5;24,8;24,6;6,5;6,3;31;30;31;44;4,5;2;
2021/08/23;0600 UTC;0;936,5;937,1;936,5;;24,3;6,6;24,7;24,3;6,7;6,5;32;31;32;49;4,7;1,7;
2021/08/23;0700 UTC;0;935,9;936,6;935,9;;24,3;6,5;24,5;24,1;6,7;6,5;33;32;32;44;4,4;1,6;
2021/08/23;0800 UTC;0;935,9;936;935,9;;24;6,7;24,6;24;6,7;6,4;33;31;33;49;5,8;2,2;
2021/08/23;0900 UTC;0;936,1;936,2;935,9;;23,2;7,1;24;23,2;7,2;6,7;36;33;36;47;6,7;2,6;
2021/08/23;1000 UTC;0;936,7;936,8;936,1;;22,2;7,6;23,2;22,1;7,6;7,1;39;36;39;50;7,6;2,9;
2021/08/23;1100 UTC;0;937,7;937,7;936,8;298,9;22,6;8;22,6;22,1;8;7,6;39;39;39;43;8,3;2,8;
2021/08/23;1200 UTC;0;938,4;938,5;937,7;1072,9;23,5;8,3;23,8;22,6;8,5;8;39;37;38;25;8,8;3,4;
2021/08/23;1300 UTC;0;938,9;939;938,4;1832,3;25,2;8,5;25,6;23,5;8,9;8,3;38;34;35;19;9,1;3,4;
2021/08/23;1400 UTC;0;938,8;939;938,8;2420,6;28,4;9;28,4;25,2;9,4;8,4;35;30;30;11;9,6;4,1;
2021/08/23;1500 UTC;0;938,4;938,8;938,3;2790,8;30,2;9;30,4;27,9;9,4;8,6;30;27;27;13;9;3,1;
2021/08/23;1600 UTC;0;937,5;938,4;937,5;2907,3;32,1;8,7;32,1;30,2;9,5;7,9;27;24;24;14;7,2;2,2;
2021/08/23;1700 UTC;0;936,2;937,5;936,1;2814,8;33;8,5;33;31,4;9,2;7,9;24;22;22;38;7,3;2,8;
2021/08/23;1800 UTC;0;935;936,2;935;2100;33,4;8,2;34;31,7;8,5;7,5;23;20;21;11;7,5;1,7;
2021/08/23;1900 UTC;0;934,4;935,1;934,4;1756,8;33,7;7;33,7;31,5;8,1;7;23;19;19;323;6,5;1,3;
2021/08/23;2000 UTC;0;934,3;934,4;934,2;772,1;31,4;7;33,6;31,3;7,6;6,5;23;19;22;317;4,9;1,4;
2021/08/23;2100 UTC;0;934,4;934,4;934,2;330,3;30;7,3;32,4;29,9;7,6;7;25;21;24;348;2,9;,7;
2021/08/23;2200 UTC;0;934,8;934,8;934,4;10,1;28,7;7,7;30,1;28,3;7,9;7,2;28;24;27;27;2,8;,9;
2021/08/23;2300 UTC;0;935,1;935,1;934,8;;28,5;7,7;29,1;28,5;7,7;7,5;27;26;27;38;2,6;1,1;
2021/08/24;0000 UTC;0;935,6;935,6;935,1;;27,6;7,9;28,5;27,6;7,9;7,7;29;27;29;39;3,7;1,6;
2021/08/24;0100 UTC;0;935,9;935,9;935,6;;27,8;7,7;27,8;27,6;7,9;7,7;29;28;28;40;3,6;1,9;
2021/08/24;0200 UTC;0;936,1;936,1;935,9;;27,4;7,6;28;27,4;7,8;7,6;29;28;29;37;4,5;1,9;
2021/08/24;0300 UTC;0;936,1;936,2;936,1;;27;7,6;27,5;27;7,7;7,5;29;29;29;37;4,8;1,7;
2021/08/24;0400 UTC;0;935,9;936,2;935,9;;27,2;7,4;27,2;26,6;7,6;7,3;30;29;29;50;6;2,5;
2021/08/24;0500 UTC;0;935,6;936;935,6;;26,6;7,4;27,2;26,6;7,4;7,3;30;29;30;57;6;2,1;
2021/08/24;0600 UTC;0;935,1;935,7;935,1;;26,3;7,3;26,7;26,2;7,5;7,2;30;29;30;46;7,5;2,3;
2021/08/24;0700 UTC;0;934,7;935,1;934,7;;25,9;7,1;26,4;25,9;7,3;7,1;30;30;30;54;6,6;2,8;
2021/08/24;0800 UTC;0;934,7;934,7;934,6;;25,2;7,1;26;25,1;7,1;7;32;30;31;44;7;2,6;
2021/08/24;0900 UTC;0;935,2;935,2;934,7;;25,1;6,9;25,3;24,8;7,1;6,9;32;31;31;49;6,9;3,3;
2021/08/24;1000 UTC;0;936,1;936,1;935,2;;24,2;6,9;25,1;24,2;6,9;6,7;33;31;33;51;7,2;2,7;
2021/08/24;1100 UTC;0;936,9;936,9;936,1;298,3;24,6;7,4;24,6;23,8;7,4;6,9;34;33;33;48;7,5;3,3;
2021/08/24;1200 UTC;0;937,7;937,8;936,9;934,9;25,4;8,2;25,4;24,2;8,3;7,4;35;33;34;44;7,5;2,9;
2021/08/24;1300 UTC;0;938,2;938,2;937,7;1686,7;26,7;8,7;27,3;25,4;8,9;8,1;34;31;32;34;7,4;2,4;
2021/08/24;1400 UTC;0;937,8;938,2;937,8;2409,3;29,3;9,4;29,4;26,6;9,7;8,7;33;29;29;32;6,9;3;
2021/08/24;1500 UTC;0;937,3;937,8;937,3;2841,5;31;9,5;31;29,2;9,7;8,7;29;26;27;8;8,3;3,7;
2021/08/24;1600 UTC;0;936,2;937,3;936,2;2839,4;32,9;8,7;32,9;30,9;9,7;8,1;27;22;22;13;9,6;3,3;
2021/08/24;1700 UTC;0;935,1;936,2;935,1;2733,2;34;8,1;34;32,1;8,8;7,1;23;20;20;13;8,7;2,6;
2021/08/24;1800 UTC;0;934,2;935,1;934,2;2425,8;34,5;7,9;34,6;33,4;8,2;7,3;21;19;19;346;8,4;3;
2021/08/24;1900 UTC;0;933,6;934,2;933,6;1822,5;33,9;8,2;34,5;33,3;8,3;7,3;21;19;21;332;8,4;2,4;
2021/08/24;2000 UTC;0;933,6;933,6;933,4;916,9;32,6;8,1;34,2;32,6;8,6;7,9;22;20;22;1;8;2,4;
2021/08/24;2100 UTC;0;933,8;933,8;933,5;244,3;31,4;8,4;32,6;31,4;8,4;8;24;22;24;12;7,1;1,2;
2021/08/24;2200 UTC;0;934,1;934,2;933,8;8;30,2;8,4;31,5;30,2;8,6;8,4;26;24;26;15;4,5;1,6;
2021/08/24;2300 UTC;0;934,7;934,7;934,2;;29,9;8,6;30,4;29,6;8,6;8,4;27;26;26;10;4,5;1,9;
2021/08/25;0000 UTC;0;935,2;935,2;934,7;;28,8;9;29,9;28,6;9;8,6;29;26;29;10;4,3;1,4;
2021/08/25;0100 UTC;0;935,4;935,4;935,2;;28,4;8,9;28,8;28;8,9;8,8;30;29;30;35;3,5;1,5;
2021/08/25;0200 UTC;0;935,5;935,5;935,3;;28,3;8,7;28,6;28,3;8,9;8,7;30;29;29;31;3,8;1,6;
2021/08/25;0300 UTC;0;935,8;935,8;935,5;;27,6;7,8;28,4;27,6;8,8;7,8;30;29;29;31;5,3;1,9;
2021/08/25;0400 UTC;0;935,5;935,8;935,5;;27,2;7,6;27,9;27,2;7,9;7,5;29;28;29;37;5,3;2,1;
2021/08/25;0500 UTC;0;935;935,5;935;;27;7,4;27,3;27;7,6;7,4;29;29;29;33;5,6;1,7;
2021/08/25;0600 UTC;0;934,4;935;934,4;;27,1;7,3;27,2;26,8;7,5;7,3;29;28;29;25;4,8;2;
2021/08/25;0700 UTC;0;934,2;934,4;934,1;;25,9;7,4;27,2;25,9;7,4;7,3;31;28;31;34;6,1;2;
2021/08/25;0800 UTC;0;934;934,2;934;;24,6;7,7;25,9;24,4;7,7;7,4;34;31;34;48;8,6;3,1;
2021/08/25;0900 UTC;0;934,2;934,2;934;;23,9;7,6;24,6;23,9;7,7;7,6;35;34;35;43;7,9;3,5;
2021/08/25;1000 UTC;0;934,3;934,3;934,1;;23,3;7,8;23,9;23,3;7,8;7,6;37;35;37;42;8,7;3,7;
2021/08/25;1100 UTC;0;935;935;934,3;264,5;23,8;8,1;23,8;23,3;8,1;7,8;37;36;37;37;9,1;3,7;
2021/08/25;1200 UTC;0;935,8;935,8;935;991,5;25,3;8,7;25,3;23,8;8,7;8,1;37;35;35;12;9,3;3,3;
2021/08/25;1300 UTC;0;936,6;936,6;935,7;1834,2;27,4;9,2;27,4;25,2;9,4;8,4;35;32;32;5;9,3;2,7;
2021/08/25;1400 UTC;0;936,7;936,9;936,6;2199;29,8;9;29,9;26,8;9,6;8,8;33;27;27;11;9,4;3,3;
2021/08/25;1500 UTC;0;935,9;936,7;935,9;2721,7;31,7;9;32,2;29,8;9,7;8,4;28;24;25;1;9,3;3,7;
2021/08/25;1600 UTC;0;935,1;935,9;935;2770,9;33,5;8,5;33,8;31,7;9,7;8,2;25;21;21;341;10,6;3,3;
2021/08/25;1700 UTC;0;934,2;935,1;934,1;2683,9;34;8,7;34,7;33,3;9,1;7,9;22;20;21;357;10,2;3,5;
2021/08/25;1800 UTC;0;933,1;934,2;933,1;2246,3;34,4;8,5;35,1;33,7;9,3;8,4;22;20;20;314;8,8;3,2;
2021/08/25;1900 UTC;0;932,8;933,1;932,8;1812,6;34,5;8,5;35,3;33,6;9,2;8,2;22;19;20;313;8,3;2,7;
2021/08/25;2000 UTC;0;932,9;932,9;932,6;947,7;32,8;8,9;34,6;32,7;9;7,9;23;20;23;329;9,6;2,2;
2021/08/25;2100 UTC;0;933,1;933,1;932,9;319,7;31,7;8,6;33;31,7;8,8;8,5;24;22;24;1;6,6;2;
2021/08/25;2200 UTC;0;933,4;933,5;933,1;7,9;30,4;8,6;31,7;30,4;8,7;8,6;26;24;26;4;5,6;1,8;
2021/08/25;2300 UTC;0;933,8;933,8;933,4;;30;8,6;30,4;29,8;8,8;8,6;27;26;26;14;4,9;2,1;
2021/08/26;0000 UTC;0;934,4;934,4;933,8;;30,2;8,6;30,2;29,7;8,7;8,5;27;26;26;11;5;2,1;
2021/08/26;0100 UTC;0;934,7;934,7;934,4;;28,7;8,6;30,2;28,7;8,7;8,6;28;26;28;10;5;1,7;
2021/08/26;0200 UTC;0;934,9;934,9;934,7;;28,4;8,6;28,8;28,2;8,7;8,6;29;28;29;23;4,6;1,8;
2021/08/26;0300 UTC;0;934,8;934,9;934,8;;27,9;8,4;28,4;27,8;8,6;8,4;30;29;29;16;5,1;1,7;
2021/08/26;0400 UTC;0;934,5;934,8;934,4;;27,8;7,9;28,1;27,6;8,4;7,9;29;28;29;6;5,5;2,1;
2021/08/26;0500 UTC;0;934,1;934,5;934,1;;27,9;7,9;27,9;27,6;8;7,7;29;28;28;359;5,1;2;
2021/08/26;0600 UTC;0;934,3;934,3;933,9;;25,9;8,1;28;25,9;8,2;7,8;32;28;32;283;5;2,1;
2021/08/26;0700 UTC;0;933,9;934,4;933,9;;24,9;8,5;25,9;24,5;8,7;8,2;36;32;35;292;5,8;1,7;
2021/08/26;0800 UTC;0;934,3;934,4;933,9;;24,1;9,2;25,6;24,1;9,3;8,4;39;34;39;265;8,6;2,4;
2021/08/26;0900 UTC;0;934,7;934,7;934,3;;22;11;24,1;21,9;11,1;9,4;50;39;50;244;5,8;,8;
2021/08/26;1000 UTC;0;935,4;935,4;934,7;1,1;21,9;12,6;22;21,2;12,6;11;56;50;56;207;3,3;,9;
2021/08/26;1100 UTC;0;936,1;936,1;935,4;197,9;23,1;13,5;23,1;21,7;13,5;12,6;57;55;55;217;3,5;1,3;
2021/08/26;1200 UTC;0;937,5;937,5;936,1;848,3;24,8;13,2;25,1;23,1;13,5;13,1;55;48;49;244;5,3;2;
2021/08/26;1300 UTC;0;938,1;938,1;937,5;1577,1;25,1;14;25,3;24,1;14,4;13,2;53;49;50;220;8,7;2,8;
2021/08/26;1400 UTC;0;938,4;938,5;938,1;2164,7;27,2;13,9;27,3;25,1;14,2;13,3;50;44;44;212;8,7;2;
2021/08/26;1500 UTC;0;938,1;938,5;938,1;2521,7;28,6;14,2;28,7;26,7;14,5;13,7;46;41;41;200;7,4;2;
2021/08/26;1600 UTC;0;937,4;938,2;937,4;2595,3;29,4;14,2;29,8;27,6;14,8;13,4;43;39;39;178;7,1;2;
2021/08/26;1700 UTC;0;936,5;937,4;936,5;2396,5;29;13,7;29,7;28,3;14,4;13,7;41;39;39;190;6;1,6;
2021/08/26;1800 UTC;0;936,1;936,7;936;2191,6;29,6;12,7;30,5;28,5;14,3;12,4;40;35;36;172;7,4;1,9;
2021/08/26;1900 UTC;0;936;936,1;935,9;1607,2;28,8;13;29,8;28,6;13,6;12,6;39;35;38;173;5,9;1,7;
2021/08/26;2000 UTC;0;936,5;936,5;936;914,7;27,2;12,4;29,1;27,2;13,3;12,3;40;37;40;180;5,3;1,4;
2021/08/26;2100 UTC;0;937,3;937,3;936,5;243,7;25,5;11,4;27,2;25,5;12,4;11,4;42;40;41;206;4,8;1;
2021/08/26;2200 UTC;0;937,7;937,7;937,3;11,6;23,9;11;25,5;23,9;11,4;10,9;44;41;44;189;4,1;,7;
2021/08/26;2300 UTC;0;938,2;938,3;937,7;;23,3;11;23,9;22,9;11,3;11;48;44;46;176;3,4;,6;
2021/08/27;0000 UTC;0;938,5;938,5;938,2;;22;10,8;23,8;22;11;10,5;49;43;49;181;4,6;,8;
2021/08/27;0100 UTC;0;938,9;939;938,5;;22;11,1;22,4;21,8;11,1;10,8;50;48;50;200;5,5;1;
2021/08/27;0200 UTC;0;939,4;939,4;938,9;;19,9;13,6;22;19,9;13,6;11,1;67;50;67;171;4,8;1,3;
2021/08/27;0300 UTC;0;939,7;939,7;939,4;;19,8;13,2;20;19,7;13,8;13;69;64;66;195;6;1;
2021/08/27;0400 UTC;0;939,9;939,9;939,6;;19,3;13,2;19,8;19,3;13,3;13,1;68;66;68;190;5,4;1,1;
2021/08/27;0500 UTC;0;939,5;939,9;939,3;;18,8;12,9;19,3;18,8;13,2;12,9;69;68;69;173;5,2;1,5;
2021/08/27;0600 UTC;0;939,2;939,5;938,8;;18,4;12,9;18,8;18,4;12,9;12,6;70;68;70;171;5,5;1,5;
2021/08/27;0700 UTC;0;938,9;939,2;938,8;;18,2;13,3;18,4;18,1;13,3;12,8;73;70;73;165;5,3;1,5;
2021/08/27;0800 UTC;0;938,8;938,9;938,6;;17,8;13,7;18,2;17,5;13,7;13,2;77;73;77;159;6;2,1;
2021/08/27;0900 UTC;0;938,9;938,9;938,6;;17,8;14;17,9;17,6;14;13,7;78;77;78;155;6;1,7;
2021/08/27;1000 UTC;0;939,9;939,9;938,8;;17,9;14,6;18;17,7;14,6;14;81;78;81;153;5,6;1,7;
2021/08/27;1100 UTC;0;941;941;939,8;117,2;18,1;15,4;18,1;17,9;15,4;14,6;84;81;84;150;5,8;2;
2021/08/27;1200 UTC;0;941,3;941,3;941;485,5;19,3;15,8;19,3;18,1;15,9;15,4;84;80;80;146;5,5;2,4;
2021/08/27;1300 UTC;0;941,7;941,7;941,3;809,4;20,6;15,8;20,6;19,2;16,1;15,5;80;74;74;150;5,8;2,2;
2021/08/27;1400 UTC;0;941,5;941,8;941,4;749,4;20,1;15;21,2;20,1;16;14,9;74;70;72;149;6,8;2,7;
2021/08/27;1500 UTC;0;942,4;942,6;941,5;406,3;21,1;15,5;21,1;20;15,7;14,9;74;70;70;149;6,8;1,3;
2021/08/27;1600 UTC;0;942,2;942,4;942,1;1207,2;22,3;14,9;23;20,9;15,9;14,7;70;61;63;193;4,6;1,1;
2021/08/27;1700 UTC;0;941,9;942,5;941,9;1129,2;21,8;14,5;22,8;21,7;14,9;14,3;65;60;63;160;7;2,5;
2021/08/27;1800 UTC;0;941,4;942;941,4;1628,4;21,9;14,1;22,4;21,4;14,7;13,9;63;60;62;162;8,1;2,6;
2021/08/27;1900 UTC;0;941;941,4;940,9;1275,9;20,4;14,1;23;19,9;14,5;13,6;68;58;67;146;9,3;3,5;
2021/08/27;2000 UTC;0;941,9;941,9;941;760,2;20;14,1;21,3;20;14,4;13,7;69;63;69;170;9,3;2,1;
2021/08/27;2100 UTC;0;943,3;943,4;941,9;123;18,2;13,8;20;18,2;14,2;13,8;76;69;76;169;7,8;2,4;
2021/08/27;2200 UTC;0;942,3;943,4;942,3;7,6;16,9;13,4;18,2;16,9;13,8;13,4;80;75;80;160;9,2;2,7;
2021/08/27;2300 UTC;0;942,3;942,6;941,9;;16,8;13,1;16,9;16,6;13,3;13,1;80;78;78;140;8,9;3,7;
2021/08/28;0000 UTC;0;942,2;942,3;942;;17,1;12,8;17,2;16,7;13;12,8;79;75;76;142;11;4;
2021/08/28;0100 UTC;0;942,6;942,6;942,1;;16,9;12,7;17,4;16,9;12,8;12,7;76;74;76;147;9,1;3,4;
2021/08/28;0200 UTC;0;943,3;943,3;942,6;;16,4;12,7;16,9;16,4;12,8;12,7;79;76;79;155;9,3;3,1;
2021/08/28;0300 UTC;0;944,1;944,2;943,2;;16,7;12,5;16,8;16,4;12,7;12,5;79;76;76;159;8,3;2,6;
2021/08/28;0400 UTC;0;944,1;944,1;943,4;;17;12,4;17,4;16,7;12,5;12,3;76;72;74;188;9,7;1,6;
2021/08/28;0500 UTC;0;944,5;944,6;943,8;;16,3;12,8;17;16,3;12,8;12,3;80;74;80;186;7,6;1,1;
2021/08/28;0600 UTC;2;946,3;946,4;944,5;;14,4;14,1;16,3;14,4;14,1;12,6;98;79;98;178;5,7;1,3;
2021/08/28;0700 UTC;1,4;945,3;946,3;945,1;;14,4;14,3;14,5;14,2;14,4;14;100;98;99;183;9;1,6;
2021/08/28;0800 UTC;1,2;944,7;945,3;944,1;;14,4;14,2;14,6;14,4;14,4;14,2;99;98;99;140;6;2,2;
2021/08/28;0900 UTC;1;944,7;944,8;944;;14,8;14,4;14,9;14,4;14,5;14,2;99;97;97;97;5,9;1,8;
2021/08/28;1000 UTC;,2;945,1;945,3;944,6;;15,3;14,8;15,3;14,6;14,8;14,4;99;97;97;55;3,3;2;
2021/08/28;1100 UTC;,4;944,2;945,1;944,2;16,4;15,1;14,7;15,4;15,1;14,8;14,5;98;95;97;64;6,6;3,1;
2021/08/28;1200 UTC;,4;944,1;944,6;944,1;108,7;15,1;14,7;15,2;14,9;14,7;14,6;98;96;98;44;11,7;5,2;
2021/08/28;1300 UTC;0;944,4;944,4;943,2;166,9;15,6;14,6;15,6;15;14,7;14,5;98;94;94;62;14,4;4,1;
2021/08/28;1400 UTC;0;945,3;945,4;944,4;567,5;16,8;15,4;16,8;15,6;15,7;14,5;94;90;91;133;8,5;1,9;
2021/08/28;1500 UTC;0;945,6;945,9;945,2;1434,7;18,8;16,7;19;16,8;17,1;15,3;92;83;88;122;4,9;1,6;
2021/08/28;1600 UTC;0;944,9;945,6;944,8;1537,9;19,8;16,9;20;18,2;16,9;15;88;77;83;126;5,9;2,8;
2021/08/28;1700 UTC;,2;943,7;944,9;943,7;1590,3;20,1;15,7;20,6;19,4;16,4;15,3;83;74;76;108;9;3,2;
2021/08/28;1800 UTC;0;943,3;943,7;943,2;1726,6;21,6;15,8;21,6;20;16,1;15,2;77;69;70;113;6,9;2,9;
2021/08/28;1900 UTC;0;943;943,3;942,9;1508,4;21,8;15,6;21,8;20,5;15,8;14,9;71;68;68;119;7,8;2,5;
2021/08/28;2000 UTC;0;942,8;943;942,8;847,8;20,6;15,2;21,8;20,6;15,9;15,2;73;68;71;117;7;3,2;
2021/08/28;2100 UTC;0;943,4;943,4;942,8;291,5;20,1;15;20,7;20,1;15,9;15;74;71;73;120;6,6;2,8;
2021/08/28;2200 UTC;0;944,2;944,3;943,4;10,5;19,5;15;20,1;19,4;15,3;14,9;76;73;75;143;6,5;2,5;
2021/08/28;2300 UTC;0;943,8;944,2;943,6;;18,9;14,4;19,5;18,9;15;14,4;76;74;75;110;8,7;3,6;
2021/08/29;0000 UTC;0;944,8;944,8;943,3;;18,3;14,5;18,9;18,3;14,5;14,3;79;75;79;128;9;3,3;
2021/08/29;0100 UTC;0;945,9;946,1;944,8;;17,5;15;18,3;17,4;15,1;14,5;87;79;86;142;8,2;2,2;
2021/08/29;0200 UTC;1;945,2;946,1;945,2;;16,7;15,2;17,5;16,4;15,5;15;94;85;91;110;7,5;3,7;
2021/08/29;0300 UTC;,2;946,1;946,1;945;;17,1;15,2;17,3;16,6;15,3;15;92;86;89;120;7,5;2,2;
2021/08/29;0400 UTC;,2;946,8;947,1;946,1;;16,1;15,9;17,1;16,1;15,9;15,2;99;89;99;276;8,5;,8;
2021/08/29;0500 UTC;0;945,8;946,8;945,8;;15,8;15,8;16,1;15,7;15,9;15,7;100;99;100;161;3,2;1,3;
2021/08/29;0600 UTC;,2;945,9;946,2;945,6;;15,7;15,7;15,9;15,7;15,9;15,7;100;100;100;155;3,6;1,5;
2021/08/29;0700 UTC;0;945,2;945,9;945,2;;15,5;15,5;15,8;15,5;15,8;15,5;100;100;100;159;4,2;1,5;
2021/08/29;0800 UTC;0;945,1;945,4;944,9;;15,3;15,3;15,5;15,2;15,4;15,2;100;100;100;143;3,8;1,6;
2021/08/29;0900 UTC;,6;945,4;945,4;944,9;;15,2;15,2;15,3;15,1;15,3;15,1;100;100;100;146;3,6;1,3;
2021/08/29;1000 UTC;,2;944,8;945,4;944,8;;15,3;14,9;15,3;15,1;15,2;14,9;100;98;98;102;5,5;2,6;
2021/08/29;1100 UTC;0;944,9;945,2;944,4;60,1;15,1;15;15,6;15;15,1;14,8;100;96;100;133;7,4;2,6;
2021/08/29;1200 UTC;0;946,4;946,4;944,9;196,3;15,8;15,4;15,8;15;15,4;15;100;97;98;162;5,9;1,9;
2021/08/29;1300 UTC;0;946,5;946,8;946,1;1236,7;17,9;16,2;18,1;15,7;16,8;15,1;98;86;90;130;6,4;2,5;
2021/08/29;1400 UTC;0;946,4;946,5;946,3;1685,7;19,8;16,5;19,8;17,9;17,1;15,7;90;80;81;133;4,7;2,3;
2021/08/29;1500 UTC;0;946,2;946,5;946,2;1928,8;21,9;16,6;21,9;19,8;17,7;16,1;83;72;72;139;5,6;2,7;
2021/08/29;1600 UTC;0;945,4;946,2;945,4;2735,8;24,4;16,1;24,4;21,4;17,4;15,4;75;60;60;143;5,4;2,1;
2021/08/29;1700 UTC;0;944,3;945,4;944,3;2415,6;24,3;15,1;25,9;23,2;16,6;14,9;63;53;57;144;5;1,7;
2021/08/29;1800 UTC;0;943,6;944,4;943,6;2251,6;25,8;14,9;26,4;24;16,2;14,6;60;49;51;147;4,7;1,8;
2021/08/29;1900 UTC;0;943,2;943,7;943,2;1005,8;24,4;14,9;25,8;24,1;15,1;14;56;51;56;130;5,2;2;
2021/08/29;2000 UTC;0;943,4;943,5;943,2;590,6;24;14,2;24,6;24;15,1;14,2;56;53;55;124;5,2;1,8;
2021/08/29;2100 UTC;0;943,2;943,5;943,1;220;22,6;14,8;24;22,6;14,9;14,2;61;55;61;137;4,3;1,4;
2021/08/29;2200 UTC;0;943,7;943,8;943,2;11,1;21,2;15,6;22,7;21,2;15,9;14,7;71;61;70;170;3,8;,9;
2021/08/29;2300 UTC;0;944;944,1;943,5;;20,2;15,3;21,2;20,2;15,7;15,3;74;70;73;151;7;2,3;
2021/08/30;0000 UTC;0;944,7;944,7;944;;18,8;14,9;20,2;18,8;15,4;14,9;78;73;78;154;7,5;2,2;
2021/08/30;0100 UTC;0;945,1;945,1;944,7;;17,9;14,7;18,8;17,9;15;14,7;82;78;82;148;6,3;2,6;
2021/08/30;0200 UTC;0;945,3;945,4;945,1;;17;14,3;17,9;17;14,7;14,3;84;81;84;156;7,1;2,7;
2021/08/30;0300 UTC;0;945;945,3;945;;16,3;14;17;16,2;14,3;14;87;84;87;154;7,1;2,4;
2021/08/30;0400 UTC;0;944,4;945;944,4;;16;13,8;16,3;15,8;14;13,8;88;86;87;165;7,7;2,4;
2021/08/30;0500 UTC;0;943,7;944,4;943,7;;15,5;13,8;16;15,4;13,9;13,7;90;87;89;165;8,3;2,3;
2021/08/30;0600 UTC;0;943,3;943,8;943,3;;15,4;13,6;15,5;15,3;13,8;13,5;90;88;89;151;9,1;3,3;
2021/08/30;0700 UTC;0;942,9;943,4;942,9;;15,3;13,5;15,5;15,2;13,6;13,5;90;89;89;154;9,9;3,1;
2021/08/30;0800 UTC;0;942,9;942,9;942,7;;15,2;13,6;15,3;15,1;13,6;13,5;91;89;90;162;9;3,2;
2021/08/30;0900 UTC;0;943,2;943,2;942,8;;15,1;13,6;15,2;15;13,6;13,5;91;90;91;155;11,1;3,5;
2021/08/30;1000 UTC;0;944;944;943,2;3,8;15,1;13,7;15,1;15;13,8;13,5;92;90;91;151;9,6;2,4;
2021/08/30;1100 UTC;0;944,3;944,4;944;405,9;16,5;13,7;16,6;15,1;13,9;13,6;91;84;84;126;10,7;3,7;
2021/08/30;1200 UTC;0;944,8;944,8;944,3;1229,6;18,5;13,7;18,7;16,4;14,2;13,6;85;73;74;133;9,7;3,7;
2021/08/30;1300 UTC;0;945,2;945,3;944,8;2011,7;20,8;14;21;18,4;14,5;13,4;75;64;65;127;9,7;3,4;
2021/08/30;1400 UTC;0;945,2;945,4;945,1;2632,6;23,7;13,7;23,8;20,9;14,6;13,4;65;53;53;127;8,7;3,4;
2021/08/30;1500 UTC;0;944,3;945,2;944,3;3020,3;24,8;13,6;24,8;22,7;14,2;13,2;57;50;50;105;8,5;4,4;
2021/08/30;1600 UTC;0;943,5;944,3;943,5;2991,4;26,4;13,4;26,7;24,3;14,4;13;52;44;45;100;8,7;2,7;
2021/08/30;1700 UTC;0;942,3;943,5;942,3;2850,1;27,3;12,7;27,4;25;13,9;12,7;47;41;41;84;8,2;3;
2021/08/30;1800 UTC;0;941,4;942,3;941,4;2125,6;27,7;12,8;28,1;25,3;13,7;12,1;45;38;40;106;6,5;2,7;
2021/08/30;1900 UTC;0;941,1;941,4;941;2160,7;27,5;11,6;28,3;27,1;13;11,6;40;37;37;122;6,8;3;
2021/08/30;2000 UTC;0;941;941,1;940,9;1174,4;26,5;11,6;28;26,2;12,4;11,2;41;36;40;98;7,1;2,4;
2021/08/30;2100 UTC;0;941,3;941,4;941;393,8;25,3;11,2;26,8;25,3;12,1;10,9;41;38;41;111;6,1;1,5;
2021/08/30;2200 UTC;0;941,7;941,7;941,3;12,2;24,4;12,1;25,4;24,4;12,1;11,2;46;41;46;101;5,1;2,2;
2021/08/30;2300 UTC;0;942;942;941,6;;23,3;12;24,4;23,3;12,4;12;50;46;49;123;5,8;2,5;
2021/08/31;0000 UTC;0;942,8;942,8;942;;21;13,4;23,3;21;13,4;12;62;49;62;152;10,5;2,7;
2021/08/31;0100 UTC;0;943,5;943,5;942,7;;19,1;14,1;21;19;14,2;13,5;73;62;73;144;7,4;2,4;
2021/08/31;0200 UTC;0;944;944,1;943,5;;17,9;13,9;19,1;17,9;14,1;13,8;77;73;77;152;7,4;2,7;
2021/08/31;0300 UTC;0;944,1;944,2;944;;16,7;14;17,9;16,7;14;13,8;84;77;84;162;8,2;2,4;
2021/08/31;0400 UTC;0;943,8;944,1;943,8;;16,5;13,8;16,7;16,3;14;13,8;86;84;84;167;9,7;2,6;
2021/08/31;0500 UTC;0;943,2;943,8;943,1;;16,2;13,4;16,5;16,1;13,8;13,4;85;83;84;161;9,1;2,7;
2021/08/31;0600 UTC;0;943;943,2;943;;15,9;13,3;16,2;15,8;13,4;13,2;85;84;84;152;10,1;2,7;
2021/08/31;0700 UTC;0;943;943,1;942,9;;15,7;13,2;15,9;15,5;13,3;13,1;85;84;85;139;10,1;3,2;
2021/08/31;0800 UTC;0;943,1;943,1;942,9;;15,5;13;15,7;15,3;13,1;12,9;86;84;85;135;11,3;3,2;
2021/08/31;0900 UTC;0;943,8;943,8;943,1;;15,2;12,9;15,5;15,2;13;12,8;86;84;86;146;10,6;2,7;
2021/08/31;1000 UTC;0;944,6;944,6;943,8;5;15;12,8;15,2;14,8;12,9;12,7;88;86;87;144;7,4;2,3;
2021/08/31;1100 UTC;0;945,4;945,4;944,6;418,9;16,5;12,9;16,5;15;13,1;12,7;87;79;79;136;7;2,7;
2021/08/31;1200 UTC;0;945,8;945,8;945,4;1253,7;18,4;12,8;18,7;16,4;13,1;12,7;80;69;70;120;8,7;3,3;
2021/08/31;1300 UTC;0;946;946;945,7;2036;21,3;13;21,4;18,4;13,2;12,4;70;58;59;114;8,6;3,8;
2021/08/31;1400 UTC;0;945,6;946,2;945,6;2675;23,5;12;24,1;20,9;13,4;11,7;59;48;48;112;8,6;3,5;
2021/08/31;1500 UTC;0;945,1;945,6;945;3073,9;25,6;11;25,8;23,4;12,3;10,8;48;40;40;97;9,5;4,5;
2021/08/31;1600 UTC;0;944,3;945,1;944,3;3218;26,1;9,7;27,1;25,1;11,5;9,7;41;35;35;91;10,2;4,1;
2021/08/31;1700 UTC;0;943,4;944,3;943,4;3122;27,2;9,9;27,4;26,1;11;8;38;30;34;106;8,5;3,4;
2021/08/31;1800 UTC;0;942,5;943,4;942,5;2755,8;27,8;8,1;28,4;26,9;9,7;8,1;34;29;29;116;8,4;3,7;
2021/08/31;1900 UTC;0;942;942,5;941,9;2165,6;27,8;8,3;28,8;27,5;9,4;6,9;31;27;29;127;7,3;2,9;
2021/08/31;2000 UTC;0;942;942,1;941,9;1401;27,1;7,4;28;27;8,6;7;30;28;29;127;7;2,8;
2021/08/31;2100 UTC;0;942,2;942,2;942;369,8;25,8;7,2;27,1;25,6;7,5;6,7;32;28;31;112;6,9;2,9;
2021/08/31;2200 UTC;0;942,4;942,4;942,1;11;24,2;5,9;25,8;24,2;7,2;5,9;31;30;31;102;7;2,3;
2021/08/31;2300 UTC;0;942,7;942,7;942,4;;22,7;7;24,3;22,5;7;5,9;36;31;36;122;4,9;1,4;
